APL9 苹果指数 日线 前复权
      日期	    开盘	    最高	    最低	    收盘	    成交量	    持仓量	    结算价
2017-12-25	7914	7932	7744	7745	402020	39960	0
2017-12-26	7773	7838	7744	7745	212976	33148	0
2017-12-27	7757	7790	7748	7750	84040	27898	0
2017-12-28	7762	7862	7761	7820	84978	23880	0
2017-12-29	7831	7836	7796	7799	32658	21360	0
2018-01-02	7804	7845	7804	7831	20890	18748	0
2018-01-03	7853	7855	7805	7805	22790	18496	0
2018-01-04	7811	7819	7799	7804	17852	17630	0
2018-01-05	7813	7844	7797	7822	11982	15898	0
2018-01-08	7824	7825	7781	7785	8846	15668	0
2018-01-09	7786	7794	7762	7762	73868	21970	0
2018-01-10	7757	7773	7739	7742	31506	21842	0
2018-01-11	7741	7763	7704	7706	45058	26154	0
2018-01-12	7680	7701	7665	7665	40790	29714	0
2018-01-15	7658	7678	7645	7656	27614	30834	0
2018-01-16	7659	7689	7605	7612	47184	34952	0
2018-01-17	7629	7630	7542	7547	94018	38946	0
2018-01-18	7557	7583	7543	7548	50958	40362	0
2018-01-19	7553	7580	7524	7538	60386	39484	0
2018-01-22	7550	7585	7548	7572	42872	38112	0
2018-01-23	7582	7609	7557	7571	55554	35746	0
2018-01-24	7577	7577	7545	7553	27950	36170	0
2018-01-25	7561	7574	7543	7544	28230	36718	0
2018-01-26	7549	7578	7548	7558	30770	34432	0
2018-01-29	7566	7566	7457	7458	58638	39614	0
2018-01-30	7453	7465	7422	7422	51896	43580	0
2018-01-31	7418	7452	7381	7399	89936	43898	0
2018-02-01	7413	7425	7356	7356	64172	45444	0
2018-02-02	7368	7386	7303	7306	103224	50498	0
2018-02-05	7299	7318	7265	7272	107520	56256	0
2018-02-06	7268	7310	7159	7162	126578	62632	0
2018-02-07	7172	7173	6846	6846	317480	87028	0
2018-02-08	6720	6734	6558	6641	468588	69546	0
2018-02-09	6675	6703	6592	6624	287276	74096	0
2018-02-12	6627	6754	6595	6605	309130	77172	0
2018-02-13	6620	6646	6558	6569	222968	76770	0
2018-02-14	6588	6603	6354	6396	276438	80350	0
2018-02-22	6376	6376	6315	6320	260624	101918	0
2018-02-23	6321	6670	6321	6665	578642	102746	0
2018-02-26	6758	6866	6692	6733	696938	84716	0
2018-02-27	6724	6965	6677	6862	1034592	92960	0
2018-02-28	6843	6934	6820	6874	954936	96678	0
2018-03-01	6864	6997	6839	6903	864770	100220	0
2018-03-02	6893	6964	6672	6675	932730	109816	0
2018-03-05	6656	6703	6608	6661	1072048	113746	0
2018-03-06	6697	7040	6690	6936	1927208	125398	0
2018-03-07	6941	6982	6885	6886	1088410	116260	0
2018-03-08	6876	6910	6816	6828	985148	113512	0
2018-03-09	6864	6974	6821	6878	1189062	113548	0
2018-03-12	6917	6947	6734	6741	1429442	116398	0
2018-03-13	6725	6855	6722	6803	1099364	110232	0
2018-03-14	6800	6822	6777	6780	618126	108778	0
2018-03-15	6750	6780	6731	6741	688714	125310	0
2018-03-16	6737	6855	6736	6837	767764	128386	0
2018-03-19	6825	6873	6798	6836	544536	118758	0
2018-03-20	6812	6829	6761	6775	512254	111204	0
2018-03-21	6804	6922	6800	6805	704568	112938	0
2018-03-22	6962	7032	6912	6937	618224	103816	0
2018-03-23	6892	7095	6880	7059	784328	105746	0
2018-03-26	7110	7143	7045	7142	512028	117994	0
2018-03-27	7139	7147	7045	7070	667938	108852	0
2018-03-28	7072	7124	7040	7103	649962	113806	0
2018-03-29	7088	7091	6968	6990	653150	107192	0
2018-03-30	7001	7031	6952	6981	606476	106368	0
2018-04-02	7000	7192	6968	7133	732014	129882	0
2018-04-03	7128	7155	7068	7070	476468	118384	0
2018-04-04	7082	7088	6853	6860	706038	114666	0
2018-04-09	6974	7078	6962	7022	560854	107520	0
2018-04-10	7024	7079	7023	7074	614258	130716	0
2018-04-11	7083	7229	7079	7199	1069628	157702	0
2018-04-12	7225	7231	7118	7205	765968	170348	0
2018-04-13	7195	7282	7140	7279	750574	179910	0
2018-04-16	7256	7334	7242	7310	755684	185278	0
2018-04-17	7249	7287	7203	7282	812472	170832	0
2018-04-18	7267	7354	7260	7336	643374	185628	0
2018-04-19	7332	7343	7259	7334	583162	186910	0
2018-04-20	7311	7374	7286	7362	666720	202122	0
2018-04-23	7441	7658	7433	7656	1210924	272354	0
2018-04-24	7701	7781	7670	7769	1032812	283340	0
2018-04-25	7752	7832	7702	7832	995306	289054	0
2018-04-26	7819	8160	7819	8122	2255694	361042	0
2018-04-27	8150	8297	8058	8232	2826268	356378	0
2018-05-02	8376	8481	8312	8462	2071260	423072	0
2018-05-03	8444	8447	8338	8417	1915878	447664	0
2018-05-04	8382	8397	8073	8241	3050934	409364	0
2018-05-07	8225	8357	8225	8321	2011076	435886	0
2018-05-08	8309	8503	8273	8501	2720286	522116	0
2018-05-09	8516	8573	8426	8495	2646104	537776	0
2018-05-10	8486	8524	8394	8494	2494894	542654	0
2018-05-11	8466	8569	8441	8561	2294012	535746	0
2018-05-14	8580	8873	8560	8866	3496546	641190	0
2018-05-15	8872	9257	8872	9255	4608102	616404	0
2018-05-16	9277	9591	9174	9307	6617750	599600	0
2018-05-17	9354	9564	9192	9500	4570484	695616	0
2018-05-18	9588	9776	9560	9724	4948206	752874	0
2018-05-21	9643	9882	9480	9868	3269676	848480	0
2018-05-22	9891	10115	9873	10029	2406898	980998	0
2018-05-23	10103	10107	9546	9803	3119338	987906	0
2018-05-24	9771	9880	9706	9751	2416176	1019398	0
2018-05-25	9718	9810	9602	9808	2220666	1028858	0
2018-05-28	9822	9927	9643	9644	1960336	1036874	0
2018-05-29	9624	9928	9564	9906	2299962	1089490	0
2018-05-30	9898	9987	9797	9885	1715636	1031136	0
2018-05-31	9950	10099	9819	9866	2072682	1090536	0
2018-06-01	9872	9958	9808	9952	1355296	996862	0
2018-06-04	9924	9982	9838	9947	1270242	1030924	0
2018-06-05	9946	9948	9515	9720	2244136	1068102	0
2018-06-06	9696	9766	9658	9720	1234700	969126	0
2018-06-07	9754	9777	9658	9713	1134896	985502	0
2018-06-08	9596	9613	9240	9243	2461322	1033996	0
2018-06-11	9240	9398	9221	9376	1565196	900046	0
2018-06-12	9438	9806	9424	9799	2568668	1097808	0
2018-06-13	9957	10293	9938	10290	2188838	1016970	0
2018-06-14	10319	10369	10159	10336	1659724	908012	0
2018-06-15	10368	10705	10194	10703	1635436	954914	0
2018-06-19	10722	10957	10529	10742	2075486	939204	0
2018-06-20	10653	10667	10285	10345	2397726	872666	0
2018-06-21	10197	10321	9841	9849	1976342	636558	0
2018-06-22	9942	10212	9768	10204	1747546	590664	0
2018-06-25	10260	10288	9911	9994	1826888	578566	0
2018-06-26	9889	10002	9689	9964	1566058	556576	0
2018-06-27	9971	9998	9791	9889	968028	554634	0
2018-06-28	9944	10141	9912	10112	1261498	554728	0
2018-06-29	10103	10367	10026	10355	987946	539712	0
2018-07-02	10306	10401	10032	10072	1020344	507210	0
2018-07-03	9997	10280	9983	10251	930320	528802	0
2018-07-04	10209	10249	10034	10095	853070	507012	0
2018-07-05	9928	10083	9857	10021	819092	490546	0
2018-07-06	10110	10125	9903	10086	719648	484514	0
2018-07-09	10134	10263	10020	10235	653292	522564	0
2018-07-10	10218	10285	10151	10207	505950	524796	0
2018-07-11	10108	10234	10074	10203	546176	515320	0
2018-07-12	10198	10273	10058	10058	509104	493724	0
2018-07-13	10016	10077	9895	10020	682254	479378	0
2018-07-16	10013	10028	9855	9917	497602	482090	0
2018-07-17	9908	9953	9418	9689	1404502	471808	0
2018-07-18	9673	9766	9634	9716	673816	491194	0
2018-07-19	9838	10197	9813	10191	1035270	527764	0
2018-07-20	10218	10276	10112	10248	653120	529802	0
2018-07-23	10183	10244	10068	10103	629106	504324	0
2018-07-24	10047	10179	10047	10141	495316	502122	0
2018-07-25	10204	10360	10132	10134	739298	492264	0
2018-07-26	10109	10259	10082	10248	452136	492476	0
2018-07-27	10266	10320	10183	10313	447088	478222	0
2018-07-30	10314	10411	10256	10397	385754	483130	0
2018-07-31	10437	10623	10369	10619	466552	505464	0
2018-08-01	10610	10710	10533	10612	516498	507018	0
2018-08-02	10558	10682	10454	10639	480974	502636	0
2018-08-03	10659	10962	10620	10954	591422	506506	0
2018-08-06	11012	11483	11004	11456	653154	504226	0
2018-08-07	11491	11662	11222	11250	826528	461218	0
2018-08-08	11109	11385	11095	11318	692042	464546	0
2018-08-09	11309	11324	11055	11148	616730	454844	0
2018-08-10	11132	11302	11107	11197	433710	446086	0
2018-08-13	11224	11393	11218	11294	350534	439758	0
2018-08-14	11326	11444	11152	11433	438314	449872	0
2018-08-15	11420	11438	11321	11406	387554	446398	0
2018-08-16	11130	11492	11117	11451	453118	433614	0
2018-08-17	11462	11972	11413	11971	580650	440906	0
2018-08-20	12025	12325	11869	11894	809412	412954	0
2018-08-21	11908	12078	11758	11906	548012	416910	0
2018-08-22	11906	12139	11807	11835	513354	420564	0
2018-08-23	11839	11945	11293	11316	740748	389362	0
2018-08-24	11441	11502	11266	11466	617782	384066	0
2018-08-27	11606	11887	11599	11885	538572	427216	0
2018-08-28	11893	12012	11827	11951	484084	432452	0
2018-08-29	11932	12106	11876	11971	478526	436110	0
2018-08-30	11942	11999	11669	11888	564690	436204	0
2018-08-31	11885	12035	11775	12005	521446	454586	0
2018-09-03	12012	12014	11676	11796	510098	441594	0
2018-09-04	11726	11738	11448	11647	685014	433040	0
2018-09-05	11701	11847	11578	11589	501442	436666	0
2018-09-06	11553	11744	11510	11742	491148	434284	0
2018-09-07	11788	11888	11667	11766	439668	427226	0
2018-09-10	11854	12033	11852	12007	372608	450048	0
2018-09-11	11951	11965	11824	11924	331776	436832	0
2018-09-12	11919	12024	11748	11973	467316	455488	0
2018-09-13	12040	12041	11846	11848	400660	449690	0
2018-09-14	11878	11936	11780	11920	369656	453384	0
2018-09-17	11951	11953	11766	11836	373748	448518	0
2018-09-18	11750	11907	11714	11902	323992	444958	0
2018-09-19	11882	12478	11863	12285	761154	487882	0
2018-09-20	12319	12402	12258	12350	352658	488384	0
2018-09-21	12364	12452	12271	12350	361924	479456	0
2018-09-25	12388	12430	11788	11930	650060	445138	0
2018-09-26	11939	12017	11874	11985	395508	460560	0
2018-09-27	11737	11744	11520	11663	606094	419296	0
2018-09-28	11545	11877	11538	11854	506050	413938	0
2018-10-08	11815	11832	11626	11757	315354	416972	0
2018-10-09	11772	11928	11733	11770	329144	413920	0
2018-10-10	11789	11899	11581	11859	394624	421582	0
2018-10-11	11723	11824	11700	11769	290360	413086	0
2018-10-12	11726	11764	11465	11753	557188	406604	0
2018-10-15	11719	11719	11296	11330	614066	423800	0
2018-10-16	11328	11410	11013	11231	668572	406164	0
2018-10-17	11279	11387	11124	11381	451896	400048	0
2018-10-18	11206	11447	11206	11304	476224	400862	0
2018-10-19	11279	11280	10895	10903	639592	378092	0
2018-10-22	10944	10955	10775	10900	402262	389142	0
2018-10-23	10863	10979	10744	10821	375598	387494	0
2018-10-24	10811	10956	10793	10879	384154	385540	0
2018-10-25	10834	10927	10754	10835	326952	384512	0
2018-10-26	10821	11262	10735	11254	691226	404114	0
2018-10-29	11244	11303	11152	11244	353626	404566	0
2018-10-30	11185	11440	11142	11377	451666	408058	0
2018-10-31	11327	11407	11297	11332	276092	407088	0
2018-11-01	11321	11375	11130	11167	330102	399752	0
2018-11-02	11174	11295	11088	11288	353116	400104	0
2018-11-05	11291	11292	11184	11241	232330	407660	0
2018-11-06	11413	11661	11413	11659	430018	442746	0
2018-11-07	11595	11683	11553	11662	268138	430110	0
2018-11-08	11630	11845	11591	11781	307464	438748	0
2018-11-09	11750	11906	11742	11883	255886	448182	0
2018-11-12	11743	11792	11675	11734	256760	438524	0
2018-11-13	11673	11732	11550	11732	336444	445530	0
2018-11-14	11704	11890	11701	11822	286200	442280	0
2018-11-15	11843	11909	11776	11907	241412	444588	0
2018-11-16	12019	12207	11996	12145	406806	443102	0
2018-11-19	12083	12142	11967	12024	240262	426882	0
2018-11-20	12003	12043	11900	12010	240358	424906	0
2018-11-21	11826	12151	11803	12149	301538	430150	0
2018-11-22	12149	12231	11905	11925	358080	432038	0
2018-11-23	11887	11940	11823	11922	241838	430646	0
2018-11-26	11894	11897	11592	11762	451568	418178	0
2018-11-27	11771	11792	11484	11512	467198	413146	0
2018-11-28	11503	11522	11372	11379	347118	395716	0
2018-11-29	11441	11511	11039	11086	509908	376052	0
2018-11-30	11082	11266	11064	11263	306472	371202	0
2018-12-03	11581	11647	11179	11227	373708	362098	0
2018-12-04	11211	11441	11093	11405	454772	354218	0
2018-12-05	11313	11532	11283	11525	296752	355922	0
2018-12-06	11487	11577	11391	11433	308930	353674	0
2018-12-07	11420	11683	11407	11650	307454	348162	0
2018-12-10	11584	11609	11479	11575	227236	345432	0
2018-12-11	11526	11636	11415	11535	308512	345014	0
2018-12-12	11542	11575	11472	11534	189784	347894	0
2018-12-13	11508	11508	11319	11367	354538	343300	0
2018-12-14	11371	11388	11291	11338	225816	338500	0
2018-12-17	11330	11532	11330	11487	186876	333056	0
2018-12-18	11458	11474	11384	11423	139180	329032	0
2018-12-19	11363	11406	10988	11004	396298	325396	0
2018-12-20	11001	11070	10946	11028	283344	323754	0
2018-12-21	11028	11156	10845	11115	330864	308620	0
2018-12-24	11099	11152	11024	11076	214676	309762	0
2018-12-25	10979	11154	10824	11128	433098	301420	0
2018-12-26	11173	11173	11063	11116	172588	297220	0
2018-12-27	11207	11208	11022	11077	250864	286304	0
2018-12-28	11066	11250	11055	11120	256698	267874	0
2019-01-02	11087	11100	10671	10677	380920	282712	0
2019-01-03	10694	10759	10448	10465	355554	281966	0
2019-01-04	10439	10582	10414	10512	284602	268106	0
2019-01-07	10470	10481	10315	10364	322834	283066	0
2019-01-08	10383	10483	10317	10350	262926	292432	0
2019-01-09	10411	10495	10302	10308	275334	283118	0
2019-01-10	10326	10346	10184	10259	303810	284890	0
2019-01-11	10299	10352	10187	10227	280822	285952	0
2019-01-14	10212	10297	10093	10188	275910	291208	0
2019-01-15	10220	10220	10142	10177	133588	291184	0
2019-01-16	10172	10245	10087	10092	214926	293442	0
2019-01-17	10090	10136	10027	10064	184060	301192	0
2019-01-18	10092	10128	9972	9976	174656	294340	0
2019-01-21	9977	10120	9929	10099	302330	287278	0
2019-01-22	10105	10199	10013	10038	234270	282598	0
2019-01-23	10026	10131	10014	10055	157694	283864	0
2019-01-24	10060	10099	10020	10093	158754	297708	0
2019-01-25	10120	10323	10106	10283	311904	285170	0
2019-01-28	10274	10295	10238	10261	117400	280302	0
2019-01-29	10213	10218	10052	10063	171610	267366	0
2019-01-30	10064	10122	10026	10043	105116	262918	0
2019-01-31	10050	10070	9974	10041	111354	252730	0
2019-02-01	10034	10107	10011	10066	95120	236932	0
2019-02-11	10034	10320	10034	10312	148654	243604	0
2019-02-12	10304	10367	10268	10348	102794	256478	0
2019-02-13	10291	10404	10251	10296	142596	252266	0
2019-02-14	10280	10365	10275	10323	79768	251002	0
2019-02-15	10297	10491	10285	10374	178720	258342	0
2019-02-18	10427	10461	10300	10348	130110	257270	0
2019-02-19	10327	10373	10292	10372	92744	258894	0
2019-02-20	10353	10373	10294	10355	88224	258774	0
2019-02-21	10381	10508	10374	10377	145942	259984	0
2019-02-22	10365	10517	10355	10498	96300	258838	0
2019-02-25	10464	10551	10444	10479	100602	259606	0
2019-02-26	10436	10484	10398	10432	98892	257706	0
2019-02-27	10391	10395	10191	10195	205088	261708	0
2019-02-28	10200	10245	10166	10222	144278	266200	0
2019-03-01	10245	10293	10230	10253	100230	262584	0
2019-03-04	10244	10274	10122	10163	149226	260858	0
2019-03-05	10126	10217	10118	10194	126368	255970	0
2019-03-06	10173	10339	10165	10310	146628	253042	0
2019-03-07	10298	10372	10298	10334	86764	255482	0
2019-03-08	10291	10377	10267	10323	104124	253114	0
2019-03-11	10300	10305	10099	10110	140882	247370	0
2019-03-12	10109	10154	10102	10114	67150	250552	0
2019-03-13	10112	10115	10047	10059	77386	251788	0
2019-03-14	10076	10158	9998	10016	115574	252522	0
2019-03-15	9998	10037	9921	9942	96788	248920	0
2019-03-18	9951	10090	9938	10052	105652	255926	0
2019-03-19	10051	10114	10033	10096	79342	260644	0
2019-03-20	10086	10111	10027	10027	78796	254168	0
2019-03-21	10024	10043	9996	10004	48988	252900	0
2019-03-22	10021	10039	9928	9928	72854	249172	0
2019-03-25	9892	9924	9829	9829	61556	251872	0
2019-03-26	9833	9855	9740	9759	62262	253054	0
2019-03-27	9762	9849	9760	9788	90254	255188	0
2019-03-28	9783	9789	9750	9750	54932	255448	0
2019-03-29	9757	9964	9756	9889	150142	251270	0
2019-04-01	9903	9903	9844	9885	67758	241944	0
2019-04-02	9889	9949	9856	9907	67990	236806	0
2019-04-03	9931	10002	9926	9968	75864	236666	0
2019-04-04	9961	9984	9792	9803	98482	233254	0
2019-04-08	9816	9851	9788	9817	57488	234988	0
2019-04-09	9863	9970	9855	9909	111162	235280	0
2019-04-10	9913	9932	9866	9900	60584	240236	0
2019-04-11	9912	9930	9837	9839	57944	241688	0
2019-04-12	9806	9806	9473	9478	145324	255856	0
2019-04-15	9445	9449	9269	9280	178182	259504	0
2019-04-16	9276	9471	9248	9468	310332	252384	0
2019-04-17	9467	9490	9366	9426	244420	255518	0
2019-04-18	9408	9416	9330	9392	229134	244082	0
2019-04-19	9406	9509	9375	9509	461090	260752	0
2019-04-22	9527	9539	9438	9495	249564	268002	0
2019-04-23	9479	9491	9282	9312	239736	264608	0
2019-04-24	9325	9364	9161	9183	305850	264312	0
2019-04-25	9211	9235	9167	9193	181268	258276	0
2019-04-26	9241	9274	9025	9108	282226	252512	0
2019-04-29	9178	9179	9056	9059	195240	251598	0
2019-04-30	9068	9071	8757	8759	149524	227586	0
2019-05-06	8765	8861	8726	8765	251042	224446	0
2019-05-07	8801	8802	8735	8784	176054	228076	0
2019-05-08	8804	8909	8796	8906	221394	228596	0
2019-05-09	8945	9059	8943	9049	363372	238644	0
2019-05-10	9067	9120	9005	9089	278820	235240	0
2019-05-13	9120	9297	9099	9284	423268	262136	0
2019-05-14	9264	9326	9102	9135	314064	245830	0
2019-05-15	9152	9546	8997	9504	817430	262076	0
2019-05-16	9543	9708	9432	9547	902382	265364	0
2019-05-17	9573	9684	9522	9664	576974	265008	0
2019-05-20	9775	9942	9757	9941	660824	273608	0
2019-05-21	9993	10021	9868	9980	473232	270508	0
2019-05-22	9871	10212	9861	10073	1006786	275590	0
2019-05-23	10111	10130	9932	10017	518938	274710	0
2019-05-24	10004	10330	9991	10312	891810	275186	0
2019-05-27	10197	10301	9822	9861	976966	265192	0
2019-05-28	9872	9925	9597	9687	1146744	262606	0
2019-05-29	9707	9842	9688	9757	650672	257928	0
2019-05-30	9807	9947	9654	9825	861258	267966	0
2019-05-31	9809	9837	9710	9803	569844	260898	0
2019-06-03	9788	9864	9470	9533	629818	262152	0
2019-06-04	9562	9638	9438	9622	535268	266750	0
2019-06-05	9636	9683	9525	9570	433724	271142	0
2019-06-06	9475	9475	9032	9126	809388	267598	0
2019-06-10	9000	9162	8987	9070	514014	279940	0
2019-06-11	9134	9234	9111	9197	377788	274168	0
2019-06-12	9142	9143	9015	9117	483288	275530	0
2019-06-13	9202	9434	9202	9371	754678	280702	0
2019-06-14	9366	9448	9193	9200	608888	275524	0
2019-06-17	9144	9248	9118	9182	324068	275630	0
2019-06-18	9148	9183	8950	8959	495538	284870	0
2019-06-19	9013	9033	8920	8985	358662	283090	0
2019-06-20	9020	9058	8843	8893	388258	277486	0
2019-06-21	8929	9130	8880	9089	519680	268884	0
2019-06-24	9100	9146	9036	9083	308822	269342	0
2019-06-25	9075	9100	8978	9060	326516	268174	0
2019-06-26	9069	9076	9022	9039	240762	263746	0
2019-06-27	9046	9271	9025	9174	479302	267974	0
2019-06-28	9194	9250	8949	8953	390452	267130	0
2019-07-01	8925	9021	8888	8914	251078	266810	0
2019-07-02	8931	8991	8868	8945	278460	268446	0
2019-07-03	8916	8982	8814	8890	332484	260988	0
2019-07-04	8929	9106	8903	9076	445414	274696	0
2019-07-05	9118	9143	9036	9119	266784	270336	0
2019-07-08	9247	9507	9243	9482	507446	295160	0
2019-07-09	9549	9580	9349	9498	415078	280450	0
2019-07-10	9518	9524	9375	9415	327976	280686	0
2019-07-11	9421	9427	9188	9308	443482	279832	0
2019-07-12	9298	9485	9235	9346	563828	278976	0
2019-07-15	9308	9414	9287	9313	266906	268330	0
2019-07-16	9265	9410	9265	9381	284260	273144	0
2019-07-17	9397	9507	9258	9291	323578	265596	0
2019-07-18	9278	9314	9160	9193	253840	267682	0
2019-07-19	9186	9292	9109	9264	332404	258366	0
2019-07-22	9276	9277	9118	9141	212242	256886	0
2019-07-23	9133	9171	8919	8931	408934	272078	0
2019-07-24	8911	8942	8823	8894	347854	260154	0
2019-07-25	8898	8918	8836	8898	202078	256910	0
2019-07-26	8892	8994	8855	8957	250600	252354	0
2019-07-29	8952	8993	8895	8943	192022	247468	0
2019-07-30	8948	9083	8914	9037	282210	246536	0
2019-07-31	9032	9060	8997	9016	141066	240476	0
2019-08-01	9002	9073	8940	8942	249436	248370	0
2019-08-02	8904	9036	8892	9022	211790	242498	0
2019-08-05	9018	9021	8788	8836	258604	246166	0
2019-08-06	8840	9083	8813	9051	425832	256184	0
2019-08-07	9050	9057	8875	8901	276502	246042	0
2019-08-08	8907	8958	8857	8888	236016	244884	0
2019-08-09	8902	8927	8632	8797	383770	252498	0
2019-08-12	8931	8931	8733	8796	316766	252426	0
2019-08-13	8783	8796	8633	8687	394774	269142	0
2019-08-14	8691	8751	8613	8727	276132	266526	0
2019-08-15	8679	8793	8677	8778	237082	261800	0
2019-08-16	8802	8836	8751	8768	207520	252964	0
2019-08-19	8774	8816	8750	8804	141922	255994	0
2019-08-20	8798	8894	8788	8811	221512	255440	0
2019-08-21	8780	8829	8712	8817	233716	256126	0
2019-08-22	8818	8829	8730	8759	152570	254348	0
2019-08-23	8747	8824	8712	8811	234936	260132	0
2019-08-26	8800	8848	8704	8761	217648	254516	0
2019-08-27	8757	8922	8752	8912	259724	268596	0
2019-08-28	8907	8974	8878	8909	233928	267228	0
2019-08-29	8910	8983	8903	8963	176546	266388	0
2019-08-30	8958	9116	8957	9039	306352	268004	0
2019-09-02	9051	9052	8867	8867	263396	250552	0
2019-09-03	8868	8992	8801	8863	357516	255762	0
2019-09-04	8848	8891	8731	8731	270334	253570	0
2019-09-05	8713	8726	8418	8418	468302	275826	0
2019-09-06	8407	8461	8352	8395	303454	267230	0
2019-09-09	8277	8301	8173	8202	469762	282122	0
2019-09-10	8220	8284	8201	8209	256832	264632	0
2019-09-11	8165	8254	8119	8194	488414	261610	0
2019-09-12	8212	8214	7995	7995	384630	261344	0
2019-09-16	7998	8124	7981	8029	265084	258448	0
2019-09-17	8040	8060	7997	8029	167430	257974	0
2019-09-18	8025	8133	8023	8086	277350	256958	0
2019-09-19	8113	8113	7921	7965	343870	278560	0
2019-09-20	7960	7969	7832	7832	264620	288298	0
2019-09-23	7804	7805	7504	7568	627838	318968	0
2019-09-24	7565	7599	7523	7564	391226	296220	0
2019-09-25	7591	7636	7504	7603	368810	277960	0
2019-09-26	7640	7725	7562	7634	449334	262152	0
2019-09-27	7608	7669	7485	7537	401554	256314	0
2019-09-30	7531	7533	7354	7407	445474	249440	0
2019-10-08	7386	7797	7386	7786	587898	239208	0
2019-10-09	7780	7793	7617	7656	439534	242336	0
2019-10-10	7660	7738	7640	7679	343938	247908	0
2019-10-11	7701	7731	7567	7591	402858	254664	0
2019-10-14	7635	7786	7583	7741	392560	251114	0
2019-10-15	7732	7778	7607	7716	398858	247576	0
2019-10-16	7734	7745	7673	7715	313692	251980	0
2019-10-17	7751	7753	7617	7650	442970	253706	0
2019-10-18	7657	7722	7538	7707	540004	240428	0
2019-10-21	7730	7907	7726	7874	538794	236206	0
2019-10-22	7845	7910	7803	7910	288258	242168	0
2019-10-23	7927	8151	7894	8032	861406	234140	0
2019-10-24	8046	8073	7991	8043	266364	234254	0
2019-10-25	8039	8075	7893	7932	437522	231010	0
2019-10-28	7920	7950	7853	7950	262240	230380	0
2019-10-29	7951	8104	7919	8016	476860	225030	0
2019-10-30	8027	8074	8001	8028	228670	226114	0
2019-10-31	8035	8046	7944	7992	308502	224826	0
2019-11-01	7945	7962	7842	7951	353162	222012	0
2019-11-04	7955	8111	7915	8052	361440	234130	0
2019-11-05	8067	8190	8035	8168	369378	245112	0
2019-11-06	8188	8227	8129	8178	362586	238570	0
2019-11-07	8162	8248	8121	8231	338572	241304	0
2019-11-08	8212	8236	8131	8204	323996	222706	0
2019-11-11	8179	8279	8109	8156	383732	221106	0
2019-11-12	8149	8242	8100	8240	322380	229978	0
2019-11-13	8230	8271	8193	8234	272972	233286	0
2019-11-14	8222	8261	8085	8085	425380	233524	0
2019-11-15	8010	8126	8007	8120	342144	225748	0
2019-11-18	8096	8105	7863	7894	447364	235974	0
2019-11-19	7886	7949	7829	7931	336848	226816	0
2019-11-20	7931	8134	7914	8112	422826	225394	0
2019-11-21	8110	8146	8056	8093	262524	223730	0
2019-11-22	8074	8114	8036	8100	302204	225678	0
2019-11-25	8118	8204	8056	8066	487280	216790	0
2019-11-26	8035	8098	8029	8064	235502	212976	0
2019-11-27	8064	8091	7942	7943	329968	221306	0
2019-11-28	7956	7976	7923	7964	204690	214876	0
2019-11-29	7971	7993	7908	7964	330214	196734	0
2019-12-02	8007	8114	8001	8102	306250	196306	0
2019-12-03	8107	8161	8071	8156	297544	206496	0
2019-12-04	8186	8307	8154	8278	385602	219760	0
2019-12-05	8275	8295	8232	8265	183260	217154	0
2019-12-06	8253	8345	8225	8304	293236	214556	0
2019-12-09	8309	8394	8238	8256	342276	201832	0
2019-12-10	8264	8346	8249	8346	205632	203444	0
2019-12-11	8330	8417	8313	8352	292810	192662	0
2019-12-12	8337	8365	8256	8296	234692	188416	0
2019-12-13	8306	8354	8274	8352	253468	180440	0
2019-12-16	8346	8454	8345	8439	251338	187070	0
2019-12-17	8421	8440	8333	8348	275732	177642	0
2019-12-18	8341	8360	8172	8178	386956	183408	0
2019-12-19	8179	8200	8143	8185	231632	178252	0
2019-12-20	8217	8226	8114	8155	287474	176404	0
2019-12-23	8168	8237	8104	8119	240412	176628	0
2019-12-24	8098	8128	8013	8075	308188	179922	0
2019-12-25	8080	8104	8059	8080	137418	179444	0
2019-12-26	8084	8162	8038	8153	247382	176898	0
2019-12-27	8135	8188	8058	8063	222810	169790	0
2019-12-30	7986	8015	7793	7803	413802	206708	0
2019-12-31	7793	7842	7717	7736	314744	198758	0
2020-01-02	7734	7776	7706	7731	98371	103087	0
2020-01-03	7729	7757	7586	7593	156669	111938	0
2020-01-06	7571	7572	7434	7478	180630	116257	0
2020-01-07	7492	7530	7450	7505	115331	116545	0
2020-01-08	7517	7552	7442	7504	134602	117067	0
2020-01-09	7505	7551	7380	7381	151871	128304	0
2020-01-10	7378	7486	7359	7458	139881	120245	0
2020-01-13	7419	7425	7297	7309	152268	132322	0
2020-01-14	7311	7377	7304	7323	102860	130604	0
2020-01-15	7325	7390	7269	7346	140574	129237	0
2020-01-16	7356	7411	7343	7371	110950	128976	0
2020-01-17	7384	7509	7372	7485	152150	119042	0
2020-01-20	7454	7486	7396	7433	96507	123552	0
2020-01-21	7454	7490	7346	7360	123265	126359	0
2020-01-22	7365	7436	7308	7377	106680	119300	0
2020-01-23	7395	7455	7354	7430	110847	108606	0
2020-02-03	7069	7096	6912	6923	197182	113490	0
2020-02-04	6937	7082	6923	7054	132830	107668	0
2020-02-05	7070	7146	7043	7077	153522	119062	0
2020-02-06	7086	7107	7058	7086	101901	125226	0
2020-02-07	7069	7156	7056	7115	126438	125561	0
2020-02-10	7102	7154	7079	7088	125762	134424	0
2020-02-11	7091	7111	7058	7085	116207	138237	0
2020-02-12	7098	7128	7010	7080	171480	143478	0
2020-02-13	7075	7113	7009	7029	169922	150924	0
2020-02-14	7040	7045	6948	6964	182284	162029	0
2020-02-17	6959	7087	6935	7079	213035	150078	0
2020-02-18	7073	7120	7047	7072	178257	151770	0
2020-02-19	7076	7131	7074	7091	139151	156292	0
2020-02-20	7101	7353	7079	7337	419614	145151	0
2020-02-21	7357	7384	7299	7357	243344	143433	0
2020-02-24	7364	7423	7244	7353	246446	141616	0
2020-02-25	7326	7395	7281	7376	197557	144236	0
2020-02-26	7384	7449	7232	7238	288950	149576	0
2020-02-27	7221	7238	6954	6988	414256	171222	0
2020-02-28	6894	7016	6835	6901	392538	153798	0
2020-03-02	6965	7040	6936	6978	259949	153728	0
2020-03-03	7073	7099	6904	6970	329017	166210	0
2020-03-04	6968	7016	6940	7004	204263	163722	0
2020-03-05	7012	7041	6973	6986	191348	167638	0
2020-03-06	6950	6983	6911	6949	201471	170897	0
2020-03-09	6910	7017	6909	7014	289419	151333	0
2020-03-10	7008	7056	6973	6985	209039	153216	0
2020-03-11	6994	7007	6949	6967	170004	153581	0
2020-03-12	6958	6984	6773	6840	271068	151142	0
2020-03-13	6804	6814	6624	6720	288006	139585	0
2020-03-16	6781	6996	6740	6956	317502	120211	0
2020-03-17	6937	6968	6887	6934	170937	120053	0
2020-03-18	6917	6945	6714	6742	274519	124466	0
2020-03-19	6760	6790	6513	6718	283165	112165	0
2020-03-20	6775	6822	6691	6818	199843	106006	0
2020-03-23	6783	6852	6729	6813	184429	106282	0
2020-03-24	6825	6898	6745	6808	216436	109941	0
2020-03-25	6838	6862	6726	6771	177270	116905	0
2020-03-26	6787	6996	6764	6989	222086	116114	0
2020-03-27	7036	7098	6984	7058	252392	115375	0
2020-03-30	7040	7073	6885	6907	193152	115831	0
2020-03-31	6943	7110	6938	7109	221997	113426	0
2020-04-01	7098	7105	6960	6990	185711	110486	0
2020-04-02	7004	7105	6994	7098	206453	105841	0
2020-04-03	7092	7092	6940	7024	196681	102562	0
2020-04-07	7057	7155	7057	7120	181377	106108	0
2020-04-08	7103	7372	7074	7351	282559	115961	0
2020-04-09	7362	7387	7296	7353	192461	116412	0
2020-04-10	7441	7556	7364	7372	297921	115041	0
2020-04-13	7381	7454	7321	7389	211350	113972	0
2020-04-14	7404	7501	7386	7412	186146	113897	0
2020-04-15	7403	7407	7306	7355	204758	113180	0
2020-04-16	7370	7388	7201	7218	240389	115435	0
2020-04-17	7221	7280	7184	7235	210258	112267	0
2020-04-20	7304	7366	7270	7281	187074	112399	0
2020-04-21	7287	7359	7217	7233	241459	108814	0
2020-04-22	7237	7758	7194	7746	478821	97554	0
2020-04-23	7779	7781	7614	7661	279849	96385	0
2020-04-24	7797	8277	7796	8268	457225	124649	0
2020-04-27	8679	8859	8562	8704	697783	110980	0
2020-04-28	8646	8805	8521	8753	524881	129989	0
2020-04-29	8750	8896	8703	8888	257527	123008	0
2020-04-30	8903	8916	8634	8910	314132	106437	0
2020-05-06	9031	9249	8883	8997	259330	111790	0
2020-05-07	8988	9133	8913	9070	233428	120209	0
2020-05-08	9067	9082	8909	9050	245633	121606	0
2020-05-11	9054	9307	9018	9306	365777	147425	0
2020-05-12	9266	9314	9224	9260	245643	139665	0
2020-05-13	9217	9220	9045	9136	242980	128601	0
2020-05-14	9097	9113	8908	9011	265204	123161	0
2020-05-15	9036	9103	9001	9047	170914	121841	0
2020-05-18	9260	9319	9018	9027	247371	130947	0
2020-05-19	9047	9117	9006	9109	197094	120469	0
2020-05-20	9097	9131	8973	9009	218247	126232	0
2020-05-21	8998	9019	8840	8886	279297	136089	0
2020-05-22	8862	8978	8840	8958	199307	122455	0
2020-05-25	8989	9076	8930	8951	212509	123317	0
2020-05-26	8933	8937	8823	8870	188403	122235	0
2020-05-27	8856	8910	8841	8870	112440	118888	0
2020-05-28	8847	8853	8723	8736	215931	135956	0
2020-05-29	8747	8789	8737	8772	109295	123560	0
2020-06-01	8818	8917	8678	8698	226890	134117	0
2020-06-02	8709	8837	8671	8796	178074	123542	0
2020-06-03	8800	8827	8668	8708	175681	128444	0
2020-06-04	8712	8720	8596	8618	178689	130717	0
2020-06-05	8641	8642	8536	8560	151450	130710	0
2020-06-08	8530	8569	8406	8451	169017	136696	0
2020-06-09	8461	8494	8350	8350	168018	136892	0
2020-06-10	8371	8374	8134	8179	274560	151943	0
2020-06-11	8193	8242	8157	8209	166130	139123	0
2020-06-12	8194	8327	8085	8273	274900	139369	0
2020-06-15	8195	8290	8116	8167	187725	135262	0
2020-06-16	8185	8276	8171	8195	165702	131292	0
2020-06-17	8181	8272	8152	8229	171855	133315	0
2020-06-18	8244	8248	8154	8198	158603	132893	0
2020-06-19	8187	8220	7980	7992	283366	162648	0
2020-06-22	7964	7976	7877	7878	211173	164067	0
2020-06-23	7877	7953	7831	7895	198959	160111	0
2020-06-24	7905	7921	7805	7812	171808	159435	0
2020-06-29	7842	7888	7750	7858	211199	159134	0
2020-06-30	7888	7976	7884	7898	192479	155918	0
2020-07-01	7906	7950	7890	7903	127791	153092	0
2020-07-02	7925	8071	7895	8039	262845	154237	0
2020-07-03	8058	8110	8021	8042	155748	147126	0
2020-07-06	8048	8076	7970	8039	171595	149159	0
2020-07-07	8053	8086	7978	7989	157850	150310	0
2020-07-08	8006	8043	7991	8025	111465	146729	0
2020-07-09	8054	8136	8047	8090	181458	146724	0
2020-07-10	8073	8086	7805	7811	244635	155390	0
2020-07-13	7830	7878	7710	7752	195615	164439	0
2020-07-14	7768	7814	7701	7766	160883	159786	0
2020-07-15	7783	7812	7722	7744	159136	167624	0
2020-07-16	7734	7775	7553	7561	231620	185698	0
2020-07-17	7573	7606	7520	7570	183191	176854	0
2020-07-20	7575	7720	7527	7684	199316	165647	0
2020-07-21	7690	7736	7576	7585	180581	171429	0
2020-07-22	7605	7693	7567	7627	178928	171593	0
2020-07-23	7666	7668	7428	7471	288257	192192	0
2020-07-24	7474	7569	7343	7541	324318	177835	0
2020-07-27	7530	7536	7447	7498	164830	176189	0
2020-07-28	7519	7564	7457	7497	161859	179881	0
2020-07-29	7477	7477	7360	7383	236576	198744	0
2020-07-30	7384	7442	7311	7315	229864	203961	0
2020-07-31	7320	7324	7199	7202	229574	215712	0
2020-08-03	7163	7198	7067	7178	260238	218145	0
2020-08-04	7189	7251	7164	7223	174937	213577	0
2020-08-05	7208	7291	7126	7142	260039	226101	0
2020-08-06	7146	7188	7071	7079	198856	218113	0
2020-08-07	7092	7093	6904	6934	348693	225593	0
2020-08-10	6937	7284	6937	7256	409109	212151	0
2020-08-11	7245	7314	7153	7202	337457	212814	0
2020-08-12	7179	7261	7136	7207	315644	210819	0
2020-08-13	7253	7403	7230	7352	326858	207106	0
2020-08-14	7345	7356	7150	7154	347829	222813	0
2020-08-17	7135	7174	7081	7103	241808	231638	0
2020-08-18	7139	7263	7133	7201	309543	221530	0
2020-08-19	7216	7249	7138	7163	210363	223500	0
2020-08-20	7174	7192	7030	7056	275801	241417	0
2020-08-21	7064	7096	7001	7061	250688	232379	0
2020-08-24	7112	7220	7106	7169	252298	228101	0
2020-08-25	7202	7221	7144	7166	178307	223783	0
2020-08-26	7130	7137	7071	7109	224412	237764	0
2020-08-27	7118	7173	7068	7083	221815	244700	0
2020-08-28	7032	7106	6945	7049	386113	256557	0
2020-08-31	7079	7119	7030	7042	188146	252077	0
2020-09-01	7051	7082	6992	7056	215990	256358	0
2020-09-02	7080	7106	6979	6992	220963	265096	0
2020-09-03	6986	7027	6908	6932	286425	271232	0
2020-09-04	6990	7096	6972	7034	348734	256101	0
2020-09-07	7061	7159	7034	7143	253831	244527	0
2020-09-08	7169	7520	7169	7506	604609	259814	0
2020-09-09	7515	7586	7324	7337	574321	234296	0
2020-09-10	7383	7427	7334	7364	257056	228675	0
2020-09-11	7382	7445	7290	7342	339589	238434	0
2020-09-14	7370	7462	7339	7390	271039	233183	0
2020-09-15	7414	7422	7279	7334	360220	230285	0
2020-09-16	7343	7366	7284	7285	217330	231205	0
2020-09-17	7254	7267	7147	7159	347869	247775	0
2020-09-18	7214	7283	7203	7243	264723	224865	0
2020-09-21	7278	7326	7205	7227	239734	225135	0
2020-09-22	7218	7295	7099	7266	349295	225049	0
2020-09-23	7279	7298	7153	7183	225173	217627	0
2020-09-24	7158	7347	7144	7335	270902	217330	0
2020-09-25	7348	7396	7273	7275	311472	213401	0
2020-09-28	7265	7270	7113	7139	357749	224844	0
2020-09-29	7116	7245	7111	7210	276744	196449	0
2020-09-30	7219	7434	7215	7426	274906	167047	0
2020-10-09	7722	7958	7615	7958	409803	170781	0
2020-10-12	8109	8371	8055	8108	571394	150831	0
2020-10-13	8077	8221	8006	8197	357051	155805	0
2020-10-14	8195	8195	8089	8142	221993	147730	0
2020-10-15	8153	8238	8047	8234	275522	162421	0
2020-10-16	8293	8302	8116	8163	327608	156474	0
2020-10-19	8079	8233	8072	8159	264743	154638	0
2020-10-20	8171	8294	8139	8201	274659	161477	0
2020-10-21	8180	8194	7972	8022	328251	173560	0
2020-10-22	7967	8042	7919	7986	268248	165756	0
2020-10-23	7947	7978	7687	7689	337741	182306	0
2020-10-26	7600	7620	7458	7493	354427	204007	0
2020-10-27	7507	7521	7349	7357	291809	217287	0
2020-10-28	7375	7401	7288	7361	280381	218345	0
2020-10-29	7344	7394	7249	7288	291589	229789	0
2020-10-30	7299	7362	7238	7286	278495	229087	0
2020-11-02	7281	7363	7202	7241	348990	238670	0
2020-11-03	7268	7330	7250	7301	228268	229007	0
2020-11-04	7308	7341	7232	7273	276492	237504	0
2020-11-05	7279	7290	7126	7128	410894	269555	0
2020-11-06	7106	7113	7007	7027	344326	264656	0
2020-11-09	7057	7129	6959	7125	364161	253194	0
2020-11-10	7135	7295	7103	7245	429221	233712	0
2020-11-11	7232	7377	7118	7343	462477	221886	0
2020-11-12	7393	7433	7306	7323	368832	206201	0
2020-11-13	7311	7348	7236	7241	294431	201181	0
2020-11-16	7315	7384	7250	7309	315192	208631	0
2020-11-17	7326	7341	7154	7176	320814	211053	0
2020-11-18	7166	7195	7093	7093	226603	217407	0
2020-11-19	7095	7160	7060	7134	221166	214593	0
2020-11-20	7139	7149	7055	7068	234106	220828	0
2020-11-23	7062	7169	7045	7146	234955	222815	0
2020-11-24	7144	7304	7099	7147	502086	235445	0
2020-11-25	7156	7190	7092	7094	274014	249625	0
2020-11-26	7090	7132	7038	7067	284977	256728	0
2020-11-27	7076	7078	7013	7020	272408	272352	0
2020-11-30	7008	7045	6870	6875	369073	303077	0
2020-12-01	6872	6962	6844	6873	287177	292289	0
2020-12-02	6881	6907	6692	6729	364057	310536	0
2020-12-03	6780	6878	6750	6790	385419	290685	0
2020-12-04	6805	6809	6698	6730	280322	294422	0
2020-12-07	6715	6749	6635	6735	311620	303372	0
2020-12-08	6744	6771	6679	6695	235577	301450	0
2020-12-09	6709	6714	6561	6576	314532	311982	0
2020-12-10	6565	6584	6460	6510	439594	301682	0
2020-12-11	6538	6572	6488	6508	280294	284796	0
2020-12-14	6506	6640	6501	6578	347079	301774	0
2020-12-15	6600	6662	6529	6544	458030	310771	0
2020-12-16	6535	6579	6491	6513	356163	318844	0
2020-12-17	6535	6574	6456	6553	456742	328024	0
2020-12-18	6594	6644	6531	6587	442633	316106	0
2020-12-21	6622	6677	6499	6648	483426	312570	0
2020-12-22	6672	6717	6568	6620	430727	311383	0
2020-12-23	6622	6640	6482	6502	377193	325631	0
2020-12-24	6534	6553	6471	6529	313391	323396	0
2020-12-25	6562	6731	6541	6700	547387	332310	0
2020-12-28	6706	6766	6655	6710	426167	328111	0
2020-12-29	6717	6741	6554	6560	416233	342662	0
2020-12-30	6580	6637	6550	6599	319982	340764	0
2020-12-31	6599	6664	6586	6648	321429	329205	0
2021-01-04	6649	6681	6458	6479	446477	374652	0
2021-01-05	6486	6505	6331	6351	505634	388683	0
2021-01-06	6359	6378	6303	6329	384141	394796	0
2021-01-07	6340	6406	6238	6371	568540	396721	0
2021-01-08	6367	6398	6288	6338	366191	381417	0
2021-01-11	6297	6297	6044	6081	509319	406354	0
2021-01-12	6088	6140	6056	6087	274991	395849	0
2021-01-13	6104	6186	6041	6153	432080	407670	0
2021-01-14	6155	6210	6068	6073	371429	424470	0
2021-01-15	6072	6149	6023	6078	448475	428573	0
2021-01-18	6136	6402	6127	6319	636634	407387	0
2021-01-19	6339	6357	6240	6258	350504	403117	0
2021-01-20	6273	6349	6230	6253	385755	421314	0
2021-01-21	6270	6326	6132	6149	504053	444522	0
2021-01-22	6135	6156	6081	6125	374963	449614	0
2021-01-25	6159	6172	6107	6130	298180	453423	0
2021-01-26	6117	6228	6110	6150	435586	455060	0
2021-01-27	6165	6197	6120	6151	282196	452557	0
2021-01-28	6144	6174	6045	6149	509490	473832	0
2021-01-29	6163	6195	6138	6153	253331	446731	0
2021-02-01	6199	6277	6146	6242	391822	454806	0
2021-02-02	6245	6278	6185	6191	299955	449203	0
2021-02-03	6174	6178	6112	6132	317451	472304	0
2021-02-04	6135	6159	6094	6117	343083	481909	0
2021-02-05	6128	6228	6109	6156	403396	469367	0
2021-02-08	6186	6254	6163	6191	346465	459349	0
2021-02-09	6186	6221	6152	6191	272851	435284	0
2021-02-10	6211	6323	6203	6316	351416	411532	0
2021-02-18	6342	6342	6197	6254	340948	428537	0
2021-02-19	6270	6537	6265	6486	625691	457733	0
2021-02-22	6469	6534	6400	6433	470775	481872	0
2021-02-23	6456	6616	6442	6515	551402	502538	0
2021-02-24	6506	6549	6357	6365	526640	515718	0
2021-02-25	6397	6474	6365	6406	511987	524274	0
2021-02-26	6324	6503	6308	6385	540097	520039	0
2021-03-01	6391	6424	6099	6118	787559	541795	0
2021-03-02	6124	6150	6039	6070	481731	523306	0
2021-03-03	6101	6138	6068	6091	306049	520380	0
2021-03-04	6057	6113	5883	5914	675602	536085	0
2021-03-05	5915	6023	5881	5961	460856	502854	0
2021-03-08	5975	6015	5801	5804	538803	539218	0
2021-03-09	5815	5861	5764	5821	370484	524551	0
2021-03-10	5837	5860	5731	5787	528540	540555	0
2021-03-11	5810	5882	5799	5850	345963	528765	0
2021-03-12	5854	5935	5822	5848	408848	547736	0
2021-03-15	5911	5972	5870	5931	459448	549422	0
2021-03-16	5974	6018	5950	6016	372513	540726	0
2021-03-17	6066	6068	5903	5904	505801	570979	0
2021-03-18	5907	6083	5833	6078	641980	550099	0
2021-03-19	6041	6075	5961	5985	463554	536135	0
2021-03-22	5903	5903	5647	5673	592277	529737	0
2021-03-23	5595	5718	5561	5633	687400	508806	0
2021-03-24	5644	5725	5610	5690	545367	498317	0
2021-03-25	5695	5726	5586	5656	598949	532552	0
2021-03-26	5672	5681	5599	5613	604692	557517	0
2021-03-29	5610	5796	5582	5777	800403	551223	0
2021-03-30	5760	5764	5656	5668	589823	568153	0
2021-03-31	5662	5668	5477	5586	853237	594382	0
2021-04-01	5596	5698	5550	5659	586000	568575	0
2021-04-02	5621	5703	5599	5652	628251	586406	0
2021-04-06	5608	5633	5491	5563	628330	621382	0
2021-04-07	5585	5641	5559	5625	485851	596528	0
2021-04-08	5616	5831	5610	5770	859456	602092	0
2021-04-09	5785	5811	5670	5670	553691	586281	0
2021-04-12	5720	5882	5717	5862	674019	580170	0
2021-04-13	5841	5986	5716	5972	1002886	579994	0
2021-04-14	5909	5912	5811	5861	747787	567388	0
2021-04-15	5879	5898	5776	5848	707472	568803	0
2021-04-16	5861	5899	5831	5850	467567	556388	0
2021-04-19	5743	5811	5669	5683	651747	611450	0
2021-04-20	5661	5703	5637	5651	376954	605643	0
2021-04-21	5621	5792	5599	5749	697480	597102	0
2021-04-22	5776	5900	5734	5900	609805	561633	0
2021-04-23	5904	5987	5843	5862	691848	561685	0
2021-04-26	5850	5884	5711	5713	635846	578183	0
2021-04-27	5742	5808	5721	5760	432713	559728	0
2021-04-28	5782	5802	5735	5758	401521	558744	0
2021-04-29	5771	5846	5718	5739	624835	569243	0
2021-04-30	5760	5776	5688	5740	444880	499655	0
2021-05-06	5764	5776	5605	5640	457607	560540	0
2021-05-07	5659	5809	5656	5765	650596	558836	0
2021-05-10	5820	5878	5739	5787	570120	553072	0
2021-05-11	5762	5799	5693	5719	485838	548666	0
2021-05-12	5736	5756	5672	5724	400859	537577	0
2021-05-13	5715	5788	5646	5719	582714	549894	0
2021-05-14	5719	5743	5658	5714	494981	543317	0
2021-05-17	5738	5835	5732	5790	531827	554520	0
2021-05-18	5817	5880	5796	5809	495456	568476	0
2021-05-19	5804	5913	5797	5885	511219	577670	0
2021-05-20	5888	6118	5867	6116	798471	607804	0
2021-05-21	6199	6338	6136	6338	668921	577639	0
2021-05-24	6448	6634	6214	6365	1425827	520883	0
2021-05-25	6430	6458	6282	6328	764763	509004	0
2021-05-26	6312	6320	5979	6018	1062333	527850	0
2021-05-27	6078	6312	6048	6312	883339	473056	0
2021-05-28	6407	6410	6211	6272	828388	477605	0
2021-05-31	6317	6366	6228	6272	548097	458897	0
2021-06-01	6292	6307	6154	6250	576331	483941	0
2021-06-02	6218	6222	6095	6163	517989	465313	0
2021-06-03	6134	6212	6111	6161	407509	466893	0
2021-06-04	6170	6360	6165	6295	766549	499708	0
2021-06-07	6295	6351	6255	6284	422291	465174	0
2021-06-08	6293	6293	6152	6238	484378	460106	0
2021-06-09	6255	6335	6194	6317	465956	471023	0
2021-06-10	6365	6486	6281	6283	877383	503476	0
2021-06-11	6303	6353	6273	6319	405677	454377	0
2021-06-15	6301	6391	6206	6330	499842	459331	0
2021-06-16	6319	6341	6269	6320	306252	438441	0
2021-06-17	6321	6391	6283	6297	485740	451934	0
2021-06-18	6262	6354	6257	6351	393981	436529	0
2021-06-21	6368	6404	6176	6192	545039	458067	0
2021-06-22	6230	6242	6151	6190	429766	437794	0
2021-06-23	6185	6221	6157	6177	299146	429088	0
2021-06-24	6174	6248	6087	6242	542886	457789	0
2021-06-25	6260	6286	6175	6182	346042	421087	0
2021-06-28	6207	6246	6166	6186	271577	417776	0
2021-06-29	6205	6218	6135	6139	328527	436213	0
2021-06-30	6143	6189	6128	6169	249981	417523	0
2021-07-01	6188	6219	6149	6167	274650	428861	0
2021-07-02	6173	6206	6139	6177	266663	411600	0
2021-07-05	6196	6295	6192	6277	355055	437034	0
2021-07-06	6304	6318	6249	6275	232204	419876	0
2021-07-07	6231	6317	6221	6268	379819	445173	0
2021-07-08	6271	6276	6144	6154	351167	438551	0
2021-07-09	6174	6190	6144	6158	193497	429232	0
2021-07-12	6168	6184	6016	6043	441437	490128	0
2021-07-13	6051	6051	5962	6005	349539	482310	0
2021-07-14	6001	6055	5979	5989	289066	486256	0
2021-07-15	5980	6029	5937	5988	284263	475638	0
2021-07-16	5993	6067	5986	6042	239173	462545	0
2021-07-19	6073	6179	6038	6135	404391	459521	0
2021-07-20	6106	6145	5993	5998	329656	439933	0
2021-07-21	6012	6017	5960	5985	215484	447368	0
2021-07-22	5999	6031	5970	5983	193922	447753	0
2021-07-23	5987	6019	5864	5865	360760	483853	0
2021-07-26	5876	5920	5866	5913	214994	457034	0
2021-07-27	5915	5953	5881	5902	239171	456652	0
2021-07-28	5907	5950	5888	5945	230816	442843	0
2021-07-29	5952	6000	5935	5955	223679	435667	0
2021-07-30	5966	6036	5911	5981	288978	427310	0
2021-08-02	5971	5979	5906	5968	245371	419668	0
2021-08-03	5956	6015	5949	5999	217753	411478	0
2021-08-04	5994	6140	5992	6107	412673	446431	0
2021-08-05	6112	6144	6063	6086	247901	419885	0
2021-08-06	6095	6106	6057	6086	185860	417046	0
2021-08-09	6087	6087	5937	5945	297376	419943	0
2021-08-10	5924	5978	5898	5957	199882	406239	0
2021-08-11	5964	5976	5925	5963	179248	410772	0
2021-08-12	5986	6065	5986	6035	307385	430917	0
2021-08-13	6025	6075	6004	6061	184043	420215	0
2021-08-16	6097	6124	6025	6051	222177	428635	0
2021-08-17	6055	6218	6037	6149	382626	447512	0
2021-08-18	6147	6148	6059	6083	224733	428808	0
2021-08-19	6002	6028	5917	5928	353715	427426	0
2021-08-20	5919	5978	5915	5934	194721	405922	0
2021-08-23	5955	5956	5834	5841	317302	434391	0
2021-08-24	5855	5888	5850	5879	155126	416022	0
2021-08-25	5908	5949	5855	5921	305275	429128	0
2021-08-26	5941	5994	5932	5944	266457	407931	0
2021-08-27	5933	5993	5897	5949	224379	411113	0
2021-08-30	5938	5940	5885	5891	227785	420195	0
2021-08-31	5873	5909	5850	5850	174318	428051	0
2021-09-01	5819	5821	5641	5644	421150	490997	0
2021-09-02	5646	5679	5598	5642	312785	466016	0
2021-09-03	5659	5708	5624	5663	236360	461613	0
2021-09-06	5575	5662	5516	5609	398419	481863	0
2021-09-07	5615	5642	5584	5609	187950	456047	0
2021-09-08	5597	5614	5423	5424	380277	484283	0
2021-09-09	5430	5577	5404	5526	376501	446046	0
2021-09-10	5509	5623	5508	5596	317041	431547	0
2021-09-13	5609	5656	5550	5592	246362	420748	0
2021-09-14	5595	5634	5562	5602	212117	420230	0
2021-09-15	5609	5689	5608	5637	268439	415970	0
2021-09-16	5663	5714	5597	5645	328310	408699	0
2021-09-17	5639	5719	5636	5716	237892	383019	0
2021-09-22	5972	6015	5825	6010	595880	411330	0
2021-09-23	6059	6124	5907	5947	436252	381304	0
2021-09-24	5980	6399	5980	6399	551188	372102	0
2021-09-27	6331	6364	6169	6237	518942	361923	0
2021-09-28	6291	6406	6213	6300	447626	343308	0
2021-09-29	6362	6537	6332	6439	498704	335867	0
2021-09-30	6488	6541	6398	6538	310019	282702	0
2021-10-08	6658	6818	6529	6556	409404	319587	0
2021-10-11	6505	7064	6366	7048	903414	350071	0
2021-10-12	7112	7239	7050	7239	329907	325506	0
2021-10-13	7358	7468	6800	7308	913700	314556	0
2021-10-14	7311	7366	7123	7326	505283	309050	0
2021-10-15	7307	7429	7240	7260	450002	306689	0
2021-10-18	7142	7827	7142	7759	683223	330080	0
2021-10-19	7747	8097	7653	7743	674297	312501	0
2021-10-20	7612	8002	7590	7915	545050	307329	0
2021-10-21	7986	7986	7828	7858	350016	287898	0
2021-10-22	7864	8083	7783	8027	645459	319212	0
2021-10-25	8290	8681	8176	8664	586170	303253	0
2021-10-26	8737	8779	8403	8657	655611	295643	0
2021-10-27	8612	8614	8390	8525	501187	282265	0
2021-10-28	8489	8559	7751	8195	910707	315530	0
2021-10-29	8195	8244	8017	8180	489327	277115	0
2021-11-01	8023	8167	7946	8057	405881	265242	0
2021-11-02	8038	8411	7919	8344	572323	291005	0
2021-11-03	8326	8433	8173	8299	463068	268420	0
2021-11-04	8235	8394	7770	7815	649956	287475	0
2021-11-05	7716	7943	7672	7904	490682	269551	0
2021-11-08	7952	7992	7805	7884	422646	275917	0
2021-11-09	7873	7942	7792	7919	349235	270300	0
2021-11-10	7916	8156	7892	8087	427747	269078	0
2021-11-11	8067	8152	8000	8111	392081	264491	0
2021-11-12	8108	8328	8073	8140	509770	278622	0
2021-11-15	8133	8238	8099	8207	282256	257520	0
2021-11-16	8190	8266	8039	8239	376102	267316	0
2021-11-17	8212	8218	8016	8022	317171	255029	0
2021-11-18	8037	8293	7991	8293	423818	280163	0
2021-11-19	8309	8433	8238	8400	342027	268078	0
2021-11-22	8406	8486	8345	8384	314459	272823	0
2021-11-23	8355	8358	8154	8322	399085	274182	0
2021-11-24	8302	8347	8208	8294	282797	264386	0
2021-11-25	8353	8464	8243	8261	392640	279696	0
2021-11-26	8218	8391	8188	8376	314117	270385	0
2021-11-29	8303	8318	8160	8204	342294	269279	0
2021-11-30	8182	8273	8082	8216	352245	262568	0
2021-12-01	8191	8235	8120	8181	264049	242744	0
2021-12-02	8162	8214	8031	8039	369086	275686	0
2021-12-03	8052	8200	8008	8178	323498	255472	0
2021-12-06	8244	8286	8151	8238	263510	251158	0
2021-12-07	8242	8271	8183	8247	188881	244086	0
2021-12-08	8219	8256	8118	8210	278666	253887	0
2021-12-09	8200	8241	8116	8129	275011	251526	0
2021-12-10	8105	8309	8092	8308	391313	290898	0
2021-12-13	8298	8387	8279	8363	235027	274855	0
2021-12-14	8375	8385	8313	8355	195427	264961	0
2021-12-15	8326	8443	8293	8405	208937	258180	0
2021-12-16	8413	8435	8347	8359	196136	244787	0
2021-12-17	8373	8416	8109	8129	431450	283961	0
2021-12-20	8129	8226	7984	7985	263697	271589	0
2021-12-21	8036	8122	7881	8105	344720	292669	0
2021-12-22	8086	8104	7987	8056	252953	277722	0
2021-12-23	8072	8152	7894	8146	327603	297753	0
2021-12-24	8132	8262	8106	8228	251898	268343	0
2021-12-27	8181	8214	8120	8174	182261	259231	0
2021-12-28	8167	8341	8145	8304	227492	262819	0
2021-12-29	8289	8300	8196	8236	164375	245240	0
2021-12-30	8223	8251	8144	8154	184612	248774	0
2021-12-31	8150	8200	8102	8166	184385	232728	0
2022-01-04	8137	8168	7958	7977	322796	269423	0
2022-01-05	7987	8019	7820	7928	345210	276334	0
2022-01-06	7909	8055	7896	8027	214537	260463	0
2022-01-07	8091	8387	8049	8386	361392	259653	0
2022-01-10	8395	8402	8291	8368	145632	239374	0
2022-01-11	8365	8369	8248	8308	150346	223047	0
2022-01-12	8292	8293	8161	8210	173079	208995	0
2022-01-13	8169	8225	8093	8165	168955	214182	0
2022-01-14	8179	8329	8163	8268	192049	203414	0
2022-01-17	8258	8259	8047	8076	202241	216246	0
2022-01-18	8113	8330	8088	8296	245841	223234	0
2022-01-19	8267	8345	8205	8324	199208	227766	0
2022-01-20	8367	8567	8327	8500	239565	245116	0
2022-01-21	8481	8554	8451	8550	153685	235973	0
2022-01-24	8568	8612	8427	8516	176945	240780	0
2022-01-25	8488	8521	8384	8471	154137	227011	0
2022-01-26	8466	8474	8405	8467	99949	219854	0
2022-01-27	8438	8680	8416	8644	244141	241022	0
2022-01-28	8641	8655	8437	8497	153475	203461	0
2022-02-07	8521	8854	8463	8793	202262	231619	0
2022-02-08	8744	8748	8575	8608	154596	214211	0
2022-02-09	8529	8611	8522	8552	135880	213583	0
2022-02-10	8536	8572	8460	8534	136279	215274	0
2022-02-11	8459	8614	8445	8462	189085	228153	0
2022-02-14	8467	8585	8359	8545	181909	232816	0
2022-02-15	8527	8613	8502	8598	106112	235787	0
2022-02-16	8572	8741	8530	8716	166408	254789	0
2022-02-17	8692	8740	8658	8692	104191	239774	0
2022-02-18	8752	8919	8738	8878	202526	263856	0
2022-02-21	8806	8813	8643	8696	176596	233140	0
2022-02-22	8679	8894	8670	8737	197775	239831	0
2022-02-23	8761	8783	8683	8684	120128	228181	0
2022-02-24	8669	8788	8651	8744	130603	218659	0
2022-02-25	8678	8797	8575	8697	234197	228810	0
2022-02-28	8709	8916	8645	8834	180078	222386	0
2022-03-01	8843	9064	8836	9062	183395	238021	0
2022-03-02	9084	9161	8982	9159	153490	219831	0
2022-03-03	9133	9337	9056	9267	280038	232816	0
2022-03-04	9211	9223	9092	9187	117860	213396	0
2022-03-07	9336	9472	9220	9456	178408	213651	0
2022-03-08	9385	9734	9352	9699	207463	206717	0
2022-03-09	9554	9554	9240	9267	236084	196937	0
2022-03-10	9056	9230	9001	9030	154953	182464	0
2022-03-11	8999	9038	8694	8698	148403	176467	0
2022-03-14	8550	8693	8440	8491	170880	174158	0
2022-03-15	8382	8572	8313	8318	196476	170965	0
2022-03-16	8490	8567	8448	8513	142741	164931	0
2022-03-17	8487	8545	8411	8505	140640	172205	0
2022-03-18	8537	8588	8402	8411	110801	174933	0
2022-03-21	8357	8407	8266	8281	130865	182595	0
2022-03-22	8265	8441	8264	8388	119187	181452	0
2022-03-23	8375	8628	8370	8586	137717	185010	0
2022-03-24	8636	8747	8583	8639	129618	183649	0
2022-03-25	8655	8812	8586	8799	146149	187647	0
2022-03-28	8786	8812	8651	8719	164376	188833	0
2022-03-29	8685	8880	8678	8815	138278	196569	0
2022-03-30	8786	8837	8576	8576	228454	216496	0
2022-03-31	8584	8697	8487	8637	231263	213147	0
2022-04-01	8697	8993	8687	8993	278114	244958	0
2022-04-06	9148	9289	9080	9218	282603	257128	0
2022-04-07	9175	9272	8848	8898	389873	268563	0
2022-04-08	8952	9207	8854	9194	303310	270964	0
2022-04-11	9377	9436	9279	9344	369434	292540	0
2022-04-12	9344	9376	9253	9319	250731	271666	0
2022-04-13	9315	9407	8981	8990	369105	286670	0
2022-04-14	9090	9215	8967	9008	298916	273976	0
2022-04-15	9088	9128	8923	8980	312886	280584	0
2022-04-18	9070	9116	8886	8932	295891	272751	0
2022-04-19	8964	9046	8932	8965	210916	269345	0
2022-04-20	9017	9109	8886	8935	351918	285615	0
2022-04-21	8962	9009	8902	8923	198373	271169	0
2022-04-22	8957	8992	8700	8722	298465	270215	0
2022-04-25	8672	8889	8662	8789	321114	254739	0
2022-04-26	8788	9198	8742	9188	414674	275208	0
2022-04-27	9212	9367	9143	9349	415241	285382	0
2022-04-28	9379	9525	9299	9419	399158	279764	0
2022-04-29	9382	9484	9268	9383	349857	261248	0
2022-05-05	9502	9533	9396	9469	241765	268770	0
2022-05-06	9449	9569	9305	9468	340144	288096	0
2022-05-09	9505	9505	9211	9256	285634	278301	0
2022-05-10	9201	9318	9090	9246	276459	280448	0
2022-05-11	9189	9473	9146	9472	284965	297368	0
2022-05-12	9543	9547	9389	9460	254352	300376	0
2022-05-13	9462	9590	9360	9372	269005	294915	0
2022-05-16	9347	9386	9233	9266	189220	282357	0
2022-05-17	9276	9464	9249	9333	233159	293429	0
2022-05-18	9311	9343	9263	9278	87293	290914	0
数据来源:通达信
