BUL9 沥青指数 日线 前复权
      日期	    开盘	    最高	    最低	    收盘	    成交量	    持仓量	    结算价
2013-10-09	4598	4650	4478	4482	348084	70826	0
2013-10-10	4472	4526	4458	4508	211202	59318	0
2013-10-11	4514	4526	4460	4470	184686	65140	0
2013-10-14	4480	4494	4438	4448	152084	71040	0
2013-10-15	4452	4498	4440	4446	205172	67194	0
2013-10-16	4434	4488	4432	4436	208108	70434	0
2013-10-17	4452	4464	4412	4414	143604	76362	0
2013-10-18	4416	4432	4404	4406	90502	78640	0
2013-10-21	4414	4468	4410	4456	156472	62104	0
2013-10-22	4448	4456	4432	4444	58382	59474	0
2013-10-23	4436	4448	4412	4440	85922	57502	0
2013-10-24	4438	4482	4430	4460	162240	56806	0
2013-10-25	4464	4464	4410	4410	116512	43412	0
2013-10-28	4414	4416	4252	4270	357956	97430	0
2013-10-29	4270	4288	4250	4272	232692	96152	0
2013-10-30	4272	4330	4230	4318	393468	63580	0
2013-10-31	4308	4326	4290	4294	129564	56496	0
2013-11-01	4290	4342	4258	4312	192536	46292	0
2013-11-04	4284	4338	4282	4316	94986	45510	0
2013-11-05	4312	4332	4268	4312	127518	43728	0
2013-11-06	4304	4320	4294	4312	71676	45792	0
2013-11-07	4316	4324	4272	4278	114216	65332	0
2013-11-08	4276	4286	4256	4264	104266	72412	0
2013-11-11	4266	4288	4258	4282	61848	67726	0
2013-11-12	4276	4310	4272	4306	88762	55092	0
2013-11-13	4284	4294	4266	4290	65736	57160	0
2013-11-14	4300	4306	4268	4270	52176	61116	0
2013-11-15	4270	4288	4250	4274	106202	60764	0
2013-11-18	4282	4318	4276	4296	49984	55752	0
2013-11-19	4286	4308	4270	4300	72776	57862	0
2013-11-20	4300	4330	4300	4314	76396	56864	0
2013-11-21	4310	4314	4294	4302	33602	54952	0
2013-11-22	4316	4354	4314	4342	75690	54746	0
2013-11-25	4340	4372	4322	4360	85036	56340	0
2013-11-26	4362	4446	4356	4374	228092	50498	0
2013-11-27	4372	4386	4336	4340	77680	46426	0
2013-11-28	4336	4362	4324	4350	48134	42292	0
2013-11-29	4356	4370	4336	4356	42366	40144	0
2013-12-02	4366	4376	4346	4358	46410	41828	0
2013-12-03	4364	4404	4356	4386	83056	45078	0
2013-12-04	4410	4414	4382	4392	94150	50120	0
2013-12-05	4400	4408	4376	4380	57612	43332	0
2013-12-06	4386	4432	4364	4426	137768	63982	0
2013-12-09	4426	4442	4380	4400	120384	51104	0
2013-12-10	4402	4410	4384	4392	51038	50586	0
2013-12-11	4394	4406	4384	4394	33482	48892	0
2013-12-12	4400	4422	4376	4392	80196	53832	0
2013-12-13	4392	4392	4308	4374	89038	50000	0
2013-12-16	4380	4386	4340	4366	35422	46722	0
2013-12-17	4366	4368	4334	4336	35744	45990	0
2013-12-18	4336	4346	4322	4340	23716	45324	0
2013-12-19	4340	4356	4334	4334	14312	44202	0
2013-12-20	4334	4356	4322	4322	31336	46666	0
2013-12-23	4322	4338	4314	4336	22966	45178	0
2013-12-24	4334	4340	4322	4332	15920	45402	0
2013-12-25	4332	4362	4332	4344	16876	46752	0
2013-12-26	4348	4350	4276	4288	67832	54982	0
2013-12-27	4284	4334	4270	4324	58462	47448	0
2013-12-30	4326	4348	4320	4342	22334	42216	0
2013-12-31	4328	4332	4300	4312	24220	44162	0
2014-01-02	4310	4322	4292	4300	24404	45482	0
2014-01-03	4292	4302	4266	4290	25152	45662	0
2014-01-06	4282	4316	4276	4298	17490	45934	0
2014-01-07	4286	4300	4262	4262	25656	49250	0
2014-01-08	4262	4290	4222	4288	38568	46616	0
2014-01-09	4280	4324	4278	4296	24794	44092	0
2014-01-10	4296	4318	4274	4296	11184	43332	0
2014-01-13	4294	4330	4292	4320	12766	42070	0
2014-01-14	4322	4354	4314	4352	21946	42446	0
2014-01-15	4334	4382	4334	4378	24686	45478	0
2014-01-16	4384	4440	4366	4372	17796	42026	0
2014-01-17	4382	4390	4354	4366	15492	41174	0
2014-01-20	4366	4384	4344	4366	16408	37306	0
2014-01-21	4370	4374	4350	4358	9484	36758	0
2014-01-22	4376	4382	4354	4360	7412	35172	0
2014-01-23	4368	4368	4360	4366	4306	34914	0
2014-01-24	4366	4382	4364	4372	8486	31078	0
2014-01-27	4362	4392	4362	4380	8836	28508	0
2014-01-28	4380	4394	4376	4380	7726	25298	0
2014-01-29	4378	4380	4338	4372	8556	23352	0
2014-01-30	4372	4432	4358	4390	7588	22704	0
2014-02-07	4392	4422	4392	4422	9496	20468	0
2014-02-10	4422	4438	4396	4430	11986	19670	0
2014-02-11	4412	4432	4412	4428	5710	19088	0
2014-02-12	4424	4426	4360	4364	10930	16016	0
2014-02-13	4374	4384	4312	4338	3198	16308	0
2014-02-14	4346	4416	4268	4280	8424	17952	0
2014-02-17	4374	4388	4326	4350	13682	18466	0
2014-02-18	4386	4394	4372	4386	7944	13134	0
2014-02-19	4392	4402	4370	4374	7584	12942	0
2014-02-20	4372	4378	4318	4356	18720	14846	0
2014-02-21	4354	4358	4326	4350	9624	15608	0
2014-02-24	4346	4356	4322	4326	6792	15780	0
2014-02-25	4332	4342	4322	4326	6120	15548	0
2014-02-26	4330	4330	4220	4258	31590	22378	0
2014-02-27	4256	4282	4244	4262	12680	21422	0
2014-02-28	4262	4268	4246	4260	7354	19936	0
2014-03-03	4272	4274	4242	4250	6462	20190	0
2014-03-04	4250	4260	4236	4236	11234	21786	0
2014-03-05	4244	4280	4242	4256	6542	20934	0
2014-03-06	4254	4254	4220	4248	11640	21742	0
2014-03-07	4252	4262	4226	4234	13184	24890	0
2014-03-10	4222	4228	4146	4182	33154	30556	0
2014-03-11	4178	4228	4172	4210	16542	29114	0
2014-03-12	4198	4200	4152	4182	12462	29608	0
2014-03-13	4180	4190	4170	4182	11202	32450	0
2014-03-14	4176	4184	4154	4180	10010	31576	0
2014-03-17	4182	4196	4168	4180	10010	31636	0
2014-03-18	4188	4200	4184	4196	7720	29958	0
2014-03-19	4198	4232	4196	4216	19360	31438	0
2014-03-20	4228	4238	4218	4220	11134	30526	0
2014-03-21	4218	4228	4198	4222	11526	29810	0
2014-03-24	4220	4238	4220	4230	9516	29374	0
2014-03-25	4230	4256	4222	4240	13692	26484	0
2014-03-26	4238	4250	4214	4220	12984	26318	0
2014-03-27	4222	4224	4208	4216	8942	25290	0
2014-03-28	4214	4220	4050	4172	31654	28460	0
2014-03-31	4290	4290	4170	4172	14026	26280	0
2014-04-01	4168	4186	4162	4182	5332	27222	0
2014-04-02	4178	4184	4144	4148	12436	29822	0
2014-04-03	4144	4150	4098	4120	16014	34862	0
2014-04-04	4122	4140	4120	4134	8812	31510	0
2014-04-08	4136	4188	4132	4158	16758	29928	0
2014-04-09	4162	4174	4156	4162	7140	30740	0
2014-04-10	4166	4166	4148	4158	8186	32584	0
2014-04-11	4154	4170	4150	4168	5030	32472	0
2014-04-14	4170	4236	4170	4218	21388	30526	0
2014-04-15	4236	4236	4214	4220	4172	29582	0
2014-04-16	4218	4234	4194	4202	17558	30720	0
2014-04-17	4204	4204	4180	4188	10174	29684	0
2014-04-18	4188	4194	4172	4186	10504	27608	0
2014-04-21	4192	4206	4146	4172	10700	27450	0
2014-04-22	4170	4178	4152	4178	10740	26508	0
2014-04-23	4178	4178	4160	4176	6368	26640	0
2014-04-24	4174	4212	4172	4210	14190	25928	0
2014-04-25	4206	4218	4192	4200	6836	26252	0
2014-04-28	4196	4218	4192	4214	10672	26428	0
2014-04-29	4212	4218	4202	4214	9540	26266	0
2014-04-30	4216	4240	4206	4238	11794	23680	0
2014-05-05	4238	4240	4216	4236	7940	22182	0
2014-05-06	4228	4240	4224	4230	5540	24086	0
2014-05-07	4234	4240	4198	4202	4836	24230	0
2014-05-08	4202	4226	4202	4218	4828	25410	0
2014-05-09	4220	4226	4218	4224	2202	25464	0
2014-05-12	4220	4232	4220	4224	1944	25378	0
2014-05-13	4226	4234	4218	4228	2188	25356	0
2014-05-14	4226	4230	4224	4228	1428	25384	0
2014-05-15	4228	4230	4222	4224	1542	25114	0
2014-05-16	4224	4226	4210	4226	3156	25198	0
2014-05-19	4224	4228	4212	4220	4078	25618	0
2014-05-20	4218	4224	4214	4224	2772	25970	0
2014-05-21	4222	4238	4214	4228	7810	25726	0
2014-05-22	4230	4244	4224	4234	4634	26154	0
2014-05-23	4234	4238	4230	4230	2536	26290	0
2014-05-26	4230	4234	4216	4224	2294	26752	0
2014-05-27	4224	4230	4182	4186	7746	27458	0
2014-05-28	4192	4192	4148	4152	6540	27866	0
2014-05-29	4160	4162	4138	4158	6194	30124	0
2014-05-30	4156	4178	4150	4172	5784	30770	0
2014-06-03	4172	4178	4140	4164	5900	32956	0
2014-06-04	4160	4176	4160	4172	2568	33848	0
2014-06-05	4172	4176	4168	4172	2208	34422	0
2014-06-06	4172	4176	4164	4172	1978	34518	0
2014-06-09	4170	4178	4166	4174	3708	35202	0
2014-06-10	4174	4184	4172	4178	4204	35592	0
2014-06-11	4178	4184	4162	4178	5184	35870	0
2014-06-12	4178	4188	4174	4184	1480	35814	0
2014-06-13	4182	4226	4182	4216	5960	35230	0
2014-06-16	4212	4216	4176	4180	2332	35058	0
2014-06-17	4252	4260	4248	4254	1244	27256	0
2014-06-18	4254	4256	4252	4252	1092	27016	0
2014-06-19	4250	4252	4236	4238	1934	27076	0
2014-06-20	4238	4244	4234	4238	1476	26868	0
2014-06-23	4242	4272	4242	4254	2068	26786	0
2014-06-24	4256	4264	4232	4246	2198	27460	0
2014-06-25	4242	4252	4240	4246	518	27498	0
2014-06-26	4248	4252	4238	4240	1056	27322	0
2014-06-27	4238	4250	4236	4246	678	27138	0
2014-06-30	4252	4260	4248	4256	1406	27106	0
2014-07-01	4252	4256	4220	4244	2072	26746	0
2014-07-02	4242	4266	4236	4264	3660	26666	0
2014-07-03	4270	4280	4260	4278	6026	26492	0
2014-07-04	4284	4306	4276	4286	5864	28088	0
2014-07-07	4292	4292	4268	4272	3064	28040	0
2014-07-08	4270	4278	4252	4256	3032	28928	0
2014-07-09	4266	4266	4250	4252	2030	29656	0
2014-07-10	4258	4266	4252	4258	1696	29936	0
2014-07-11	4268	4268	4258	4262	1214	29672	0
2014-07-14	4264	4264	4254	4260	1870	29060	0
2014-07-15	4264	4276	4264	4274	1596	28828	0
2014-07-16	4270	4278	4266	4266	1772	28510	0
2014-07-17	4270	4272	4264	4270	1324	28102	0
2014-07-18	4272	4272	4266	4270	802	27812	0
2014-07-21	4272	4276	4250	4258	3842	29116	0
2014-07-22	4262	4262	4244	4250	3514	28938	0
2014-07-23	4252	4252	4240	4242	5358	29332	0
2014-07-24	4244	4250	4230	4246	5798	29664	0
2014-07-25	4248	4256	4238	4254	4004	28114	0
2014-07-28	4254	4270	4248	4270	3596	26772	0
2014-07-29	4274	4284	4266	4268	1900	26816	0
2014-07-30	4268	4268	4250	4252	3128	26276	0
2014-07-31	4252	4262	4242	4250	7374	26086	0
2014-08-01	4232	4256	4232	4254	2862	25960	0
2014-08-08	4262	4266	4256	4262	2096	25434	0
2014-08-11	4254	4268	4252	4252	1452	25184	0
2014-08-12	4252	4252	4204	4228	2040	25118	0
2014-08-13	4222	4226	4194	4218	2472	25248	0
2014-08-14	4204	4218	4196	4214	974	25162	0
2014-08-15	4200	4216	4178	4192	2044	25584	0
2014-08-19	4204	4212	4204	4204	1970	24982	0
2014-08-20	4210	4222	4204	4220	662	24700	0
2014-08-21	4234	4242	4226	4238	1564	24750	0
2014-08-22	4236	4242	4232	4234	1516	24742	0
2014-08-25	4242	4256	4234	4248	1778	24470	0
2014-08-26	4250	4274	4250	4266	5406	23274	0
2014-08-27	4268	4276	4264	4274	2968	22070	0
2014-08-28	4278	4286	4272	4286	6708	21326	0
2014-08-29	4284	4284	4256	4270	1940	21268	0
2014-09-01	4272	4278	4268	4276	794	20748	0
2014-09-02	4272	4288	4268	4286	1822	19258	0
2014-09-03	4280	4308	4280	4282	1986	17794	0
2014-09-04	4294	4294	4286	4294	1138	16988	0
2014-09-05	4290	4336	4282	4336	1586	15734	0
2014-09-09	4334	4334	4290	4310	4950	15318	0
2014-09-10	4312	4336	4304	4336	924	14532	0
2014-09-11	4320	4484	4320	4484	624	14030	0
2014-09-12	4484	4564	4342	4564	278	13960	0
2014-09-15	4564	4564	4540	4540	814	13210	0
2014-09-16	4266	4266	4192	4192	86	484	0
2014-09-17	4194	4202	4192	4202	24	488	0
2014-09-18	4200	4200	4168	4180	72	520	0
2014-09-19	4172	4172	4064	4100	98	500	0
2014-09-22	4118	4222	4038	4066	218	498	0
2014-09-23	4072	4074	4044	4072	18	494	0
2014-09-24	4050	4050	4050	4050	6	492	0
2014-09-25	4014	4068	4012	4062	46	508	0
2014-09-26	4058	4090	4048	4048	24	512	0
2014-09-29	4192	4192	4066	4142	62	518	0
2014-09-30	4086	4156	4086	4122	12	522	0
2014-10-08	4288	4288	4050	4138	34	522	0
2014-10-09	4106	4180	4090	4100	96	518	0
2014-10-10	4124	4140	4092	4092	46	526	0
2014-10-13	4090	4124	4088	4102	148	546	0
2014-10-14	4138	4140	4088	4114	166	540	0
2014-10-15	4106	4106	4078	4078	72	558	0
2014-10-16	4072	4080	4072	4072	14	568	0
2014-10-17	4068	4096	4068	4082	178	558	0
2014-10-20	4072	4076	4068	4076	18	568	0
2014-10-21	4102	4102	4078	4084	208	568	0
2014-10-22	4122	4122	4082	4092	140	572	0
2014-10-23	4098	4098	4084	4094	8	568	0
2014-10-24	4092	4104	4088	4100	22	570	0
2014-10-27	4094	4096	4082	4082	18	564	0
2014-10-28	4064	4064	4036	4058	12	564	0
2014-10-29	4072	4076	4050	4070	78	514	0
2014-10-30	4106	4106	4058	4068	24	500	0
2014-10-31	4054	4090	4054	4070	16	494	0
2014-11-03	4094	4100	4066	4070	152	490	0
2014-11-04	4068	4082	4056	4072	56	458	0
2014-11-05	4076	4076	4034	4034	56	430	0
2014-11-06	4042	4042	4040	4040	26	430	0
2014-11-07	4026	4036	4022	4024	40	412	0
2014-11-10	4004	4020	4000	4010	52	392	0
2014-11-11	4000	4004	3998	3998	20	376	0
2014-11-12	4002	4034	4002	4022	376	352	0
2014-11-13	4028	4034	3998	3998	88	324	0
2014-11-14	3906	4018	3906	3930	128	330	0
2014-11-17	3916	3988	3808	3808	356	336	0
2014-11-18	3810	3810	3708	3716	156	358	0
2014-11-19	3682	3820	3680	3740	196	340	0
2014-11-20	3696	3730	3696	3728	22	338	0
2014-11-21	3694	3736	3692	3718	12	334	0
2014-11-24	3684	3764	3684	3744	38	322	0
2014-11-25	3730	3764	3724	3730	14	324	0
2014-11-26	3726	3726	3676	3678	40	322	0
2014-11-27	3670	3688	3650	3650	28	314	0
2014-11-28	3576	3666	3558	3558	92	332	0
2014-12-01	3646	3662	3542	3660	46	330	0
2014-12-02	3694	3694	3662	3662	4	330	0
2014-12-03	3650	3774	3590	3728	54	332	0
2014-12-04	3752	3752	3640	3650	26	334	0
2014-12-05	3636	3732	3534	3546	52	320	0
2014-12-08	3432	3462	3394	3394	138	284	0
2014-12-09	3394	3420	3368	3378	50	288	0
2014-12-10	3372	3484	3372	3484	150	166	0
2014-12-11	3496	3500	3470	3470	20	164	0
2014-12-12	3484	3500	3466	3500	12	166	0
2014-12-15	3500	3500	3500	3500	2	166	0
2014-12-16	3522	3522	3486	3486	22	144	0
2014-12-17	3482	3494	3480	3482	26	156	0
2014-12-18	3484	3496	3452	3496	28	160	0
2014-12-19	3494	3506	3494	3506	6	160	0
2014-12-22	3486	3496	3486	3496	4	160	0
2014-12-23	3490	3490	3466	3474	8	162	0
2014-12-24	3476	3526	3442	3490	20	160	0
2014-12-25	3476	3514	3442	3476	20	158	0
2014-12-26	3478	3494	3470	3494	8	158	0
2014-12-29	3490	3530	3474	3518	38	164	0
2014-12-30	3576	3576	3454	3526	130	164	0
2014-12-31	3532	3532	3508	3520	42	166	0
2015-01-05	3514	3516	3504	3504	34	166	0
2015-01-06	3504	3624	3454	3484	318	362	0
2015-01-07	3484	3504	3446	3462	122	450	0
2015-01-08	3414	3542	3388	3418	306	628	0
2015-01-09	3404	3404	3270	3274	478	652	0
2015-01-12	3254	3268	3090	3104	1680	1246	0
2015-01-13	3104	3104	2966	2966	2132	1666	0
2015-01-14	2958	3036	2836	2932	8450	2526	0
2015-01-15	2968	3024	2854	2964	10706	2962	0
2015-01-16	3006	3024	2944	2968	6784	3052	0
2015-01-19	2970	2992	2888	2896	7340	4230	0
2015-01-20	2876	2914	2876	2892	5308	4404	0
2015-01-21	2900	2910	2838	2854	7658	4822	0
2015-01-22	2870	2904	2866	2886	6790	5042	0
2015-01-23	2900	2900	2860	2866	4452	5464	0
2015-01-26	2812	2858	2746	2750	8410	6440	0
2015-01-27	2760	2802	2760	2772	7594	6400	0
2015-01-28	2774	2826	2772	2792	5752	5988	0
2015-01-29	2792	2800	2772	2784	3802	6442	0
2015-01-30	2786	2790	2748	2750	4694	6784	0
2015-02-02	2760	2794	2714	2776	9612	7304	0
2015-02-03	2786	2846	2770	2838	11418	7888	0
2015-02-04	2842	2864	2794	2816	14978	9074	0
2015-02-05	2818	2824	2778	2782	9480	9980	0
2015-02-06	2798	2832	2796	2826	10326	9782	0
2015-02-09	2830	2836	2808	2824	6876	9880	0
2015-02-10	2826	2838	2812	2824	4692	9762	0
2015-02-11	2822	2842	2818	2830	5090	9808	0
2015-02-12	2826	2858	2824	2854	5408	9002	0
2015-02-13	2902	2972	2872	2970	15056	9764	0
2015-02-16	2984	3028	2956	2970	13426	9350	0
2015-02-17	2972	2992	2918	2974	9374	8614	0
2015-02-25	2934	2942	2786	2932	5952	7728	0
2015-02-26	2934	3034	2932	3026	15380	9548	0
2015-02-27	3020	3088	3018	3080	26494	11522	0
2015-03-02	3118	3194	3094	3160	35488	16858	0
2015-03-03	3168	3290	3156	3204	73944	18258	0
2015-03-04	3206	3212	3140	3170	43574	18534	0
2015-03-05	3184	3190	3026	3052	65994	18840	0
2015-03-06	3060	3132	2998	3006	63450	19614	0
2015-03-09	2994	3060	2938	3026	95130	20112	0
2015-03-10	3022	3052	2968	2986	50268	19350	0
2015-03-11	2954	2990	2936	2962	34868	20388	0
2015-03-12	2974	3032	2964	3028	40072	20702	0
2015-03-13	3034	3068	3018	3054	46976	21526	0
2015-03-16	3032	3034	2950	2996	43948	19344	0
2015-03-17	2984	3022	2978	2992	31506	18974	0
2015-03-18	2972	3012	2972	2974	26266	19418	0
2015-03-19	2966	3048	2952	2998	34282	19246	0
2015-03-20	2990	3020	2986	2996	21808	18860	0
2015-03-23	3012	3114	3012	3098	52624	23684	0
2015-03-24	3106	3168	3072	3124	66204	23886	0
2015-03-25	3162	3162	3078	3094	37084	24240	0
2015-03-26	3110	3188	3106	3166	80980	27106	0
2015-03-27	3156	3180	3086	3128	65700	25186	0
2015-03-30	3142	3152	3072	3082	46238	23574	0
2015-03-31	3080	3136	3080	3088	41130	22748	0
2015-04-01	3092	3114	3072	3108	32300	21868	0
2015-04-02	3122	3242	3110	3242	103326	30992	0
2015-04-03	3232	3360	3206	3280	209808	32002	0
2015-04-07	3324	3392	3324	3368	59570	33082	0
2015-04-08	3346	3394	3262	3330	145542	30232	0
2015-04-09	3326	3326	3240	3298	115854	32556	0
2015-04-10	3316	3434	3316	3372	255878	44034	0
2015-04-13	3368	3456	3366	3388	196502	44078	0
2015-04-14	3410	3436	3330	3364	135586	43710	0
2015-04-15	3376	3424	3352	3374	159910	44730	0
2015-04-16	3382	3474	3368	3450	239992	53964	0
2015-04-17	3442	3466	3386	3408	177738	50024	0
2015-04-20	3406	3422	3296	3312	172774	52498	0
2015-04-21	3298	3302	3204	3222	227918	51496	0
2015-04-22	3240	3302	3236	3258	176742	51016	0
2015-04-23	3278	3300	3182	3214	188242	58886	0
2015-04-24	3244	3284	3206	3260	183216	58998	0
2015-04-27	3274	3342	3250	3312	212064	59492	0
2015-04-28	3326	3370	3300	3306	183576	60842	0
2015-04-29	3320	3334	3232	3250	141188	56802	0
2015-04-30	3246	3280	3234	3254	124522	58468	0
2015-05-04	3272	3294	3222	3270	67982	57828	0
2015-05-05	3276	3340	3276	3338	170956	63052	0
2015-05-06	3370	3384	3330	3348	152554	60776	0
2015-05-07	3360	3370	3256	3278	125600	59014	0
2015-05-08	3274	3274	3170	3198	137882	61984	0
2015-05-11	3220	3310	3216	3256	123384	65292	0
2015-05-12	3240	3258	3200	3212	71202	63646	0
2015-05-13	3236	3268	3222	3246	69232	64848	0
2015-05-14	3248	3250	3200	3222	62960	63956	0
2015-05-15	3228	3232	3202	3216	50726	65914	0
2015-05-18	3192	3216	3146	3152	52342	68310	0
2015-05-19	3144	3164	3056	3092	91186	69858	0
2015-05-20	3062	3070	2992	3014	81818	66888	0
2015-05-21	3020	3050	3012	3044	43334	68710	0
2015-05-22	3054	3088	3018	3060	55584	69104	0
2015-05-25	3032	3068	3014	3058	37168	68192	0
2015-05-26	3052	3122	3052	3072	43348	66806	0
2015-05-27	3040	3080	3020	3072	31122	65616	0
2015-05-28	3054	3078	3048	3070	33652	62372	0
2015-05-29	3076	3090	3058	3078	42284	62260	0
2015-06-01	3074	3130	3074	3104	47148	61368	0
2015-06-02	3124	3130	3084	3098	36766	62154	0
2015-06-03	3112	3128	3102	3118	33306	61600	0
2015-06-04	3108	3116	3032	3040	53520	66710	0
2015-06-05	3024	3056	3000	3002	51962	68368	0
2015-06-08	3012	3024	2982	2996	50572	73142	0
2015-06-09	2988	3012	2988	2988	30560	74300	0
2015-06-10	3032	3038	3006	3014	45936	71588	0
2015-06-11	3022	3086	3010	3048	25888	71392	0
2015-06-12	3024	3026	2922	2922	50422	77616	0
2015-06-15	2928	2944	2880	2916	32324	76140	0
2015-06-16	2904	3026	2904	3014	32258	48000	0
2015-06-17	3010	3012	2978	2988	21496	48296	0
2015-06-18	3010	3034	2984	2998	28940	48930	0
2015-06-19	3010	3012	2954	2960	36472	53320	0
2015-06-23	2962	2970	2918	2926	31644	56036	0
2015-06-24	2928	2978	2924	2978	32578	52374	0
2015-06-25	2976	2990	2950	2952	32022	53250	0
2015-06-26	2946	2974	2938	2962	32448	51254	0
2015-06-29	2954	2972	2924	2938	31176	49980	0
2015-06-30	2942	2944	2806	2814	52294	48708	0
2015-07-01	2830	2852	2818	2828	31644	49872	0
2015-07-02	2828	2832	2776	2818	36746	50900	0
2015-07-03	2836	2900	2826	2862	54310	47040	0
2015-07-06	2862	2862	2722	2728	46486	48570	0
2015-07-07	2724	2740	2636	2636	60160	50156	0
2015-07-08	2608	2608	2468	2468	43396	45484	0
2015-07-09	2304	2688	2252	2518	154400	39852	0
2015-07-10	2568	2594	2504	2548	123190	42420	0
2015-07-13	2528	2578	2470	2490	93662	45360	0
2015-07-14	2516	2560	2494	2500	106374	44516	0
2015-07-15	2530	2580	2512	2566	98966	40018	0
2015-07-16	2554	2568	2512	2552	86938	41324	0
2015-07-17	2556	2592	2538	2572	74122	39814	0
2015-07-20	2550	2602	2538	2594	73540	40056	0
2015-07-21	2592	2604	2572	2590	54822	38230	0
2015-07-22	2612	2672	2588	2628	118036	35066	0
2015-07-23	2626	2644	2586	2616	76286	34976	0
2015-07-24	2624	2660	2590	2604	98768	35872	0
2015-07-27	2608	2610	2492	2492	181254	48696	0
2015-07-28	2464	2546	2414	2498	164832	38472	0
2015-07-29	2518	2552	2484	2528	102358	37500	0
2015-07-30	2512	2568	2496	2526	122232	33420	0
2015-07-31	2536	2556	2516	2532	74860	33842	0
2015-08-03	2538	2568	2414	2436	125774	36902	0
2015-08-04	2438	2486	2424	2464	89038	34914	0
2015-08-05	2490	2492	2442	2480	63998	33924	0
2015-08-06	2472	2484	2440	2450	63654	33674	0
2015-08-07	2442	2544	2442	2538	64886	34380	0
2015-08-10	2514	2588	2506	2588	155596	36040	0
2015-08-11	2598	2644	2550	2554	154238	40596	0
2015-08-12	2516	2544	2504	2538	110482	40230	0
2015-08-13	2562	2578	2516	2556	103560	40954	0
2015-08-14	2542	2576	2518	2518	104370	38514	0
2015-08-17	2532	2552	2436	2454	110788	41974	0
2015-08-18	2456	2490	2440	2446	104824	42918	0
2015-08-19	2458	2468	2406	2464	119226	42518	0
2015-08-20	2464	2470	2398	2406	124792	52674	0
2015-08-21	2422	2424	2332	2350	173884	62222	0
2015-08-24	2340	2358	2256	2256	163242	57760	0
2015-08-25	2242	2310	2188	2246	224802	50424	0
2015-08-26	2308	2318	2248	2262	163572	48880	0
2015-08-27	2266	2374	2244	2370	231508	43916	0
2015-08-28	2368	2422	2356	2376	221706	41364	0
2015-08-31	2346	2410	2336	2360	272766	40640	0
2015-09-01	2352	2434	2350	2404	297438	38288	0
2015-09-02	2386	2402	2300	2302	287696	44870	0
2015-09-07	2296	2334	2286	2306	134392	47832	0
2015-09-08	2306	2324	2286	2324	168226	46908	0
2015-09-09	2338	2394	2330	2360	320082	43370	0
2015-09-10	2368	2468	2342	2458	369698	56226	0
2015-09-11	2438	2484	2428	2444	479640	55546	0
2015-09-14	2440	2548	2428	2502	1100400	79350	0
2015-09-15	2504	2554	2390	2418	1494106	103266	0
2015-09-16	2422	2446	2400	2436	1062878	98954	0
2015-09-17	2446	2460	2408	2412	844218	105670	0
2015-09-18	2414	2428	2364	2372	712262	105404	0
2015-09-21	2362	2404	2336	2402	592808	101866	0
2015-09-22	2408	2410	2338	2346	504884	111072	0
2015-09-23	2334	2380	2322	2360	499582	102088	0
2015-09-24	2354	2396	2348	2372	516284	102014	0
2015-09-25	2360	2398	2350	2364	489264	86066	0
2015-09-28	2368	2368	2326	2366	261586	82464	0
2015-09-29	2360	2386	2302	2328	613286	65252	0
2015-09-30	2350	2350	2308	2344	251382	51514	0
2015-10-08	2400	2444	2370	2380	170914	57296	0
2015-10-09	2386	2468	2378	2462	499380	78570	0
2015-10-12	2446	2460	2408	2436	427702	92890	0
2015-10-13	2424	2428	2372	2418	409536	86642	0
2015-10-14	2408	2440	2404	2414	339046	89332	0
2015-10-15	2410	2444	2404	2412	327006	93022	0
2015-10-16	2402	2448	2394	2428	427686	95192	0
2015-10-19	2430	2488	2418	2444	703870	121566	0
2015-10-20	2432	2440	2358	2380	585280	110946	0
2015-10-21	2376	2378	2274	2284	706738	120904	0
2015-10-22	2284	2288	2232	2258	867300	129502	0
2015-10-23	2262	2282	2156	2206	1187654	168036	0
2015-10-26	2186	2236	2164	2214	995272	160554	0
2015-10-27	2208	2238	2170	2226	815898	151480	0
2015-10-28	2214	2234	2204	2216	646462	145778	0
2015-10-29	2222	2266	2216	2238	625720	135748	0
2015-10-30	2252	2270	2176	2180	772742	163508	0
2015-11-02	2186	2212	2160	2188	688498	147088	0
2015-11-03	2182	2216	2152	2164	649186	165688	0
2015-11-04	2168	2254	2168	2226	777358	139806	0
2015-11-05	2226	2250	2194	2244	702392	160628	0
2015-11-06	2244	2300	2222	2290	1060914	169202	0
2015-11-09	2286	2308	2252	2264	967914	143998	0
2015-11-10	2270	2290	2248	2286	580280	142252	0
2015-11-11	2280	2290	2254	2262	513002	130856	0
2015-11-12	2266	2312	2246	2292	625774	131390	0
2015-11-13	2278	2330	2276	2278	803656	130478	0
2015-11-16	2272	2272	2158	2162	856436	141206	0
2015-11-17	2174	2174	2090	2104	881144	124892	0
2015-11-18	2090	2116	2064	2078	451838	122206	0
2015-11-19	2080	2092	2026	2034	380968	113710	0
2015-11-20	2026	2086	2014	2054	381296	100804	0
2015-11-23	2052	2086	1920	1922	504858	124194	0
2015-11-24	1916	1942	1866	1926	629076	110910	0
2015-11-25	1946	1970	1824	1938	1267428	136876	0
2015-11-26	1912	2004	1888	1952	1082316	108636	0
2015-11-27	1946	1970	1874	1894	775592	131928	0
2015-11-30	1892	1922	1862	1886	754052	137380	0
2015-12-01	1896	1908	1868	1898	596206	124002	0
2015-12-02	1890	1940	1884	1906	561460	114754	0
2015-12-03	1902	1910	1840	1842	634028	161274	0
2015-12-04	1854	1870	1816	1862	607382	138762	0
2015-12-07	1886	1890	1826	1838	577568	152658	0
2015-12-08	1830	1842	1760	1760	633360	180588	0
2015-12-09	1750	1782	1744	1754	521630	185348	0
2015-12-10	1750	1774	1692	1710	906898	235376	0
2015-12-11	1718	1722	1670	1704	740702	239908	0
2015-12-14	1692	1752	1686	1728	1101886	204364	0
2015-12-15	1708	1766	1708	1730	871762	200726	0
2015-12-16	1734	1758	1726	1746	615968	188250	0
2015-12-17	1750	1772	1738	1752	604694	191788	0
2015-12-18	1752	1796	1746	1790	611082	190130	0
2015-12-21	1788	1830	1776	1822	905868	175000	0
2015-12-22	1820	1866	1806	1860	829200	194492	0
2015-12-23	1860	1892	1854	1880	886610	200182	0
2015-12-24	1886	1900	1872	1872	670740	188864	0
2015-12-25	1870	1878	1838	1844	639896	209520	0
2015-12-28	1848	1854	1816	1828	478574	202976	0
2015-12-29	1822	1858	1820	1856	533762	215762	0
2015-12-30	1862	1894	1858	1870	678680	212488	0
2015-12-31	1868	1904	1866	1874	591104	210914	0
2016-01-04	1896	1902	1788	1794	736364	226874	0
2016-01-05	1798	1812	1770	1804	830050	242006	0
2016-01-06	1802	1810	1776	1792	664180	256990	0
2016-01-07	1766	1790	1730	1754	886346	282152	0
2016-01-08	1762	1800	1758	1786	962014	262824	0
2016-01-11	1788	1798	1750	1758	625606	256394	0
2016-01-12	1764	1772	1674	1692	1033442	321514	0
2016-01-13	1706	1730	1682	1698	1109698	320324	0
2016-01-14	1704	1718	1684	1712	990384	329120	0
2016-01-15	1712	1734	1702	1704	951922	336342	0
2016-01-18	1674	1728	1658	1710	1523010	372512	0
2016-01-19	1720	1760	1718	1758	1222728	395880	0
2016-01-20	1758	1766	1706	1716	1166896	418744	0
2016-01-21	1718	1730	1692	1706	1418802	416078	0
2016-01-22	1708	1788	1702	1762	1924444	400812	0
2016-01-25	1770	1772	1744	1748	1156884	424150	0
2016-01-26	1744	1760	1734	1748	837642	403904	0
2016-01-27	1756	1776	1748	1766	982598	399732	0
2016-01-28	1766	1790	1756	1760	1212154	406766	0
2016-01-29	1766	1772	1712	1716	1638366	529590	0
2016-02-01	1720	1736	1684	1688	1313122	604826	0
2016-02-02	1686	1712	1682	1700	953864	586592	0
2016-02-03	1700	1706	1668	1686	906654	613130	0
2016-02-04	1686	1718	1672	1702	1186518	541366	0
2016-02-05	1696	1708	1642	1644	935250	566498	0
2016-02-15	1644	1668	1624	1636	558050	589044	0
2016-02-16	1652	1700	1650	1682	1077054	619896	0
2016-02-17	1678	1690	1654	1664	991100	640822	0
2016-02-18	1676	1710	1670	1698	1267186	635586	0
2016-02-19	1702	1724	1694	1720	1245400	610230	0
2016-02-22	1718	1760	1712	1742	1577230	614956	0
2016-02-23	1746	1756	1720	1736	1057898	608104	0
2016-02-24	1740	1744	1682	1692	1302838	651350	0
2016-02-25	1688	1722	1676	1698	1528670	638180	0
2016-02-26	1700	1778	1688	1766	2363126	763754	0
2016-02-29	1770	1788	1748	1758	2577484	761474	0
2016-03-01	1764	1812	1738	1804	2611042	757758	0
2016-03-02	1806	1868	1794	1848	2837390	862818	0
2016-03-03	1844	1882	1832	1838	2804334	925470	0
2016-03-04	1834	1882	1818	1852	3020168	939450	0
2016-03-07	1862	1956	1848	1956	5512136	1004646	0
2016-03-08	1956	2000	1746	1872	6168754	905368	0
2016-03-09	1858	1870	1794	1840	3795438	867668	0
2016-03-10	1850	1880	1790	1794	3949502	983394	0
2016-03-11	1802	1838	1792	1814	2351412	997256	0
2016-03-14	1812	1864	1806	1820	2377286	987006	0
2016-03-15	1814	1836	1798	1810	2019092	990198	0
2016-03-16	1804	1848	1802	1844	2124852	940328	0
2016-03-17	1844	1892	1838	1884	1622802	940502	0
2016-03-18	1880	1950	1880	1920	2400594	935534	0
2016-03-21	1938	1956	1896	1920	2318340	958960	0
2016-03-22	1930	1956	1910	1920	1804234	1007752	0
2016-03-23	1918	1950	1878	1882	2061720	1067924	0
2016-03-24	1886	1892	1806	1806	2995616	1035434	0
2016-03-25	1800	1828	1786	1820	1719776	1009544	0
2016-03-28	1826	1850	1792	1794	1368162	1034872	0
2016-03-29	1804	1816	1772	1782	1566908	1070946	0
2016-03-30	1778	1814	1770	1804	1330230	1099094	0
2016-03-31	1814	1840	1766	1784	2000364	1128220	0
2016-04-01	1792	1816	1786	1806	1519998	1082306	0
2016-04-05	1772	1772	1704	1732	1547780	1034286	0
2016-04-06	1732	1756	1730	1746	918290	997630	0
2016-04-07	1746	1780	1742	1760	935990	1022064	0
2016-04-08	1754	1792	1744	1792	1300616	982222	0
2016-04-11	1814	1874	1814	1838	2353728	936604	0
2016-04-12	1854	1874	1832	1866	1735072	966502	0
2016-04-13	1864	1974	1860	1910	3402868	973102	0
2016-04-14	1914	1956	1910	1928	2363158	992446	0
2016-04-15	1946	1958	1914	1924	1959068	972300	0
2016-04-18	1898	1930	1876	1914	2547580	902910	0
2016-04-19	1926	2008	1918	1974	3806624	967424	0
2016-04-20	1976	2048	1956	2022	4717826	1119516	0
2016-04-21	2012	2126	1986	2126	4941474	1169878	0
2016-04-22	2134	2144	1990	2042	5708582	1079534	0
2016-04-25	2060	2158	2010	2056	5413886	1082988	0
2016-04-26	2068	2088	2018	2052	3292212	973826	0
2016-04-27	2066	2126	2026	2080	4385148	1072422	0
2016-04-28	2086	2098	2008	2038	3665254	1114598	0
2016-04-29	2052	2072	2032	2048	2219440	1115394	0
2016-05-03	2016	2026	1958	1982	1591026	1157096	0
2016-05-04	1970	1982	1950	1958	1399632	1162290	0
2016-05-05	1976	1984	1948	1966	1380494	1172510	0
2016-05-06	1992	1996	1902	1916	2024398	1148850	0
2016-05-09	1912	1940	1864	1882	1804868	1111066	0
2016-05-10	1866	1896	1846	1890	1494026	1019606	0
2016-05-11	1896	1944	1890	1934	1729538	1038866	0
2016-05-12	1934	1982	1914	1960	1686686	1061750	0
2016-05-13	1962	1990	1910	1924	2171220	982686	0
2016-05-16	1920	1986	1904	1978	1712392	990554	0
2016-05-17	1992	2020	1980	2000	1757166	1058000	0
2016-05-18	1988	2022	1962	1978	1853352	1010612	0
2016-05-19	1974	2008	1926	1926	1924092	936680	0
2016-05-20	1918	1956	1890	1938	1539218	918744	0
2016-05-23	1944	1946	1814	1854	1843458	822610	0
2016-05-24	1848	1874	1822	1828	1460088	826880	0
2016-05-25	1852	1874	1838	1868	1243774	813344	0
2016-05-26	1868	1894	1858	1882	1312884	823820	0
2016-05-27	1890	1892	1832	1838	1495542	901148	0
2016-05-30	1836	1868	1832	1856	1090696	886360	0
2016-05-31	1864	1890	1852	1860	1122970	864708	0
2016-06-01	1864	1874	1816	1830	1386262	948102	0
2016-06-02	1830	1868	1822	1856	874814	899532	0
2016-06-03	1850	1884	1842	1878	799120	878636	0
2016-06-06	1884	1918	1862	1918	1000632	835668	0
2016-06-07	1920	1930	1900	1926	927534	830638	0
2016-06-08	1930	1936	1906	1918	686750	809574	0
2016-06-13	1888	1936	1876	1926	583810	818970	0
2016-06-14	1922	1968	1920	1944	1122932	824728	0
2016-06-15	1946	1962	1908	1934	931462	819178	0
2016-06-16	1938	1950	1924	1936	795064	781760	0
2016-06-17	1932	1940	1896	1938	961974	790812	0
2016-06-20	1946	2006	1936	2004	1217138	841400	0
2016-06-21	2008	2020	1980	1988	930758	802554	0
2016-06-22	1976	2040	1976	2040	1079764	892180	0
2016-06-23	2034	2052	2020	2030	1100788	901788	0
2016-06-24	2044	2060	1982	1986	1543628	814120	0
2016-06-27	1990	2046	1986	2044	1022718	852124	0
2016-06-28	2018	2052	1998	2038	1248082	910204	0
2016-06-29	2050	2088	2040	2076	1858404	957734	0
2016-06-30	2080	2140	2068	2108	1664668	935582	0
2016-07-01	2098	2114	2062	2066	1236766	893084	0
2016-07-04	2072	2186	2070	2168	2162356	965058	0
2016-07-05	2172	2184	2030	2064	2030716	918388	0
2016-07-06	2058	2076	1976	1980	1824686	891502	0
2016-07-07	1974	2018	1974	1982	1099452	856510	0
2016-07-08	1996	2006	1930	1958	1239146	837896	0
2016-07-11	1968	1996	1948	1990	929890	851156	0
2016-07-12	2000	2052	1986	2052	1054890	849130	0
2016-07-13	2060	2092	2028	2048	1306932	851322	0
2016-07-14	2054	2122	2024	2104	1760614	953876	0
2016-07-15	2114	2116	2070	2098	1108798	963564	0
2016-07-18	2106	2108	2008	2012	1212810	924304	0
2016-07-19	2008	2032	1982	2008	843812	922936	0
2016-07-20	2014	2024	1988	2020	790872	914386	0
2016-07-21	2010	2070	1998	2066	1097322	915832	0
2016-07-22	2060	2068	2004	2008	917270	892510	0
2016-07-25	2014	2024	1966	2018	944496	878866	0
2016-07-26	2006	2034	1990	2012	1130644	932806	0
2016-07-27	2002	2048	1986	1994	1442630	908578	0
2016-07-28	2004	2016	1978	1988	1135940	912510	0
2016-07-29	1996	2000	1896	1908	1517400	928794	0
2016-08-01	1918	1946	1904	1942	938622	925332	0
2016-08-02	1926	1938	1902	1932	923088	952014	0
2016-08-03	1942	1964	1922	1932	922856	962786	0
2016-08-04	1940	1958	1922	1932	1111524	990428	0
2016-08-05	1934	1950	1918	1926	931412	1002218	0
2016-08-08	1932	1970	1902	1962	1300322	999746	0
2016-08-09	1966	1976	1938	1962	906886	1008820	0
2016-08-10	1960	1980	1950	1962	912504	1022130	0
2016-08-11	1968	1976	1940	1948	985008	1106236	0
2016-08-12	1950	1990	1948	1990	971568	1056866	0
2016-08-15	1986	2012	1972	2000	1021202	1091314	0
2016-08-16	1998	2014	1984	1986	976196	1144058	0
2016-08-17	1988	2006	1980	1986	880026	1182650	0
2016-08-18	1992	1998	1952	1962	1135042	1199408	0
2016-08-19	1970	1976	1926	1942	1306852	1285036	0
2016-08-22	1942	1950	1882	1882	1255178	1297646	0
2016-08-23	1886	1898	1870	1878	905484	1325818	0
2016-08-24	1884	1906	1876	1886	720644	1320694	0
2016-08-25	1888	1896	1826	1848	1317068	1321704	0
2016-08-26	1848	1880	1844	1862	831462	1273402	0
2016-08-29	1866	1890	1856	1872	868670	1266068	0
2016-08-30	1872	1878	1850	1854	717190	1302276	0
2016-08-31	1858	1864	1822	1850	1038800	1300774	0
2016-09-01	1850	1878	1842	1874	784580	1254078	0
2016-09-02	1874	1886	1858	1868	778878	1245202	0
2016-09-05	1878	1892	1864	1882	831994	1246302	0
2016-09-06	1886	1918	1876	1912	832244	1214632	0
2016-09-07	1906	1916	1898	1906	704692	1199466	0
2016-09-08	1908	1926	1882	1906	881222	1197298	0
2016-09-09	1908	1916	1898	1902	604718	1192272	0
2016-09-12	1900	1902	1820	1830	1348842	1263076	0
2016-09-13	1834	1844	1818	1832	779352	1271256	0
2016-09-14	1830	1842	1816	1826	730992	1276580	0
2016-09-19	1820	1854	1820	1848	428656	1246676	0
2016-09-20	1850	1860	1842	1850	619870	1253174	0
2016-09-21	1846	1868	1836	1842	770842	1268044	0
2016-09-22	1840	1872	1830	1834	1106562	1334366	0
2016-09-23	1844	1850	1808	1842	1116808	1375174	0
2016-09-27	1840	1844	1808	1820	892954	1428012	0
2016-09-28	1810	1814	1714	1732	2239442	1396040	0
2016-09-29	1736	1768	1716	1750	1451786	1302376	0
2016-09-30	1752	1768	1736	1750	703052	1225220	0
2016-10-10	1768	1774	1744	1748	566070	1244376	0
2016-10-11	1764	1816	1760	1792	1430714	1253114	0
2016-10-12	1786	1796	1748	1758	878254	1343736	0
2016-10-13	1754	1770	1738	1754	988342	1326284	0
2016-10-14	1758	1766	1728	1744	1116556	1408282	0
2016-10-17	1746	1814	1746	1806	1586336	1302550	0
2016-10-18	1808	1816	1784	1800	870080	1282046	0
2016-10-19	1800	1822	1790	1806	1311988	1250088	0
2016-10-20	1814	1888	1810	1872	2217052	1177090	0
2016-10-21	1862	1870	1840	1866	1019150	1156198	0
2016-10-24	1864	1884	1854	1876	889940	1159544	0
2016-10-25	1876	1898	1840	1848	1649860	1197630	0
2016-10-26	1844	1858	1784	1812	1965606	1223152	0
2016-10-27	1810	1842	1804	1830	1225056	1167570	0
2016-10-28	1832	1880	1830	1878	1408066	1112892	0
2016-10-31	1874	1886	1840	1882	1542516	1112034	0
2016-11-01	1874	1930	1850	1912	1640060	1119022	0
2016-11-02	1920	1978	1898	1906	2130284	1125180	0
2016-11-03	1910	1916	1882	1902	1075790	1123194	0
2016-11-04	1908	1918	1842	1846	1617306	1118374	0
2016-11-07	1842	1894	1840	1870	1239088	1124488	0
2016-11-08	1878	1934	1870	1918	1655946	1119876	0
2016-11-09	1914	1964	1906	1940	2035538	1124278	0
2016-11-10	1962	2066	1962	2052	2750170	1179188	0
2016-11-11	2040	2134	2024	2116	2553394	1260118	0
2016-11-14	2108	2162	1974	1974	2580726	1091472	0
2016-11-15	1978	2024	1954	2016	1455574	1122704	0
2016-11-16	2028	2088	2026	2088	1528816	1164604	0
2016-11-17	2078	2112	2046	2098	1285694	1127508	0
2016-11-18	2112	2122	2072	2094	1129574	1114800	0
2016-11-21	2108	2188	2080	2178	1498888	1102704	0
2016-11-22	2182	2270	2174	2262	1679900	1096176	0
2016-11-23	2230	2340	2222	2296	1890936	1109274	0
2016-11-24	2280	2312	2238	2258	1655812	1098656	0
2016-11-25	2270	2308	2200	2236	1551090	1074554	0
2016-11-28	2238	2312	2210	2298	1581102	1135590	0
2016-11-29	2302	2334	2244	2266	1477808	1075190	0
2016-11-30	2250	2264	2148	2196	1754800	953382	0
2016-12-01	2270	2350	2248	2314	2171612	936772	0
2016-12-02	2326	2342	2268	2308	1295362	896210	0
2016-12-05	2298	2408	2290	2392	1436208	914572	0
2016-12-06	2402	2428	2366	2386	1100026	925154	0
2016-12-07	2380	2458	2372	2422	1354278	912954	0
2016-12-08	2414	2446	2356	2374	932200	868396	0
2016-12-09	2386	2488	2372	2450	1668698	904674	0
2016-12-12	2452	2560	2434	2530	1198956	892366	0
2016-12-13	2528	2542	2478	2524	828918	897466	0
2016-12-14	2536	2550	2474	2506	929828	915718	0
2016-12-15	2500	2506	2456	2498	932846	924448	0
2016-12-16	2490	2546	2468	2480	971158	880376	0
2016-12-19	2486	2610	2480	2572	1412878	826448	0
2016-12-20	2574	2628	2532	2584	2018070	801970	0
2016-12-21	2604	2624	2564	2590	1387134	816722	0
2016-12-22	2580	2590	2510	2510	1289246	807180	0
2016-12-23	2504	2536	2458	2500	1353862	755534	0
2016-12-26	2502	2514	2418	2468	1332104	718312	0
2016-12-27	2470	2638	2448	2638	1565724	775456	0
2016-12-28	2654	2698	2634	2698	1135260	818174	0
2016-12-29	2702	2778	2674	2752	1975298	832474	0
2016-12-30	2744	2756	2696	2738	1314450	787326	0
2017-01-03	2722	2806	2644	2650	1190982	716172	0
2017-01-04	2680	2690	2622	2656	1281070	715970	0
2017-01-05	2654	2688	2634	2648	1120300	746036	0
2017-01-06	2660	2736	2650	2678	1564794	758490	0
2017-01-09	2694	2726	2664	2712	1475352	766368	0
2017-01-10	2688	2694	2618	2668	1464084	781042	0
2017-01-11	2670	2752	2654	2676	1752804	793020	0
2017-01-12	2670	2734	2662	2704	1232442	784698	0
2017-01-13	2726	2768	2714	2746	1347052	822594	0
2017-01-16	2732	2788	2722	2748	1091690	778518	0
2017-01-17	2742	2780	2676	2680	1137272	736636	0
2017-01-18	2700	2720	2666	2684	870456	711920	0
2017-01-19	2658	2664	2628	2656	862490	740854	0
2017-01-20	2678	2690	2576	2578	980812	718718	0
2017-01-23	2592	2636	2588	2600	685538	686050	0
2017-01-24	2590	2660	2588	2644	651552	618598	0
2017-01-25	2640	2658	2606	2652	497232	588124	0
2017-01-26	2640	2706	2634	2704	453330	551632	0
2017-02-03	2704	2744	2680	2730	496370	586922	0
2017-02-06	2726	2758	2714	2752	579358	623980	0
2017-02-07	2744	2748	2700	2728	511478	628156	0
2017-02-08	2718	2770	2694	2768	998192	722454	0
2017-02-09	2768	2780	2730	2744	731950	670608	0
2017-02-10	2744	2832	2738	2818	924110	724364	0
2017-02-13	2840	2976	2828	2946	1325914	832780	0
2017-02-14	2946	2966	2912	2944	653046	821820	0
2017-02-15	2954	2982	2826	2836	1235182	736316	0
2017-02-16	2836	2878	2782	2816	903044	702490	0
2017-02-17	2820	2854	2788	2814	769052	697726	0
2017-02-20	2812	2900	2774	2894	1045444	748566	0
2017-02-21	2896	2912	2832	2854	811852	723182	0
2017-02-22	2884	2922	2862	2910	1413680	790076	0
2017-02-23	2898	2908	2792	2816	1321002	717152	0
2017-02-24	2832	2890	2784	2890	1022548	706940	0
2017-02-27	2892	2958	2882	2940	1076270	736942	0
2017-02-28	2946	2954	2882	2898	819900	702160	0
2017-03-01	2908	2966	2876	2950	1297310	761150	0
2017-03-02	2962	2966	2890	2900	960856	725374	0
2017-03-03	2888	2890	2840	2876	939912	699376	0
2017-03-06	2882	2904	2834	2854	923778	727782	0
2017-03-07	2856	2884	2852	2866	694216	719916	0
2017-03-08	2882	2928	2790	2802	1775396	756382	0
2017-03-09	2808	2812	2672	2692	1500758	719280	0
2017-03-10	2656	2708	2644	2664	1071994	731806	0
2017-03-13	2682	2730	2616	2728	1180538	702480	0
2017-03-14	2714	2724	2634	2642	1009610	747912	0
2017-03-15	2616	2704	2602	2692	1122658	704704	0
2017-03-16	2698	2732	2680	2708	912138	681282	0
2017-03-17	2702	2718	2654	2702	881310	657900	0
2017-03-20	2712	2754	2668	2706	946388	664262	0
2017-03-21	2690	2734	2682	2732	939286	678132	0
2017-03-22	2724	2724	2590	2602	1242912	740408	0
2017-03-23	2602	2640	2566	2594	1086866	725238	0
2017-03-24	2582	2618	2576	2596	746038	717754	0
2017-03-27	2600	2608	2512	2540	979004	739218	0
2017-03-28	2542	2612	2532	2604	941458	720248	0
2017-03-29	2626	2638	2596	2632	662334	679860	0
2017-03-30	2620	2658	2602	2632	800672	696730	0
2017-03-31	2642	2666	2620	2638	714772	637804	0
2017-04-05	2638	2828	2638	2802	970846	666560	0
2017-04-06	2812	2820	2772	2806	765138	653060	0
2017-04-07	2818	2860	2748	2770	1475196	653306	0
2017-04-10	2756	2802	2730	2764	998338	659402	0
2017-04-11	2780	2784	2580	2588	1667068	722090	0
2017-04-12	2588	2620	2560	2586	920812	692308	0
2017-04-13	2590	2612	2556	2588	850058	689174	0
2017-04-14	2588	2610	2464	2492	1481272	737906	0
2017-04-17	2498	2568	2492	2532	1009910	719824	0
2017-04-18	2542	2552	2492	2506	702146	725966	0
2017-04-19	2504	2552	2436	2546	1239334	728828	0
2017-04-20	2550	2568	2460	2538	1109958	693700	0
2017-04-21	2530	2556	2496	2518	1041862	711474	0
2017-04-24	2516	2528	2474	2514	885728	705478	0
2017-04-25	2506	2556	2504	2546	765550	687286	0
2017-04-26	2544	2550	2486	2520	1154544	727552	0
2017-04-27	2516	2568	2502	2566	963422	695770	0
2017-04-28	2552	2628	2544	2616	1040134	650904	0
2017-05-02	2618	2628	2590	2618	429450	659720	0
2017-05-03	2618	2628	2598	2618	554388	660372	0
2017-05-04	2606	2608	2470	2522	1143024	592024	0
2017-05-05	2512	2520	2410	2414	1164976	652818	0
2017-05-08	2438	2480	2436	2450	707304	621282	0
2017-05-09	2434	2470	2426	2462	548146	636248	0
2017-05-10	2458	2480	2436	2450	774600	634582	0
2017-05-11	2482	2498	2442	2480	1035970	639842	0
2017-05-12	2482	2482	2408	2452	975870	645644	0
2017-05-15	2460	2516	2444	2510	739166	618562	0
2017-05-16	2528	2550	2504	2548	680308	613126	0
2017-05-17	2542	2560	2524	2540	619744	582214	0
2017-05-18	2544	2564	2500	2546	870478	601196	0
2017-05-19	2526	2600	2518	2592	924514	608030	0
2017-05-22	2596	2620	2580	2596	722210	624832	0
2017-05-23	2596	2620	2512	2516	1057780	623430	0
2017-05-24	2522	2534	2478	2516	713726	620772	0
2017-05-25	2510	2588	2508	2568	764906	617156	0
2017-05-26	2548	2558	2444	2474	869744	583868	0
2017-05-31	2476	2486	2322	2342	773386	648092	0
2017-06-01	2342	2372	2320	2356	512252	638510	0
2017-06-02	2352	2358	2310	2316	617172	672186	0
2017-06-05	2304	2364	2302	2348	578106	640138	0
2017-06-06	2330	2386	2318	2374	658292	633640	0
2017-06-07	2368	2384	2352	2366	489026	632804	0
2017-06-08	2358	2368	2322	2352	751226	628060	0
2017-06-09	2336	2366	2328	2334	484490	639494	0
2017-06-12	2336	2364	2316	2342	698138	666224	0
2017-06-13	2360	2370	2308	2320	796180	706376	0
2017-06-14	2312	2332	2266	2330	1243556	713146	0
2017-06-15	2332	2342	2288	2296	886808	727458	0
2017-06-16	2294	2326	2278	2310	680796	711136	0
2017-06-19	2318	2326	2266	2308	918734	728188	0
2017-06-20	2312	2336	2302	2324	824616	749114	0
2017-06-21	2288	2318	2254	2272	1102140	837690	0
2017-06-22	2278	2290	2244	2256	899580	833814	0
2017-06-23	2262	2280	2254	2270	516058	809924	0
2017-06-26	2266	2294	2250	2286	593324	783774	0
2017-06-27	2284	2300	2266	2300	573134	784558	0
2017-06-28	2306	2330	2296	2310	713648	758422	0
2017-06-29	2314	2366	2306	2350	1148084	763014	0
2017-06-30	2354	2370	2338	2360	581336	755074	0
2017-07-03	2362	2392	2360	2374	763960	763556	0
2017-07-04	2378	2398	2314	2338	829374	762190	0
2017-07-05	2340	2388	2340	2380	673648	761808	0
2017-07-06	2370	2388	2340	2386	783220	776970	0
2017-07-07	2386	2422	2372	2388	1009382	807450	0
2017-07-10	2380	2412	2358	2390	803132	802850	0
2017-07-11	2390	2484	2386	2462	1125220	858296	0
2017-07-12	2458	2506	2452	2466	941186	831286	0
2017-07-13	2476	2494	2446	2490	800298	848310	0
2017-07-14	2506	2548	2464	2530	1359550	879590	0
2017-07-17	2536	2602	2532	2592	1064094	847834	0
2017-07-18	2592	2614	2574	2582	709614	827952	0
2017-07-19	2598	2624	2594	2614	682698	851432	0
2017-07-20	2618	2634	2594	2596	973670	834578	0
2017-07-21	2608	2610	2550	2576	979400	803648	0
2017-07-24	2576	2594	2546	2586	693458	823260	0
2017-07-25	2600	2678	2594	2672	1183120	882724	0
2017-07-26	2680	2694	2642	2654	1105378	845636	0
2017-07-27	2654	2700	2644	2680	840390	866300	0
2017-07-28	2678	2692	2606	2634	1132712	821918	0
2017-07-31	2650	2714	2644	2710	913982	801448	0
2017-08-01	2710	2726	2686	2700	709816	796582	0
2017-08-02	2690	2698	2644	2674	768206	780934	0
2017-08-03	2680	2686	2632	2632	739544	776576	0
2017-08-04	2648	2698	2626	2640	956374	779470	0
2017-08-07	2650	2680	2584	2614	1147660	744422	0
2017-08-08	2616	2650	2598	2650	729312	744914	0
2017-08-09	2650	2708	2646	2696	1013620	745682	0
2017-08-10	2712	2738	2676	2706	850690	704354	0
2017-08-11	2722	2728	2564	2572	1325668	660508	0
2017-08-14	2580	2604	2574	2582	553944	662952	0
2017-08-15	2580	2626	2576	2604	872868	669642	0
2017-08-16	2604	2624	2584	2618	511684	683406	0
2017-08-17	2638	2688	2620	2674	967042	720368	0
2017-08-18	2666	2710	2658	2706	733452	751424	0
2017-08-21	2710	2726	2682	2706	789998	753630	0
2017-08-22	2706	2720	2658	2714	694470	768926	0
2017-08-23	2706	2760	2666	2684	1405550	805840	0
2017-08-24	2696	2740	2674	2736	864616	824812	0
2017-08-25	2742	2792	2712	2752	1121744	833244	0
2017-08-28	2756	2776	2714	2738	832706	814758	0
2017-08-29	2744	2758	2684	2716	966702	814354	0
2017-08-30	2714	2728	2692	2708	640808	813316	0
2017-08-31	2668	2692	2642	2672	763040	822180	0
2017-09-01	2686	2722	2672	2704	777844	825514	0
2017-09-04	2710	2746	2594	2616	1519546	828916	0
2017-09-05	2624	2638	2584	2606	928062	863824	0
2017-09-06	2616	2638	2598	2610	911916	878534	0
2017-09-07	2622	2640	2516	2530	1584622	863276	0
2017-09-08	2532	2542	2460	2472	1070386	839954	0
2017-09-11	2476	2498	2452	2494	739174	795706	0
2017-09-12	2494	2514	2478	2504	570272	779294	0
2017-09-13	2504	2522	2468	2478	697194	776912	0
2017-09-14	2480	2516	2466	2480	768344	768466	0
2017-09-15	2486	2508	2444	2502	1226772	762884	0
2017-09-18	2504	2538	2482	2516	978236	733686	0
2017-09-19	2506	2522	2466	2478	811292	757476	0
2017-09-20	2480	2498	2472	2486	547740	740630	0
2017-09-21	2492	2506	2422	2452	965500	727686	0
2017-09-22	2448	2502	2440	2500	698608	696862	0
2017-09-25	2504	2518	2488	2498	664714	688558	0
2017-09-26	2508	2528	2490	2516	607500	667870	0
2017-09-27	2510	2534	2498	2524	534028	651092	0
2017-09-28	2522	2530	2426	2448	874130	615156	0
2017-09-29	2446	2486	2438	2444	547470	586656	0
2017-10-09	2430	2458	2338	2372	680360	632466	0
2017-10-10	2376	2404	2376	2394	475594	638030	0
2017-10-11	2402	2432	2394	2418	515732	629926	0
2017-10-12	2416	2442	2386	2438	496096	609276	0
2017-10-13	2432	2452	2402	2444	575556	614190	0
2017-10-16	2452	2464	2392	2424	713720	635830	0
2017-10-17	2428	2446	2388	2436	809946	608498	0
2017-10-18	2438	2450	2410	2432	528168	602516	0
2017-10-19	2434	2440	2384	2396	651368	622248	0
2017-10-20	2390	2432	2376	2422	542624	594554	0
2017-10-23	2426	2454	2402	2438	613662	574888	0
2017-10-24	2442	2456	2430	2440	378758	564272	0
2017-10-25	2448	2526	2446	2516	856686	516484	0
2017-10-26	2512	2520	2502	2516	374712	518604	0
2017-10-27	2512	2536	2496	2512	500332	491458	0
2017-10-30	2510	2576	2488	2562	727126	531880	0
2017-10-31	2556	2576	2534	2540	514306	533462	0
2017-11-01	2522	2558	2516	2524	540118	536870	0
2017-11-02	2522	2550	2514	2532	409456	520958	0
2017-11-03	2536	2570	2532	2568	405860	521380	0
2017-11-06	2568	2600	2550	2592	521172	531620	0
2017-11-07	2598	2624	2582	2620	488908	542580	0
2017-11-08	2614	2624	2600	2620	298542	519590	0
2017-11-09	2626	2648	2610	2620	334892	518528	0
2017-11-10	2620	2634	2610	2622	288814	512478	0
2017-11-13	2642	2664	2622	2660	345298	521332	0
2017-11-14	2658	2662	2644	2648	237610	502540	0
2017-11-15	2634	2662	2530	2534	782018	443432	0
2017-11-16	2540	2556	2538	2542	224918	428426	0
2017-11-17	2532	2556	2532	2548	213834	422598	0
2017-11-20	2560	2618	2530	2614	448530	409088	0
2017-11-21	2606	2634	2602	2628	389690	389484	0
2017-11-22	2624	2680	2624	2672	345588	394812	0
2017-11-23	2674	2698	2672	2688	379508	404028	0
2017-11-24	2684	2718	2682	2706	243572	407994	0
2017-11-27	2716	2720	2652	2656	415408	417900	0
2017-11-28	2664	2678	2650	2672	254034	408328	0
2017-11-29	2670	2688	2656	2662	293332	405966	0
2017-11-30	2650	2708	2642	2708	438236	395568	0
2017-12-01	2710	2752	2702	2742	385048	412922	0
2017-12-04	2738	2788	2730	2748	433576	433716	0
2017-12-05	2746	2792	2728	2742	543488	439638	0
2017-12-06	2744	2796	2732	2752	621740	464926	0
2017-12-07	2724	2730	2598	2600	760860	384646	0
2017-12-08	2618	2644	2610	2624	394400	369040	0
2017-12-11	2650	2652	2582	2620	481590	354180	0
2017-12-12	2622	2644	2564	2592	418638	382628	0
2017-12-13	2588	2626	2564	2608	395152	357994	0
2017-12-14	2610	2634	2586	2602	382280	345526	0
2017-12-15	2598	2614	2582	2608	290342	362900	0
2017-12-18	2612	2664	2602	2648	374140	338200	0
2017-12-19	2648	2652	2624	2636	232080	331140	0
2017-12-20	2632	2670	2632	2644	332412	326492	0
2017-12-21	2646	2652	2570	2590	472612	369576	0
2017-12-22	2596	2606	2580	2590	264284	375928	0
2017-12-25	2588	2602	2572	2598	299572	377892	0
2017-12-26	2596	2614	2584	2606	271412	376790	0
2017-12-27	2606	2634	2588	2632	454676	380558	0
2017-12-28	2628	2642	2610	2628	231886	371802	0
2017-12-29	2628	2636	2612	2626	230888	369966	0
2018-01-02	2630	2690	2622	2686	444806	414860	0
2018-01-03	2680	2688	2664	2666	238682	421210	0
2018-01-04	2654	2706	2654	2700	375092	435666	0
2018-01-05	2682	2716	2664	2702	462880	455410	0
2018-01-08	2696	2716	2680	2694	338896	466506	0
2018-01-09	2698	2732	2694	2716	330956	475636	0
2018-01-10	2720	2764	2704	2760	480256	495524	0
2018-01-11	2756	2768	2744	2754	216948	487378	0
2018-01-12	2756	2768	2742	2754	272898	492874	0
2018-01-15	2752	2816	2724	2810	408078	541170	0
2018-01-16	2802	2808	2770	2774	318472	484716	0
2018-01-17	2776	2796	2752	2774	350108	481440	0
2018-01-18	2766	2794	2758	2772	297576	484864	0
2018-01-19	2772	2780	2732	2754	475360	470078	0
2018-01-22	2756	2802	2742	2792	359884	480026	0
2018-01-23	2788	2806	2762	2780	424584	458592	0
2018-01-24	2788	2872	2782	2870	856716	589084	0
2018-01-25	2870	2952	2860	2924	696722	623976	0
2018-01-26	2926	2940	2896	2922	470238	641782	0
2018-01-29	2922	2966	2920	2936	414336	659264	0
2018-01-30	2922	2930	2880	2902	521024	616576	0
2018-01-31	2904	2910	2872	2906	420318	617618	0
2018-02-01	2896	2920	2870	2884	537506	617032	0
2018-02-02	2894	2940	2882	2898	525228	615584	0
2018-02-05	2890	2894	2842	2874	618314	561972	0
2018-02-06	2868	2882	2806	2818	563614	538926	0
2018-02-07	2818	2840	2814	2824	279422	529950	0
2018-02-08	2816	2832	2772	2776	443934	512026	0
2018-02-09	2780	2796	2750	2752	334876	490808	0
2018-02-12	2744	2758	2710	2716	365532	489242	0
2018-02-13	2722	2730	2688	2704	283406	477644	0
2018-02-14	2706	2728	2658	2688	327316	459990	0
2018-02-22	2698	2742	2698	2736	226704	468044	0
2018-02-23	2744	2788	2742	2784	344770	485728	0
2018-02-26	2786	2816	2772	2800	324896	476110	0
2018-02-27	2794	2800	2780	2786	234988	477358	0
2018-02-28	2784	2838	2784	2802	541832	488060	0
2018-03-01	2806	2820	2766	2786	439814	489344	0
2018-03-02	2776	2784	2756	2778	340838	491498	0
2018-03-05	2774	2812	2726	2728	643398	519290	0
2018-03-06	2730	2748	2708	2738	342032	501680	0
2018-03-07	2756	2756	2716	2720	371676	516452	0
2018-03-08	2722	2734	2700	2718	352728	509678	0
2018-03-09	2726	2746	2688	2706	488074	494594	0
2018-03-12	2714	2756	2710	2740	407408	474066	0
2018-03-13	2722	2740	2672	2676	569074	509774	0
2018-03-14	2680	2698	2668	2686	402050	497552	0
2018-03-15	2694	2706	2684	2700	303830	487514	0
2018-03-16	2698	2736	2686	2728	359386	470624	0
2018-03-19	2730	2776	2722	2770	492128	471182	0
2018-03-20	2782	2796	2752	2790	404208	479028	0
2018-03-21	2800	2826	2786	2796	518132	469134	0
2018-03-22	2808	2826	2788	2812	417348	485508	0
2018-03-23	2800	2832	2764	2794	908388	457850	0
2018-03-26	2794	2898	2770	2862	1049200	464700	0
2018-03-27	2852	2880	2840	2864	490908	470772	0
2018-03-28	2872	2876	2834	2850	505138	476174	0
2018-03-29	2852	2870	2828	2868	518998	489444	0
2018-03-30	2862	2910	2844	2902	665394	519248	0
2018-04-02	2898	2908	2850	2862	478694	493138	0
2018-04-03	2858	2860	2804	2810	633026	479634	0
2018-04-04	2810	2818	2792	2806	357408	460814	0
2018-04-09	2800	2800	2752	2772	271710	449988	0
2018-04-10	2780	2842	2774	2840	480128	445848	0
2018-04-11	2842	2874	2834	2842	469222	469548	0
2018-04-12	2854	2880	2848	2868	443110	481018	0
2018-04-13	2860	2876	2836	2862	406744	489106	0
2018-04-16	2870	2896	2818	2822	475086	482216	0
2018-04-17	2826	2866	2818	2854	348198	475846	0
2018-04-18	2840	2894	2838	2880	487488	506370	0
2018-04-19	2898	2918	2884	2912	483402	523508	0
2018-04-20	2908	2942	2880	2888	628654	509156	0
2018-04-23	2878	2900	2866	2894	368788	494764	0
2018-04-24	2876	2912	2872	2902	450400	474956	0
2018-04-25	2898	2906	2822	2830	644878	459548	0
2018-04-26	2834	2854	2832	2848	270706	433610	0
2018-04-27	2852	2862	2848	2850	255176	405182	0
2018-05-02	2860	2928	2824	2924	378286	384236	0
2018-05-03	2920	2936	2912	2930	226720	394976	0
2018-05-04	2924	2958	2920	2950	333862	413486	0
2018-05-07	2964	2986	2954	2976	417572	423716	0
2018-05-08	2992	2996	2968	2976	266846	413132	0
2018-05-09	2974	2992	2952	2980	309096	420070	0
2018-05-10	2986	3004	2974	3000	363408	428974	0
2018-05-11	3000	3028	2978	3022	449340	441560	0
2018-05-14	3020	3038	3008	3010	282040	436652	0
2018-05-15	3016	3040	3004	3018	342506	436908	0
2018-05-16	3024	3062	3008	3026	464536	429530	0
2018-05-17	3024	3054	3014	3038	298712	424828	0
2018-05-18	3044	3218	3042	3218	928058	537770	0
2018-05-21	3236	3316	3206	3258	1069356	525936	0
2018-05-22	3246	3294	3244	3254	683462	550454	0
2018-05-23	3266	3276	3170	3200	847028	504296	0
2018-05-24	3194	3206	3160	3194	435784	503780	0
2018-05-25	3182	3214	3166	3182	502878	505052	0
2018-05-28	3138	3144	3088	3116	705290	461396	0
2018-05-29	3114	3144	3102	3124	299460	449472	0
2018-05-30	3144	3144	3068	3112	512136	415316	0
2018-05-31	3118	3176	3110	3138	456134	403550	0
2018-06-01	3134	3162	3126	3156	306368	399150	0
2018-06-04	3152	3206	3120	3188	606700	445080	0
2018-06-05	3188	3214	3130	3170	584486	443100	0
2018-06-06	3150	3236	3138	3226	673380	474990	0
2018-06-07	3222	3270	3208	3262	580920	496306	0
2018-06-08	3264	3282	3184	3188	603196	423898	0
2018-06-11	3194	3210	3172	3190	308904	418764	0
2018-06-12	3188	3236	3188	3234	360860	435966	0
2018-06-13	3226	3228	3146	3148	498992	420862	0
2018-06-14	3158	3182	3136	3150	342660	422426	0
2018-06-15	3164	3176	3114	3162	356332	410568	0
2018-06-19	3140	3170	3064	3066	388390	392574	0
2018-06-20	3056	3110	3054	3088	297652	383808	0
2018-06-21	3096	3102	3066	3070	259704	389404	0
2018-06-22	3056	3098	3022	3034	472420	385814	0
2018-06-25	3056	3092	3056	3082	296316	385750	0
2018-06-26	3086	3092	3044	3082	235094	392644	0
2018-06-27	3080	3148	3072	3144	511740	409244	0
2018-06-28	3150	3188	3144	3166	385058	413820	0
2018-06-29	3172	3214	3158	3202	398630	423954	0
2018-07-02	3216	3228	3176	3182	406046	415526	0
2018-07-03	3186	3224	3178	3220	305364	437098	0
2018-07-04	3228	3230	3184	3210	432562	434640	0
2018-07-05	3202	3250	3172	3234	520116	457550	0
2018-07-06	3246	3258	3210	3246	491206	477376	0
2018-07-09	3238	3312	3226	3296	651436	544870	0
2018-07-10	3296	3332	3280	3316	585452	554850	0
2018-07-11	3320	3342	3286	3330	582326	561160	0
2018-07-12	3320	3328	3240	3262	754114	500386	0
2018-07-13	3258	3280	3246	3248	326964	486010	0
2018-07-16	3254	3272	3232	3246	361266	476886	0
2018-07-17	3224	3230	3196	3220	523148	477584	0
2018-07-18	3220	3226	3206	3216	207486	468994	0
2018-07-19	3212	3246	3188	3222	537320	473234	0
2018-07-20	3208	3272	3204	3258	443906	502876	0
2018-07-23	3256	3274	3244	3246	311246	510348	0
2018-07-24	3264	3314	3258	3288	478330	511126	0
2018-07-25	3288	3332	3270	3314	487028	521540	0
2018-07-26	3312	3316	3272	3284	421256	499774	0
2018-07-27	3282	3312	3250	3264	465162	494338	0
2018-07-30	3270	3368	3262	3316	700842	505156	0
2018-07-31	3330	3352	3310	3310	369512	494450	0
2018-08-01	3316	3326	3242	3244	574470	482852	0
2018-08-02	3230	3268	3218	3258	428180	471658	0
2018-08-03	3252	3342	3230	3322	838368	489126	0
2018-08-06	3318	3332	3254	3326	776948	488726	0
2018-08-07	3334	3444	3332	3418	1271940	545536	0
2018-08-08	3440	3446	3372	3404	743564	534456	0
2018-08-09	3392	3418	3340	3368	691658	544734	0
2018-08-10	3374	3398	3344	3354	526448	545028	0
2018-08-13	3370	3430	3370	3408	712512	559898	0
2018-08-14	3412	3440	3370	3370	648260	549988	0
2018-08-15	3384	3394	3338	3362	557682	549098	0
2018-08-16	3364	3380	3202	3274	911198	496112	0
2018-08-17	3282	3288	3248	3266	404252	479162	0
2018-08-20	3290	3322	3238	3288	587252	487342	0
2018-08-21	3284	3310	3256	3268	439154	489324	0
2018-08-22	3278	3318	3248	3266	672068	509898	0
2018-08-23	3282	3314	3266	3268	616204	499224	0
2018-08-24	3250	3354	3242	3336	745332	489840	0
2018-08-27	3344	3384	3318	3360	494222	479940	0
2018-08-28	3366	3380	3338	3354	355194	477124	0
2018-08-29	3360	3388	3338	3368	361316	472390	0
2018-08-30	3380	3442	3366	3432	714752	505866	0
2018-08-31	3436	3496	3412	3478	807762	538968	0
2018-09-03	3478	3486	3436	3474	550318	547094	0
2018-09-04	3474	3510	3442	3458	599740	555330	0
2018-09-05	3480	3480	3426	3444	506192	544658	0
2018-09-06	3446	3514	3444	3514	800258	620362	0
2018-09-07	3524	3624	3520	3572	1391974	708400	0
2018-09-10	3576	3758	3566	3756	1600886	818832	0
2018-09-11	3746	3774	3596	3618	2152508	724268	0
2018-09-12	3630	3672	3586	3640	1534506	700936	0
2018-09-13	3644	3652	3598	3636	813816	688856	0
2018-09-14	3640	3652	3598	3632	837882	688098	0
2018-09-17	3634	3700	3554	3584	1464504	660056	0
2018-09-18	3588	3594	3536	3576	783094	628624	0
2018-09-19	3592	3638	3564	3634	838950	614090	0
2018-09-20	3636	3708	3636	3668	1036472	608696	0
2018-09-21	3662	3682	3648	3674	645898	558236	0
2018-09-25	3694	3750	3686	3698	738680	582674	0
2018-09-26	3706	3726	3654	3674	688036	594668	0
2018-09-27	3664	3720	3618	3708	978996	604936	0
2018-09-28	3704	3726	3664	3698	798586	549430	0
2018-10-08	3774	3790	3718	3754	367254	574746	0
2018-10-09	3744	3848	3738	3832	1042656	617108	0
2018-10-10	3830	3838	3776	3794	651606	582644	0
2018-10-11	3786	3802	3698	3712	759692	559512	0
2018-10-12	3718	3752	3710	3742	511034	562752	0
2018-10-15	3746	3756	3694	3718	679960	578140	0
2018-10-16	3712	3718	3646	3658	918190	585772	0
2018-10-17	3658	3708	3654	3702	510880	580540	0
2018-10-18	3692	3696	3598	3628	814982	545914	0
2018-10-19	3598	3636	3594	3618	411412	533220	0
2018-10-22	3632	3668	3620	3636	505228	494726	0
2018-10-23	3618	3636	3590	3600	547220	485660	0
2018-10-24	3572	3580	3508	3522	840912	471560	0
2018-10-25	3528	3542	3448	3468	678908	459942	0
2018-10-26	3482	3490	3448	3458	452540	435926	0
2018-10-29	3462	3490	3402	3442	666514	390642	0
2018-10-30	3440	3476	3426	3432	428844	367542	0
2018-10-31	3420	3456	3348	3450	832064	372794	0
2018-11-01	3444	3446	3370	3388	610224	363278	0
2018-11-02	3386	3406	3284	3322	662274	354872	0
2018-11-05	3312	3352	3288	3342	432720	328212	0
2018-11-06	3356	3368	3330	3342	410008	331952	0
2018-11-07	3340	3382	3320	3362	597628	369280	0
2018-11-08	3408	3440	3382	3424	614322	378214	0
2018-11-09	3414	3428	3376	3384	419966	378028	0
2018-11-12	3354	3356	3224	3330	1137444	350438	0
2018-11-13	3326	3352	3272	3286	647656	344704	0
2018-11-14	3274	3306	3110	3136	828310	340590	0
2018-11-15	3154	3190	3144	3186	546390	336486	0
2018-11-16	3194	3216	3164	3190	456408	327618	0
2018-11-19	3202	3202	3114	3140	561408	342374	0
2018-11-20	3128	3140	3090	3112	472954	335796	0
2018-11-21	3108	3110	2940	2996	690482	312530	0
2018-11-22	3004	3010	2930	2950	519802	323438	0
2018-11-23	2958	2964	2816	2846	766402	353672	0
2018-11-26	2800	2800	2714	2752	1004432	370162	0
2018-11-27	2766	2834	2734	2758	898416	359098	0
2018-11-28	2760	2864	2752	2852	848740	334864	0
2018-11-29	2820	2858	2788	2822	1006316	344102	0
2018-11-30	2838	2878	2794	2816	896664	322730	0
2018-12-03	2802	2986	2764	2910	837684	361656	0
2018-12-04	2894	2934	2878	2910	534986	352250	0
2018-12-05	2926	2928	2818	2870	867966	413692	0
2018-12-06	2892	2908	2782	2782	744704	442810	0
2018-12-07	2738	2820	2732	2780	774830	466150	0
2018-12-10	2794	2858	2776	2792	842580	453004	0
2018-12-11	2778	2808	2670	2708	914374	528652	0
2018-12-12	2724	2756	2716	2746	588456	497664	0
2018-12-13	2758	2778	2720	2756	672620	504810	0
2018-12-14	2744	2812	2742	2790	653508	494964	0
2018-12-17	2782	2794	2718	2792	825446	556228	0
2018-12-18	2792	2802	2720	2742	768844	548118	0
2018-12-19	2732	2754	2654	2696	970012	609428	0
2018-12-20	2698	2742	2694	2728	663754	530036	0
2018-12-21	2720	2772	2716	2750	823972	550316	0
2018-12-24	2726	2736	2692	2726	819392	555920	0
2018-12-25	2706	2724	2552	2580	1099732	580284	0
2018-12-26	2582	2602	2564	2574	498296	554356	0
2018-12-27	2584	2704	2542	2640	1258682	584540	0
2018-12-28	2620	2652	2606	2632	682890	531338	0
2019-01-02	2636	2650	2570	2578	463178	562258	0
2019-01-03	2574	2634	2558	2628	644244	557562	0
2019-01-04	2676	2760	2658	2732	1069476	588990	0
2019-01-07	2744	2786	2730	2768	794408	581262	0
2019-01-08	2770	2786	2736	2752	630858	531216	0
2019-01-09	2760	2834	2754	2810	779518	524522	0
2019-01-10	2824	2848	2814	2826	721078	556754	0
2019-01-11	2834	2854	2810	2850	584902	545104	0
2019-01-14	2842	2844	2784	2802	689430	567166	0
2019-01-15	2806	2842	2790	2830	523728	539906	0
2019-01-16	2832	2886	2824	2878	625692	595202	0
2019-01-17	2866	2896	2860	2868	521562	553772	0
2019-01-18	2850	2982	2846	2976	813560	626816	0
2019-01-21	2976	3110	2966	3082	1209548	671186	0
2019-01-22	3084	3092	3022	3034	854764	624490	0
2019-01-23	3022	3054	3016	3042	664112	591502	0
2019-01-24	3054	3062	3000	3058	778156	641356	0
2019-01-25	3046	3186	3038	3136	1548916	742010	0
2019-01-28	3132	3172	3098	3098	1040474	691436	0
2019-01-29	3092	3182	3064	3110	1334386	736122	0
2019-01-30	3128	3174	3100	3130	1104990	698370	0
2019-01-31	3144	3178	3124	3166	756388	636534	0
2019-02-01	3152	3264	3148	3258	1086366	624820	0
2019-02-11	3222	3280	3202	3268	572956	627700	0
2019-02-12	3262	3302	3248	3284	777662	721762	0
2019-02-13	3304	3334	3162	3182	1355162	757334	0
2019-02-14	3188	3222	3126	3218	978024	710572	0
2019-02-15	3218	3242	3130	3144	1422990	788182	0
2019-02-18	3160	3242	3124	3206	1231898	771582	0
2019-02-19	3206	3236	3158	3188	888002	766026	0
2019-02-20	3182	3210	3154	3194	825048	771006	0
2019-02-21	3180	3296	3174	3272	1133008	817186	0
2019-02-22	3270	3286	3254	3282	620412	761956	0
2019-02-25	3298	3302	3196	3208	1003076	809296	0
2019-02-26	3162	3218	3126	3198	1120826	776468	0
2019-02-27	3208	3262	3196	3230	706086	748730	0
2019-02-28	3246	3252	3220	3246	586636	738390	0
2019-03-01	3248	3448	3242	3420	1410366	844932	0
2019-03-04	3408	3446	3368	3386	1139912	850614	0
2019-03-05	3362	3382	3342	3362	807170	800128	0
2019-03-06	3370	3378	3336	3358	772410	828794	0
2019-03-07	3358	3390	3276	3280	1177684	814828	0
2019-03-08	3292	3296	3214	3248	1011370	786136	0
2019-03-11	3230	3286	3212	3284	854556	773412	0
2019-03-12	3296	3372	3290	3350	920468	785146	0
2019-03-13	3362	3394	3336	3378	707630	778618	0
2019-03-14	3388	3406	3340	3370	909514	833932	0
2019-03-15	3366	3384	3308	3374	1009774	828886	0
2019-03-18	3354	3406	3318	3368	1170294	884438	0
2019-03-19	3374	3414	3356	3400	842250	927260	0
2019-03-20	3408	3412	3324	3354	932816	937810	0
2019-03-21	3336	3364	3326	3330	900620	923724	0
2019-03-22	3326	3358	3304	3352	795440	916288	0
2019-03-25	3334	3340	3260	3292	942762	931780	0
2019-03-26	3292	3312	3274	3290	591908	939050	0
2019-03-27	3300	3358	3292	3354	939192	949498	0
2019-03-28	3352	3372	3336	3344	791490	939482	0
2019-03-29	3328	3426	3304	3400	1284842	939768	0
2019-04-01	3424	3428	3384	3410	834442	881102	0
2019-04-02	3412	3488	3402	3466	945730	863508	0
2019-04-03	3464	3518	3448	3498	756906	865098	0
2019-04-04	3490	3498	3466	3484	631354	840266	0
2019-04-08	3528	3532	3500	3504	492462	843286	0
2019-04-09	3492	3524	3448	3458	775278	877130	0
2019-04-10	3456	3464	3438	3458	480260	825730	0
2019-04-11	3458	3476	3434	3454	582910	859694	0
2019-04-12	3446	3466	3416	3426	728724	815694	0
2019-04-15	3458	3460	3396	3406	636836	834200	0
2019-04-16	3402	3442	3398	3424	583018	791206	0
2019-04-17	3428	3456	3420	3450	507878	803318	0
2019-04-18	3446	3450	3374	3402	674346	849574	0
2019-04-19	3410	3478	3390	3472	685402	821726	0
2019-04-22	3478	3574	3464	3548	1196514	957828	0
2019-04-23	3548	3582	3546	3570	616068	957906	0
2019-04-24	3558	3568	3544	3550	549680	961006	0
2019-04-25	3562	3666	3550	3654	1511692	1127754	0
2019-04-26	3654	3668	3616	3626	969212	1081552	0
2019-04-29	3606	3622	3554	3568	1089768	1018292	0
2019-04-30	3578	3622	3550	3616	756576	908712	0
2019-05-06	3554	3554	3496	3534	592566	842840	0
2019-05-07	3546	3596	3542	3564	670402	859438	0
2019-05-08	3552	3554	3512	3526	790574	809380	0
2019-05-09	3516	3540	3482	3502	754798	782630	0
2019-05-10	3498	3570	3486	3524	748170	728908	0
2019-05-13	3512	3560	3502	3554	707274	696622	0
2019-05-14	3562	3602	3418	3448	1358938	718214	0
2019-05-15	3464	3476	3430	3468	610572	709296	0
2019-05-16	3462	3520	3448	3510	783528	691098	0
2019-05-17	3530	3560	3466	3470	960102	689516	0
2019-05-20	3474	3540	3466	3508	756626	683528	0
2019-05-21	3492	3532	3468	3490	759038	675710	0
2019-05-22	3492	3492	3432	3462	998482	663074	0
2019-05-23	3446	3460	3304	3310	1294056	718368	0
2019-05-24	3280	3284	3160	3208	1609602	703874	0
2019-05-27	3204	3242	3122	3156	1250988	658376	0
2019-05-28	3158	3206	3136	3194	783344	637316	0
2019-05-29	3188	3200	3162	3190	598718	625816	0
2019-05-30	3138	3248	3086	3218	1241800	606970	0
2019-05-31	3204	3208	3082	3100	1007508	613936	0
2019-06-03	3068	3076	2974	2986	1195478	629254	0
2019-06-04	3040	3040	2976	3004	758944	619600	0
2019-06-05	3006	3034	2986	3000	628724	615570	0
2019-06-06	2994	3004	2874	2916	1222662	631224	0
2019-06-10	2934	3016	2934	2984	551918	602292	0
2019-06-11	2986	3098	2960	3064	1085570	584362	0
2019-06-12	3078	3124	3012	3024	1086154	592948	0
2019-06-13	2994	3042	2908	3014	1696790	642736	0
2019-06-14	3032	3038	2946	2958	1205394	653968	0
2019-06-17	2968	3000	2930	2936	815282	666400	0
2019-06-18	2926	2946	2864	2886	1011392	692192	0
2019-06-19	2908	3000	2896	2936	1433472	689642	0
2019-06-20	2926	3036	2910	3028	1383858	678216	0
2019-06-21	3042	3076	2998	3018	1268732	658208	0
2019-06-24	3030	3094	3028	3086	886492	645250	0
2019-06-25	3084	3086	3018	3044	780442	625326	0
2019-06-26	3054	3130	3034	3106	915158	634398	0
2019-06-27	3110	3172	3102	3112	1068068	610916	0
2019-06-28	3114	3148	3096	3122	846534	581068	0
2019-07-01	3148	3290	3114	3284	1301362	594290	0
2019-07-02	3284	3310	3234	3282	1104474	579600	0
2019-07-03	3254	3284	3192	3230	1219076	569492	0
2019-07-04	3238	3268	3200	3230	1012214	572126	0
2019-07-05	3230	3262	3210	3246	678884	561944	0
2019-07-08	3242	3340	3240	3320	1264776	593034	0
2019-07-09	3314	3360	3300	3314	899624	581486	0
2019-07-10	3324	3324	3258	3300	1028708	585202	0
2019-07-11	3332	3392	3322	3370	1277924	614032	0
2019-07-12	3360	3362	3304	3344	732166	589350	0
2019-07-15	3326	3346	3268	3338	831636	590820	0
2019-07-16	3354	3410	3318	3340	1037280	595852	0
2019-07-17	3358	3394	3288	3302	1185794	630678	0
2019-07-18	3316	3332	3242	3274	1111892	641398	0
2019-07-19	3284	3306	3238	3288	889384	640746	0
2019-07-22	3282	3374	3268	3348	1019752	663296	0
2019-07-23	3346	3372	3322	3342	764156	664936	0
2019-07-24	3332	3388	3306	3380	946026	702486	0
2019-07-25	3380	3394	3320	3336	832712	691924	0
2019-07-26	3356	3390	3318	3380	834266	706788	0
2019-07-29	3388	3396	3344	3366	747638	714988	0
2019-07-30	3368	3380	3328	3342	844080	716100	0
2019-07-31	3336	3422	3332	3372	1274928	721614	0
2019-08-01	3372	3378	3288	3308	1036110	758716	0
2019-08-02	3312	3318	3146	3176	1209138	726484	0
2019-08-05	3194	3212	3070	3112	1073498	681308	0
2019-08-06	3106	3126	3072	3102	783510	667772	0
2019-08-07	3096	3140	3092	3114	758646	673074	0
2019-08-08	3092	3104	3004	3076	1199124	681176	0
2019-08-09	3068	3114	3024	3096	906844	683398	0
2019-08-12	3110	3180	3104	3144	1074140	675832	0
2019-08-13	3154	3184	3110	3132	717206	684952	0
2019-08-14	3120	3224	3118	3162	921098	685936	0
2019-08-15	3128	3130	3040	3072	1011052	705910	0
2019-08-16	3062	3100	3044	3082	701756	695300	0
2019-08-19	3076	3158	3062	3140	802546	682770	0
2019-08-20	3138	3160	3128	3148	492430	690016	0
2019-08-21	3146	3252	3068	3236	1575726	791922	0
2019-08-22	3254	3264	3178	3200	1195974	754250	0
2019-08-23	3220	3244	3182	3192	905120	743436	0
2019-08-26	3116	3182	3108	3146	1146586	722744	0
2019-08-27	3176	3182	3078	3102	974320	737716	0
2019-08-28	3106	3158	3084	3140	698706	739452	0
2019-08-29	3142	3150	3026	3036	1128848	804440	0
2019-08-30	3044	3102	3028	3086	774966	762658	0
2019-09-02	3084	3122	3038	3084	950618	732266	0
2019-09-03	3078	3090	3020	3038	960552	782782	0
2019-09-04	2992	3052	2960	3050	1138612	779252	0
2019-09-05	3074	3144	3062	3090	1141522	723434	0
2019-09-06	3102	3124	3072	3094	715274	732076	0
2019-09-09	3078	3146	3068	3136	800346	712112	0
2019-09-10	3136	3160	3114	3124	632964	702442	0
2019-09-11	3138	3154	3082	3088	714884	721986	0
2019-09-12	3090	3100	3024	3042	781920	718400	0
2019-09-16	3272	3272	3176	3208	981470	616878	0
2019-09-17	3222	3322	3206	3284	1305578	637470	0
2019-09-18	3280	3284	3140	3162	1177258	594026	0
2019-09-19	3140	3170	3118	3128	626980	590786	0
2019-09-20	3164	3210	3140	3166	857294	607690	0
2019-09-23	3166	3190	3148	3182	651704	594826	0
2019-09-24	3176	3212	3160	3184	745522	600922	0
2019-09-25	3172	3204	3144	3192	852212	615900	0
2019-09-26	3192	3248	3158	3196	1138018	617154	0
2019-09-27	3188	3198	3136	3144	779906	569808	0
2019-09-30	3108	3166	3082	3154	648252	509326	0
2019-10-08	3092	3154	3092	3136	332558	524700	0
2019-10-09	3124	3174	3116	3124	575934	539656	0
2019-10-10	3134	3136	3046	3048	825140	605650	0
2019-10-11	3054	3070	3016	3060	752994	598266	0
2019-10-14	3058	3064	2994	3014	693410	630624	0
2019-10-15	3000	3002	2920	2944	881082	647820	0
2019-10-16	2954	2964	2906	2928	683536	650412	0
2019-10-17	2938	2950	2908	2922	565136	641102	0
2019-10-18	2930	2944	2874	2922	873904	644356	0
2019-10-21	2932	2984	2918	2946	811836	607516	0
2019-10-22	2938	2960	2916	2940	549010	601880	0
2019-10-23	2956	2962	2920	2954	600622	605746	0
2019-10-24	2946	2998	2942	2972	781126	606776	0
2019-10-25	2982	2986	2944	2962	574996	595906	0
2019-10-28	2964	2978	2950	2956	499086	579040	0
2019-10-29	2956	2976	2908	2972	976166	586312	0
2019-10-30	2966	2972	2930	2946	592870	555720	0
2019-10-31	2944	2964	2904	2956	694122	565226	0
2019-11-01	2952	2988	2936	2956	616798	539076	0
2019-11-04	2958	2960	2926	2934	558684	542510	0
2019-11-05	2938	2962	2934	2956	469008	509548	0
2019-11-06	2962	2964	2932	2950	437910	499160	0
2019-11-07	2952	2998	2924	2964	788508	507550	0
2019-11-08	2964	2970	2944	2956	442108	485750	0
2019-11-11	2958	2966	2852	2854	1070682	525452	0
2019-11-12	2862	2880	2824	2864	759308	535664	0
2019-11-13	2868	2886	2848	2868	516570	522726	0
2019-11-14	2864	2896	2854	2876	535580	512008	0
2019-11-15	2882	2884	2826	2838	542914	510040	0
2019-11-18	2832	2864	2772	2860	811066	508558	0
2019-11-19	2852	2856	2832	2848	387272	496440	0
2019-11-20	2844	2890	2842	2864	609746	483984	0
2019-11-21	2872	2918	2864	2908	627764	469668	0
2019-11-22	2908	2956	2904	2938	574774	466568	0
2019-11-25	2946	2964	2926	2952	443364	445490	0
2019-11-26	2952	2974	2938	2962	483488	437346	0
2019-11-27	2966	3000	2934	2938	721370	438446	0
2019-11-28	2934	2940	2898	2908	502708	406884	0
2019-11-29	2910	2982	2898	2980	661304	422212	0
2019-12-02	2980	2982	2936	2950	568476	404594	0
2019-12-03	2956	2960	2936	2948	326338	397102	0
2019-12-04	2940	2962	2906	2922	615000	387682	0
2019-12-05	2934	2958	2910	2916	563354	419880	0
2019-12-06	2918	2928	2884	2920	690956	417172	0
2019-12-09	2928	3010	2916	2996	945100	463062	0
2019-12-10	2994	3074	2980	3040	916854	484848	0
2019-12-11	3034	3048	3006	3022	536404	479074	0
2019-12-12	3026	3054	2990	3048	660886	503938	0
2019-12-13	3050	3060	3012	3036	487246	484350	0
2019-12-16	3034	3112	3032	3092	1058434	529156	0
2019-12-17	3088	3102	3070	3086	390512	536058	0
2019-12-18	3094	3114	3064	3076	403304	536400	0
2019-12-19	3078	3120	3052	3110	652360	579488	0
2019-12-20	3108	3148	3090	3108	602754	578530	0
2019-12-23	3110	3120	3070	3082	413424	563382	0
2019-12-24	3086	3112	3074	3098	419914	566796	0
2019-12-25	3112	3128	3098	3118	441578	579082	0
2019-12-26	3118	3124	3098	3106	244974	565342	0
2019-12-27	3108	3198	3102	3192	784702	613462	0
2019-12-30	3186	3206	3168	3182	413014	580108	0
2019-12-31	3204	3250	3152	3184	833354	540610	0
2020-01-02	3190	3220	3168	3198	161438	277546	0
2020-01-03	3200	3262	3188	3240	312706	277408	0
2020-01-06	3262	3398	3254	3380	439136	283566	0
2020-01-07	3350	3374	3302	3340	290236	260433	0
2020-01-08	3330	3514	3312	3374	401782	254357	0
2020-01-09	3328	3354	3228	3236	392607	239463	0
2020-01-10	3246	3284	3236	3280	173229	242622	0
2020-01-13	3282	3328	3256	3306	278960	248200	0
2020-01-14	3306	3310	3238	3262	234002	239882	0
2020-01-15	3276	3276	3138	3146	432837	234179	0
2020-01-16	3158	3180	3152	3162	176770	219253	0
2020-01-17	3150	3182	3122	3130	281582	229174	0
2020-01-20	3134	3182	3130	3172	184200	214783	0
2020-01-21	3164	3174	3124	3154	188807	214395	0
2020-01-22	3144	3174	3102	3144	239315	204874	0
2020-01-23	3136	3146	3028	3050	238540	193294	0
2020-02-03	2818	2872	2802	2804	186779	201831	0
2020-02-04	2782	2884	2774	2850	227769	209324	0
2020-02-05	2836	2886	2826	2864	209482	236006	0
2020-02-06	2878	2960	2874	2950	276255	247479	0
2020-02-07	2938	2970	2912	2966	208521	262388	0
2020-02-10	2930	2968	2920	2948	211011	270908	0
2020-02-11	2932	3018	2932	2986	398883	303212	0
2020-02-12	2986	3020	2958	2992	358633	318021	0
2020-02-13	3000	3026	2976	2990	282301	330558	0
2020-02-14	3002	3002	2940	2992	347390	352666	0
2020-02-17	2996	3004	2970	2994	268390	357899	0
2020-02-18	2986	3008	2972	2976	210633	363497	0
2020-02-19	3028	3090	3012	3072	513013	370576	0
2020-02-20	3090	3132	3072	3106	350546	368385	0
2020-02-21	3102	3110	3078	3092	204172	371834	0
2020-02-24	3050	3072	3032	3050	295928	371637	0
2020-02-25	3034	3102	3010	3094	428115	410671	0
2020-02-26	3056	3058	2956	2966	619570	423280	0
2020-02-27	2934	2934	2844	2862	555547	409268	0
2020-02-28	2816	2828	2732	2750	706900	410730	0
2020-03-02	2748	2908	2742	2872	707701	410788	0
2020-03-03	2942	2988	2876	2918	624913	393840	0
2020-03-04	2920	2940	2892	2918	391031	403683	0
2020-03-05	2910	2936	2896	2916	359127	424930	0
2020-03-06	2878	2878	2818	2838	530134	437312	0
2020-03-09	2672	2672	2642	2642	17902	431126	0
2020-03-10	2416	2468	2378	2386	931316	469865	0
2020-03-11	2418	2464	2278	2294	1576921	589731	0
2020-03-12	2278	2294	2206	2208	1191429	617552	0
2020-03-13	2180	2212	2026	2158	2057728	581878	0
2020-03-16	2092	2172	2068	2084	1462566	596821	0
2020-03-17	2096	2124	2044	2084	1267901	591881	0
2020-03-18	2022	2062	1950	1954	1198336	589749	0
2020-03-19	1918	1940	1816	1860	1317260	577231	0
2020-03-20	1938	1996	1904	1982	1652692	566345	0
2020-03-23	1854	1930	1826	1928	1435501	602396	0
2020-03-24	1956	2030	1944	2026	1300862	596131	0
2020-03-25	2018	2084	2018	2040	1234628	642328	0
2020-03-26	2038	2038	1920	1930	1604297	739887	0
2020-03-27	1940	1962	1888	1930	1634207	749267	0
2020-03-30	1878	1878	1822	1844	1408241	780357	0
2020-03-31	1858	1956	1858	1924	1555951	788682	0
2020-04-01	1920	1952	1896	1938	1206159	762877	0
2020-04-02	1936	2114	1932	2090	2129063	761033	0
2020-04-03	2108	2150	2032	2112	2284283	781981	0
2020-04-07	2142	2242	2142	2222	1495575	776112	0
2020-04-08	2188	2230	2164	2198	1350906	797738	0
2020-04-09	2230	2256	2222	2252	982290	808157	0
2020-04-10	2190	2234	2138	2234	1039912	803387	0
2020-04-13	2266	2312	2218	2238	1622582	757456	0
2020-04-14	2250	2254	2182	2246	1396335	787072	0
2020-04-15	2202	2306	2184	2270	1726660	807604	0
2020-04-16	2272	2328	2216	2244	2106571	806350	0
2020-04-17	2278	2304	2214	2240	1710368	816841	0
2020-04-20	2204	2230	2168	2224	1311448	812289	0
2020-04-21	2182	2212	2014	2052	2768659	809701	0
2020-04-22	2006	2006	1916	1952	2153782	805334	0
2020-04-23	1982	2144	1982	2144	2109923	788806	0
2020-04-24	2130	2210	2114	2162	2332787	706190	0
2020-04-27	2146	2196	2110	2142	2418523	710194	0
2020-04-28	2140	2140	2038	2114	2417644	694822	0
2020-04-29	2132	2202	2132	2186	1739206	649383	0
2020-04-30	2202	2258	2202	2212	1290506	626352	0
2020-05-06	2300	2374	2256	2272	1030406	619271	0
2020-05-07	2240	2276	2236	2250	853026	637522	0
2020-05-08	2286	2286	2222	2262	1068846	631085	0
2020-05-11	2260	2266	2214	2230	830074	642551	0
2020-05-12	2238	2242	2176	2190	723194	656745	0
2020-05-13	2208	2260	2144	2258	1259593	660224	0
2020-05-14	2256	2268	2222	2242	971688	646933	0
2020-05-15	2244	2298	2238	2276	973059	642154	0
2020-05-18	2276	2290	2226	2276	1108897	641128	0
2020-05-19	2290	2344	2290	2314	1159290	638267	0
2020-05-20	2318	2394	2308	2382	1047248	641914	0
2020-05-21	2390	2430	2384	2412	857207	639006	0
2020-05-22	2416	2422	2326	2338	1024181	597429	0
2020-05-25	2344	2470	2342	2456	1176818	627995	0
2020-05-26	2462	2524	2454	2518	1112143	653104	0
2020-05-27	2520	2536	2480	2508	947269	643662	0
2020-05-28	2504	2512	2462	2492	751981	600397	0
2020-05-29	2500	2560	2496	2530	890485	598535	0
2020-06-01	2526	2638	2516	2634	806810	613881	0
2020-06-02	2630	2650	2602	2624	663198	593373	0
2020-06-03	2636	2666	2608	2634	735996	603255	0
2020-06-04	2598	2660	2592	2598	832480	585806	0
2020-06-05	2608	2628	2586	2620	552501	579567	0
2020-06-08	2652	2660	2616	2642	768819	585197	0
2020-06-09	2630	2642	2590	2596	604175	590558	0
2020-06-10	2588	2622	2588	2600	472874	579539	0
2020-06-11	2604	2610	2530	2544	862753	589913	0
2020-06-12	2504	2526	2450	2514	884188	560717	0
2020-06-15	2528	2546	2468	2506	693507	546406	0
2020-06-16	2504	2614	2500	2610	719757	539168	0
2020-06-17	2628	2640	2584	2610	594435	527123	0
2020-06-18	2610	2620	2588	2606	376975	513665	0
2020-06-19	2608	2632	2590	2624	437111	510685	0
2020-06-22	2628	2634	2602	2608	434883	500076	0
2020-06-23	2606	2658	2606	2618	577311	492706	0
2020-06-24	2628	2636	2574	2624	469347	470885	0
2020-06-29	2584	2616	2546	2600	578470	495766	0
2020-06-30	2620	2704	2620	2680	879361	532960	0
2020-07-01	2674	2778	2668	2768	755494	587633	0
2020-07-02	2760	2792	2754	2776	627351	566110	0
2020-07-03	2782	2860	2778	2830	885778	582985	0
2020-07-06	2830	2884	2802	2880	675261	582869	0
2020-07-07	2876	2884	2818	2844	550821	563563	0
2020-07-08	2850	2866	2802	2836	627032	539279	0
2020-07-09	2834	2872	2814	2860	609432	548933	0
2020-07-10	2866	2900	2758	2776	957758	519259	0
2020-07-13	2794	2852	2794	2836	558338	501747	0
2020-07-14	2828	2856	2764	2794	734230	511569	0
2020-07-15	2790	2872	2788	2846	649952	506487	0
2020-07-16	2860	2860	2784	2804	628596	496262	0
2020-07-17	2804	2812	2756	2788	712920	521953	0
2020-07-20	2782	2808	2722	2772	825883	524540	0
2020-07-21	2774	2874	2754	2852	879279	543878	0
2020-07-22	2910	2922	2858	2866	765559	560419	0
2020-07-23	2850	2884	2842	2880	509799	551599	0
2020-07-24	2864	2900	2776	2822	900064	543639	0
2020-07-27	2828	2844	2792	2822	584312	551678	0
2020-07-28	2842	2898	2784	2796	1014708	591953	0
2020-07-29	2796	2878	2790	2844	736821	573719	0
2020-07-30	2848	2882	2842	2850	596299	600586	0
2020-07-31	2824	2850	2762	2840	1013560	598526	0
2020-08-03	2842	2854	2788	2794	671051	634676	0
2020-08-04	2810	2824	2800	2818	391043	624431	0
2020-08-05	2798	2860	2792	2804	826983	638375	0
2020-08-06	2846	2848	2766	2810	936629	641324	0
2020-08-07	2814	2832	2780	2788	583520	641352	0
2020-08-10	2792	2798	2738	2772	810094	661582	0
2020-08-11	2772	2784	2676	2678	769719	728866	0
2020-08-12	2684	2716	2622	2684	1013100	683907	0
2020-08-13	2694	2696	2658	2664	492357	687595	0
2020-08-14	2666	2682	2648	2664	519247	696606	0
2020-08-17	2660	2702	2636	2688	559114	688244	0
2020-08-18	2680	2692	2656	2674	440019	691810	0
2020-08-19	2672	2708	2664	2668	540742	702472	0
2020-08-20	2658	2696	2620	2692	754269	672626	0
2020-08-21	2696	2738	2674	2702	753694	662095	0
2020-08-24	2690	2698	2668	2672	560362	686334	0
2020-08-25	2676	2684	2654	2684	543571	687772	0
2020-08-26	2690	2706	2676	2700	458160	675960	0
2020-08-27	2702	2728	2682	2700	542018	673412	0
2020-08-28	2698	2710	2672	2684	480739	686314	0
2020-08-31	2686	2732	2682	2718	569885	673884	0
2020-09-01	2716	2760	2692	2736	677952	692206	0
2020-09-02	2732	2750	2726	2742	420415	699679	0
2020-09-03	2726	2736	2638	2642	1040411	770075	0
2020-09-04	2638	2660	2574	2592	1090855	813707	0
2020-09-07	2596	2606	2520	2560	967411	810612	0
2020-09-08	2554	2580	2546	2558	544297	803564	0
2020-09-09	2494	2518	2424	2438	1316297	785800	0
2020-09-10	2470	2490	2454	2464	727059	780530	0
2020-09-11	2448	2478	2434	2446	648589	788540	0
2020-09-14	2424	2478	2418	2470	656679	758755	0
2020-09-15	2466	2474	2412	2426	872043	805430	0
2020-09-16	2442	2456	2386	2456	1041196	801270	0
2020-09-17	2456	2482	2422	2438	859176	810825	0
2020-09-18	2446	2462	2426	2442	804031	851272	0
2020-09-21	2428	2478	2418	2430	1047655	846943	0
2020-09-22	2408	2420	2300	2366	1445466	825266	0
2020-09-23	2368	2378	2304	2368	975965	798042	0
2020-09-24	2364	2366	2308	2318	833467	806437	0
2020-09-25	2318	2360	2286	2336	974714	779701	0
2020-09-28	2332	2352	2316	2344	556384	756818	0
2020-09-29	2370	2370	2318	2348	527540	722682	0
2020-09-30	2352	2362	2332	2362	608370	669522	0
2020-10-09	2406	2424	2370	2374	367470	690188	0
2020-10-12	2384	2402	2354	2360	654836	760592	0
2020-10-13	2354	2368	2330	2352	684476	804955	0
2020-10-14	2362	2376	2322	2368	810502	800456	0
2020-10-15	2378	2420	2376	2404	948669	784944	0
2020-10-16	2368	2464	2366	2454	1136400	775191	0
2020-10-19	2452	2472	2436	2458	736102	761511	0
2020-10-20	2454	2472	2436	2462	698124	755496	0
2020-10-21	2462	2504	2450	2482	927963	766571	0
2020-10-22	2476	2486	2408	2442	921721	757605	0
2020-10-23	2446	2470	2438	2448	613041	737373	0
2020-10-26	2458	2464	2408	2450	876628	709034	0
2020-10-27	2446	2460	2420	2454	629913	711908	0
2020-10-28	2456	2462	2372	2414	1155027	710572	0
2020-10-29	2384	2390	2328	2330	1150906	754572	0
2020-10-30	2254	2324	2226	2252	1601810	748348	0
2020-11-02	2264	2286	2214	2234	975082	754085	0
2020-11-03	2250	2286	2248	2268	634141	751428	0
2020-11-04	2282	2284	2252	2276	623285	746792	0
2020-11-05	2282	2288	2236	2242	628112	774832	0
2020-11-06	2244	2256	2160	2176	1024639	831349	0
2020-11-09	2184	2234	2180	2212	688837	795097	0
2020-11-10	2266	2316	2250	2298	1031093	737980	0
2020-11-11	2306	2320	2296	2312	599403	726872	0
2020-11-12	2318	2344	2308	2332	660140	715347	0
2020-11-13	2322	2340	2306	2318	534807	710732	0
2020-11-16	2318	2390	2310	2384	734153	692167	0
2020-11-17	2402	2414	2338	2350	635642	706194	0
2020-11-18	2340	2340	2290	2334	711052	702721	0
2020-11-19	2346	2354	2306	2330	657397	714233	0
2020-11-20	2328	2346	2304	2312	678377	719097	0
2020-11-23	2310	2400	2310	2400	776232	713188	0
2020-11-24	2402	2480	2392	2474	970544	720032	0
2020-11-25	2472	2570	2468	2524	1377524	669145	0
2020-11-26	2516	2544	2504	2514	730051	673051	0
2020-11-27	2492	2580	2490	2554	852878	698427	0
2020-11-30	2562	2576	2518	2522	761281	669663	0
2020-12-01	2532	2572	2528	2554	764922	666815	0
2020-12-02	2558	2566	2498	2552	857535	669975	0
2020-12-03	2558	2664	2546	2624	1162983	737826	0
2020-12-04	2616	2652	2546	2622	1135009	712520	0
2020-12-07	2612	2682	2594	2662	875189	718043	0
2020-12-08	2650	2660	2602	2604	721323	709825	0
2020-12-09	2618	2658	2590	2638	835264	680433	0
2020-12-10	2648	2704	2620	2628	1071835	688656	0
2020-12-11	2644	2700	2610	2636	1122587	682215	0
2020-12-14	2642	2750	2630	2744	1185501	733259	0
2020-12-15	2750	2774	2712	2726	730175	714567	0
2020-12-16	2734	2746	2714	2730	578030	700413	0
2020-12-17	2734	2760	2696	2754	913998	691724	0
2020-12-18	2744	2770	2714	2720	899795	725414	0
2020-12-21	2726	2746	2598	2624	1304163	717292	0
2020-12-22	2606	2634	2544	2546	1033418	701396	0
2020-12-23	2558	2574	2466	2538	1085212	669889	0
2020-12-24	2558	2600	2542	2600	720839	633368	0
2020-12-25	2582	2614	2574	2606	469995	607609	0
2020-12-28	2610	2646	2570	2612	834726	591569	0
2020-12-29	2630	2640	2576	2592	739433	595117	0
2020-12-30	2596	2610	2548	2556	949800	620019	0
2020-12-31	2562	2570	2518	2520	845146	661666	0
2021-01-04	2522	2604	2484	2600	621994	655337	0
2021-01-05	2574	2596	2530	2536	683769	698055	0
2021-01-06	2552	2628	2538	2616	762279	668967	0
2021-01-07	2610	2688	2596	2676	726760	656331	0
2021-01-08	2680	2716	2646	2702	697210	660724	0
2021-01-11	2722	2734	2572	2572	976191	657023	0
2021-01-12	2584	2634	2522	2622	798811	651172	0
2021-01-13	2640	2672	2608	2670	593698	652869	0
2021-01-14	2660	2682	2608	2674	690465	645446	0
2021-01-15	2664	2722	2646	2704	711742	644759	0
2021-01-18	2698	2720	2644	2708	716211	622156	0
2021-01-19	2712	2736	2670	2708	589094	625431	0
2021-01-20	2726	2764	2698	2712	698398	638065	0
2021-01-21	2706	2730	2690	2714	509025	636995	0
2021-01-22	2712	2730	2644	2664	667218	628833	0
2021-01-25	2632	2690	2620	2662	537066	624982	0
2021-01-26	2662	2674	2634	2652	480051	604764	0
2021-01-27	2670	2734	2652	2732	599973	614093	0
2021-01-28	2720	2734	2700	2720	458537	591542	0
2021-01-29	2728	2766	2704	2728	694035	583672	0
2021-02-01	2736	2786	2712	2764	657628	594293	0
2021-02-02	2766	2808	2754	2798	611174	611178	0
2021-02-03	2818	2826	2778	2794	525662	592952	0
2021-02-04	2804	2846	2796	2844	491368	605116	0
2021-02-05	2842	2868	2828	2862	375987	596987	0
2021-02-08	2874	2924	2852	2888	521816	581922	0
2021-02-09	2888	2966	2888	2944	461108	555050	0
2021-02-10	2934	2936	2884	2898	373903	519290	0
2021-02-18	3022	3066	3020	3054	283732	540060	0
2021-02-19	3044	3086	2962	3006	565981	542253	0
2021-02-22	3010	3066	2992	3050	496412	555721	0
2021-02-23	3048	3186	3034	3142	749937	573274	0
2021-02-24	3140	3176	3112	3168	590175	551268	0
2021-02-25	3194	3332	3190	3318	645829	529810	0
2021-02-26	3316	3330	3224	3244	673632	480245	0
2021-03-01	3186	3280	3134	3162	671956	449454	0
2021-03-02	3156	3164	3036	3058	576004	435995	0
2021-03-03	3086	3126	3030	3056	539765	443123	0
2021-03-04	3082	3114	3056	3080	479551	442130	0
2021-03-05	3062	3226	3050	3222	788291	453567	0
2021-03-08	3246	3368	3230	3308	613386	454953	0
2021-03-09	3274	3276	3160	3162	572228	441278	0
2021-03-10	3196	3198	3060	3084	567789	432856	0
2021-03-11	3110	3136	3086	3132	464204	433760	0
2021-03-12	3140	3164	3096	3124	427960	436153	0
2021-03-15	3124	3198	3108	3138	530255	435393	0
2021-03-16	3074	3078	3012	3028	558806	452303	0
2021-03-17	3016	3090	2998	3072	485086	445861	0
2021-03-18	3030	3062	3016	3046	418961	447700	0
2021-03-19	3028	3036	2796	2828	983716	495845	0
2021-03-22	2832	2870	2816	2860	566644	506028	0
2021-03-23	2864	2872	2814	2860	470161	524220	0
2021-03-24	2802	2846	2768	2834	718586	529427	0
2021-03-25	2852	2860	2794	2806	505699	527772	0
2021-03-26	2788	2878	2782	2850	635630	509388	0
2021-03-29	2874	2904	2818	2840	601138	497949	0
2021-03-30	2866	2904	2854	2882	498292	485790	0
2021-03-31	2866	2884	2838	2848	442176	492147	0
2021-04-01	2826	2874	2784	2874	667717	505170	0
2021-04-02	2884	2966	2868	2956	711544	471002	0
2021-04-06	2906	2930	2876	2880	487911	492609	0
2021-04-07	2890	2922	2844	2846	660765	526995	0
2021-04-08	2848	2850	2792	2802	645778	585100	0
2021-04-09	2804	2834	2770	2814	602353	593830	0
2021-04-12	2808	2830	2734	2748	839284	629302	0
2021-04-13	2770	2820	2768	2802	609543	599227	0
2021-04-14	2818	2912	2816	2910	758356	540701	0
2021-04-15	2914	2998	2906	2966	805917	505085	0
2021-04-16	2962	3024	2948	3020	615197	497991	0
2021-04-19	3020	3022	2964	2998	570638	490221	0
2021-04-20	2998	3012	2980	3000	449773	486003	0
2021-04-21	2994	2994	2924	2964	541917	483770	0
2021-04-22	2926	2970	2870	2884	749882	484266	0
2021-04-23	2900	2922	2882	2900	516054	484481	0
2021-04-26	2894	2952	2868	2876	704262	490991	0
2021-04-27	2860	2932	2848	2926	555015	488580	0
2021-04-28	2936	2972	2916	2960	673132	479686	0
2021-04-29	2970	3000	2952	2984	550902	476206	0
2021-04-30	3018	3040	2982	3026	697355	470649	0
2021-05-06	3064	3098	3040	3084	371569	488821	0
2021-05-07	3088	3108	3062	3088	471491	488326	0
2021-05-10	3074	3146	3070	3104	760308	510560	0
2021-05-11	3094	3110	3014	3056	606866	488167	0
2021-05-12	3058	3168	3044	3168	605451	510188	0
2021-05-13	3160	3194	3098	3120	631766	497090	0
2021-05-14	3104	3106	2942	2988	814697	457230	0
2021-05-17	3150	3268	3130	3268	1138970	468003	0
2021-05-18	3278	3372	3254	3302	1011894	463985	0
2021-05-19	3288	3298	3230	3250	626761	460257	0
2021-05-20	3198	3226	3162	3198	658765	443457	0
2021-05-21	3194	3194	3132	3150	637352	439334	0
2021-05-24	3172	3234	3158	3194	608454	436814	0
2021-05-25	3208	3272	3178	3258	527605	454043	0
2021-05-26	3246	3266	3216	3250	432827	448326	0
2021-05-27	3214	3214	3094	3096	827206	427739	0
2021-05-28	3090	3188	3086	3134	570957	421324	0
2021-05-31	3146	3166	3106	3156	448420	407019	0
2021-06-01	3168	3270	3160	3268	499390	423039	0
2021-06-02	3302	3314	3246	3264	513325	419727	0
2021-06-03	3276	3328	3268	3306	423267	433286	0
2021-06-04	3286	3304	3238	3292	478697	441077	0
2021-06-07	3312	3324	3216	3216	547239	432851	0
2021-06-08	3232	3234	3156	3166	464889	447287	0
2021-06-09	3174	3226	3160	3208	402062	459896	0
2021-06-10	3208	3208	3104	3124	541125	504792	0
2021-06-11	3140	3256	3126	3244	556295	458868	0
2021-06-15	3260	3316	3250	3296	454567	454130	0
2021-06-16	3314	3366	3294	3354	500748	461143	0
2021-06-17	3344	3360	3308	3352	454009	472390	0
2021-06-18	3332	3384	3242	3266	667969	454814	0
2021-06-21	3250	3310	3240	3262	502424	450533	0
2021-06-22	3232	3348	3222	3342	494265	470639	0
2021-06-23	3338	3466	3330	3424	726181	509050	0
2021-06-24	3428	3446	3400	3430	458044	511099	0
2021-06-25	3404	3554	3404	3540	805796	559115	0
2021-06-28	3552	3584	3502	3522	737453	543885	0
2021-06-29	3528	3532	3474	3488	515191	504237	0
2021-06-30	3516	3534	3482	3508	443184	494079	0
2021-07-01	3522	3538	3458	3468	581713	485800	0
2021-07-02	3526	3566	3490	3502	529451	487593	0
2021-07-05	3510	3572	3484	3560	520864	507176	0
2021-07-06	3558	3628	3526	3596	541316	499741	0
2021-07-07	3576	3576	3410	3434	841228	471346	0
2021-07-08	3444	3456	3354	3378	731690	459308	0
2021-07-09	3384	3446	3372	3432	482141	447217	0
2021-07-12	3452	3506	3436	3456	499254	434848	0
2021-07-13	3436	3478	3426	3460	350425	434894	0
2021-07-14	3440	3476	3424	3438	473233	447978	0
2021-07-15	3442	3442	3248	3254	1144596	566480	0
2021-07-16	3252	3272	3226	3254	668584	572135	0
2021-07-19	3268	3292	3200	3280	724168	566230	0
2021-07-20	3210	3242	3156	3172	792342	568662	0
2021-07-21	3160	3176	3094	3142	734304	597129	0
2021-07-22	3172	3220	3160	3202	626400	590546	0
2021-07-23	3204	3234	3188	3198	590261	609889	0
2021-07-26	3194	3212	3142	3144	678191	620694	0
2021-07-27	3170	3230	3156	3212	595764	591704	0
2021-07-28	3222	3290	3200	3280	640747	557638	0
2021-07-29	3302	3326	3294	3322	518313	523260	0
2021-07-30	3332	3374	3314	3320	647942	484991	0
2021-08-02	3330	3352	3248	3324	692642	453859	0
2021-08-03	3332	3354	3254	3266	624469	455338	0
2021-08-04	3230	3298	3220	3282	515737	448276	0
2021-08-05	3258	3284	3230	3248	597131	456841	0
2021-08-06	3272	3348	3266	3338	702857	447651	0
2021-08-09	3344	3346	3158	3164	935644	464415	0
2021-08-10	3154	3198	3150	3188	566379	474324	0
2021-08-11	3184	3230	3174	3230	496505	451214	0
2021-08-12	3212	3254	3186	3236	534425	430267	0
2021-08-13	3226	3240	3190	3220	450143	437384	0
2021-08-16	3234	3246	3144	3158	548179	462226	0
2021-08-17	3126	3176	3116	3130	583630	495236	0
2021-08-18	3128	3154	3088	3150	589180	498007	0
2021-08-19	3154	3154	3036	3060	651506	508978	0
2021-08-20	3046	3054	3006	3020	571946	535571	0
2021-08-23	2972	3044	2962	3022	525605	537492	0
2021-08-24	3050	3100	3038	3070	549553	521478	0
2021-08-25	3080	3102	3030	3038	519855	529854	0
2021-08-26	3070	3076	3036	3038	419041	514349	0
2021-08-27	3026	3140	3010	3138	723882	496550	0
2021-08-30	3134	3154	3106	3122	461915	483564	0
2021-08-31	3144	3148	3118	3130	304522	478146	0
2021-09-01	3110	3140	3076	3124	484754	490089	0
2021-09-02	3156	3170	3090	3162	631938	482959	0
2021-09-03	3176	3226	3170	3220	525806	493145	0
2021-09-06	3220	3232	3146	3148	425490	479936	0
2021-09-07	3164	3186	3154	3176	297778	481628	0
2021-09-08	3146	3150	3098	3124	490609	480417	0
2021-09-09	3154	3232	3148	3228	560501	480417	0
2021-09-10	3200	3218	3166	3188	536516	466721	0
2021-09-13	3208	3240	3188	3204	526560	473317	0
2021-09-14	3222	3278	3196	3254	537834	473932	0
2021-09-15	3262	3274	3238	3266	448834	469171	0
2021-09-16	3282	3314	3260	3274	499692	462694	0
2021-09-17	3256	3258	3160	3160	508268	448864	0
2021-09-22	3162	3178	3106	3118	441992	469986	0
2021-09-23	3128	3160	3118	3140	494006	484448	0
2021-09-24	3144	3256	3122	3248	661447	458871	0
2021-09-27	3232	3358	3220	3312	596382	451933	0
2021-09-28	3324	3388	3312	3378	518432	464472	0
2021-09-29	3388	3430	3304	3330	543319	429119	0
2021-09-30	3358	3362	3276	3332	453693	404555	0
2021-10-08	3444	3514	3408	3470	391930	438175	0
2021-10-11	3426	3506	3412	3472	545251	442879	0
2021-10-12	3460	3480	3390	3434	487315	436267	0
2021-10-13	3426	3450	3318	3356	645328	431659	0
2021-10-14	3358	3360	3322	3354	382630	434791	0
2021-10-15	3368	3384	3320	3338	436199	443472	0
2021-10-18	3338	3362	3244	3256	618216	444935	0
2021-10-19	3280	3284	3196	3224	471264	440318	0
2021-10-20	3212	3232	3096	3104	536308	464235	0
2021-10-21	3060	3164	3048	3062	593903	464156	0
2021-10-22	3044	3110	3028	3060	627199	459973	0
2021-10-25	3082	3144	3064	3118	593707	460489	0
2021-10-26	3140	3196	3128	3190	659574	467694	0
2021-10-27	3214	3224	3164	3196	647342	467111	0
2021-10-28	3210	3220	3122	3210	929053	466188	0
2021-10-29	3196	3210	3170	3210	570558	464594	0
2021-11-01	3188	3228	3110	3210	660493	481286	0
2021-11-02	3244	3316	3234	3314	567561	504492	0
2021-11-03	3300	3320	3258	3272	521401	522566	0
2021-11-04	3232	3234	3064	3070	719786	515652	0
2021-11-05	3132	3132	2988	3004	651337	544923	0
2021-11-08	3008	3112	3006	3044	507312	530525	0
2021-11-09	3030	3032	2934	3012	653651	539144	0
2021-11-10	2996	3068	2976	3062	477187	530268	0
2021-11-11	3038	3096	2994	3086	530458	539130	0
2021-11-12	3074	3146	3050	3132	590069	547534	0
2021-11-15	3122	3192	3114	3174	616849	542344	0
2021-11-16	3164	3236	3152	3174	575233	538266	0
2021-11-17	3174	3174	3104	3134	548633	534357	0
2021-11-18	3144	3148	3036	3044	496595	545827	0
2021-11-19	3044	3096	3032	3084	392798	530212	0
2021-11-22	3000	3052	2988	3028	553955	537462	0
2021-11-23	3022	3046	2998	2998	489148	539018	0
2021-11-24	3004	3082	3002	3082	423918	542864	0
2021-11-25	3074	3146	3074	3136	443728	520152	0
2021-11-26	3142	3146	3048	3056	450572	487519	0
2021-11-29	2998	3002	2894	2924	797901	541490	0
2021-11-30	2938	2962	2854	2858	602875	545838	0
2021-12-01	2866	2920	2856	2896	489864	538181	0
2021-12-02	2914	2916	2806	2820	547304	570547	0
2021-12-03	2808	2880	2770	2854	649238	558259	0
2021-12-06	2874	2880	2826	2834	404792	556185	0
2021-12-07	2846	2924	2832	2922	477153	563287	0
2021-12-08	2934	2936	2910	2920	319086	558253	0
2021-12-09	2922	2930	2870	2916	404272	551041	0
2021-12-10	2894	2898	2812	2872	599789	569976	0
2021-12-13	2880	2968	2878	2950	527048	569326	0
2021-12-14	2918	2930	2896	2914	380344	562905	0
2021-12-15	2912	2916	2866	2896	469405	560887	0
2021-12-16	2910	3038	2898	3022	714223	576436	0
2021-12-17	3020	3094	3014	3082	540260	588360	0
2021-12-20	3066	3120	3032	3056	601224	584870	0
2021-12-21	3048	3128	3032	3096	617277	598413	0
2021-12-22	3106	3134	3066	3102	529353	590510	0
2021-12-23	3106	3176	3100	3170	512092	623419	0
2021-12-24	3172	3202	3166	3182	363091	606385	0
2021-12-27	3184	3198	3146	3166	439783	598747	0
2021-12-28	3176	3274	3164	3232	575259	635634	0
2021-12-29	3238	3280	3224	3276	475123	679320	0
2021-12-30	3268	3326	3256	3296	565889	679758	0
2021-12-31	3282	3334	3254	3332	488663	678755	0
2022-01-04	3322	3340	3276	3310	305299	673882	0
2022-01-05	3312	3348	3282	3312	508458	700777	0
2022-01-06	3324	3352	3270	3318	599702	711523	0
2022-01-07	3364	3426	3364	3406	559890	750604	0
2022-01-10	3386	3388	3314	3348	544494	714451	0
2022-01-11	3302	3362	3290	3352	417299	718715	0
2022-01-12	3374	3412	3328	3390	518821	748003	0
2022-01-13	3386	3428	3362	3362	485946	746158	0
2022-01-14	3348	3412	3326	3404	542804	776534	0
2022-01-17	3418	3442	3370	3408	540257	777023	0
2022-01-18	3390	3492	3342	3488	672555	820904	0
2022-01-19	3474	3578	3470	3548	583768	834933	0
2022-01-20	3564	3644	3564	3634	669194	867310	0
2022-01-21	3614	3626	3530	3584	591747	830089	0
2022-01-24	3592	3694	3560	3562	732148	804182	0
2022-01-25	3552	3552	3498	3534	513635	772647	0
2022-01-26	3516	3594	3506	3584	528007	754813	0
2022-01-27	3598	3630	3576	3608	426426	724844	0
2022-01-28	3654	3692	3610	3654	435130	706456	0
2022-02-07	3750	3866	3750	3826	316171	732199	0
2022-02-08	3778	3796	3742	3770	352353	730059	0
2022-02-09	3720	3720	3598	3602	531669	714104	0
2022-02-10	3590	3640	3560	3612	358011	719790	0
2022-02-11	3646	3674	3562	3576	472692	733225	0
2022-02-14	3630	3758	3602	3654	548605	733512	0
2022-02-15	3594	3682	3576	3626	517746	740230	0
2022-02-16	3536	3600	3502	3538	585188	736080	0
2022-02-17	3572	3572	3458	3472	511987	744241	0
2022-02-18	3472	3512	3430	3476	501099	745808	0
2022-02-21	3450	3508	3414	3504	538380	753360	0
2022-02-22	3514	3706	3510	3680	643902	755165	0
2022-02-23	3646	3660	3618	3634	370979	746692	0
2022-02-24	3632	3656	3528	3558	935320	720365	0
2022-02-25	3620	3642	3458	3482	812054	724083	0
2022-02-28	3458	3540	3430	3474	687107	715286	0
2022-03-01	3446	3582	3372	3582	778538	709554	0
2022-03-02	3666	3726	3622	3724	749053	706438	0
2022-03-03	3726	3764	3590	3692	1002458	686547	0
2022-03-04	3666	3732	3542	3704	1003280	657536	0
2022-03-07	3720	3946	3710	3946	597939	700339	0
2022-03-08	3946	4240	3856	4238	1241909	688076	0
2022-03-09	4206	4376	4202	4376	682420	697472	0
2022-03-10	4286	4370	3808	3986	1472491	582207	0
2022-03-11	4044	4180	3860	3950	1031250	591499	0
2022-03-14	3910	3938	3774	3794	704369	581515	0
2022-03-15	3744	3772	3464	3516	1072822	585261	0
2022-03-16	3476	3653	3470	3613	753003	575473	0
2022-03-17	3618	3651	3502	3550	589425	583787	0
2022-03-18	3672	3719	3608	3672	643235	586567	0
2022-03-21	3616	3707	3587	3642	497071	604163	0
2022-03-22	3664	3796	3649	3752	598167	616488	0
2022-03-23	3716	3762	3643	3731	607756	616479	0
2022-03-24	3808	3863	3776	3830	647537	614856	0
2022-03-25	3866	4049	3845	3982	1053669	634345	0
2022-03-28	3906	4028	3902	3941	779271	617358	0
2022-03-29	3924	3945	3825	3933	753372	626793	0
2022-03-30	3773	3949	3746	3922	819414	600048	0
2022-03-31	3964	3965	3783	3867	717924	586210	0
2022-04-01	3850	3931	3773	3789	711713	562787	0
2022-04-06	3821	3981	3802	3954	438488	615022	0
2022-04-07	3957	3957	3772	3796	739001	609165	0
2022-04-08	3783	3811	3712	3742	634371	645966	0
2022-04-11	3747	3749	3685	3708	473343	664566	0
2022-04-12	3667	3783	3665	3774	532875	674678	0
2022-04-13	3801	3900	3797	3850	646223	628203	0
2022-04-14	3883	3884	3817	3835	397429	624352	0
2022-04-15	3816	3912	3751	3875	626640	626473	0
2022-04-18	3875	3985	3825	3945	612605	649842	0
2022-04-19	3953	4008	3938	3957	520848	651184	0
2022-04-20	3897	3945	3816	3894	835339	661704	0
2022-04-21	3910	3969	3866	3956	636465	697692	0
2022-04-22	3946	4007	3912	3953	653323	696557	0
2022-04-25	3957	3962	3794	3799	838504	684869	0
2022-04-26	3799	3997	3776	3969	982037	724069	0
2022-04-27	4010	4100	4010	4082	1010820	739949	0
2022-04-28	4061	4189	4028	4187	962136	787119	0
2022-04-29	4197	4208	4130	4181	826257	784917	0
2022-05-05	4240	4343	4221	4288	522894	812092	0
2022-05-06	4306	4340	4229	4263	807970	836748	0
2022-05-09	4275	4337	4172	4288	1154406	849145	0
2022-05-10	4237	4265	4045	4106	1163996	790357	0
2022-05-11	4135	4240	4058	4212	898575	856639	0
2022-05-12	4226	4312	4194	4215	947962	851267	0
2022-05-13	4201	4298	4176	4237	771171	867022	0
2022-05-16	4269	4269	4150	4209	842735	839059	0
2022-05-17	4220	4316	4195	4305	645642	909777	0
2022-05-18	4312	4359	4292	4331	581690	935233	0
数据来源:通达信
