CJL9 红枣指数 日线 前复权
      日期	    开盘	    最高	    最低	    收盘	    成交量	    持仓量	    结算价
2019-05-06	8845	8845	8605	8650	384814	72372	0
2019-05-07	8665	8710	8525	8595	336582	91120	0
2019-05-08	8590	8685	8580	8610	248064	92130	0
2019-05-09	8640	8665	8565	8595	214900	91068	0
2019-05-10	8625	8710	8595	8640	198688	86178	0
2019-05-13	8660	9090	8640	9090	654230	125606	0
2019-05-14	9270	9565	9240	9495	1343846	110496	0
2019-05-15	9555	9855	9385	9655	1295892	139696	0
2019-05-16	9690	9880	9625	9715	1402688	163908	0
2019-05-17	9735	9790	9630	9750	889516	154596	0
2019-05-20	9780	9910	9655	9745	905660	152556	0
2019-05-21	9770	9895	9690	9830	813912	153906	0
2019-05-22	9810	10300	9805	10295	1880914	188800	0
2019-05-23	10345	10405	10260	10350	1259344	199232	0
2019-05-24	10295	10735	10270	10730	1354560	226640	0
2019-05-27	10655	10935	10495	10565	1909990	204234	0
2019-05-28	10630	10685	10300	10405	2169338	187696	0
2019-05-29	10430	10650	10400	10555	1150476	215936	0
2019-05-30	10625	10755	10375	10530	1319124	203016	0
2019-05-31	10525	10575	10350	10480	945046	192242	0
2019-06-03	10505	10555	10000	10090	1111326	176948	0
2019-06-04	10095	10170	9955	10140	814370	173248	0
2019-06-05	10140	10195	10010	10090	590470	171504	0
2019-06-06	9955	9970	9615	9745	920918	152582	0
2019-06-10	9630	9880	9630	9815	592744	161532	0
2019-06-11	9835	9990	9810	9955	556484	157670	0
2019-06-12	9895	9900	9740	9815	485248	152996	0
2019-06-13	9940	10305	9920	10300	1014460	193364	0
2019-06-14	10360	10540	10140	10225	997380	154134	0
2019-06-17	10210	10435	10130	10430	565418	176768	0
2019-06-18	10375	10440	10075	10120	881282	160696	0
2019-06-19	10205	10295	10120	10220	618734	152762	0
2019-06-20	10300	10360	10180	10265	399230	143416	0
2019-06-21	10335	10505	10280	10470	576690	168528	0
2019-06-24	10485	10565	10360	10440	357926	161548	0
2019-06-25	10425	10470	10315	10390	275928	152316	0
2019-06-26	10355	10440	10335	10410	205578	149878	0
2019-06-27	10420	10670	10370	10500	512834	162876	0
2019-06-28	10520	10605	10300	10330	326324	138514	0
2019-07-01	10245	10350	10185	10280	228892	138654	0
2019-07-02	10315	10355	10155	10335	251848	133328	0
2019-07-03	10280	10415	10230	10320	244268	129692	0
2019-07-04	10350	10420	10305	10370	226738	131138	0
2019-07-05	10385	10395	10220	10310	195066	123312	0
2019-07-08	10355	10560	10350	10550	279530	141590	0
2019-07-09	10620	10625	10420	10485	235470	128616	0
2019-07-10	10470	10490	10255	10395	265472	124448	0
2019-07-11	10405	10445	10280	10405	180572	121558	0
2019-07-12	10390	10525	10330	10475	232350	126358	0
2019-07-15	10455	10605	10400	10460	222072	122406	0
2019-07-16	10425	10535	10415	10530	137784	125050	0
2019-07-17	10520	10675	10425	10465	240802	126970	0
2019-07-18	10450	10470	10330	10355	164446	120110	0
2019-07-19	10320	10375	10220	10335	173424	115392	0
2019-07-22	10340	10340	10185	10305	140914	115142	0
2019-07-23	10285	10305	10175	10205	166130	123564	0
2019-07-24	10165	10210	10000	10130	229298	125324	0
2019-07-25	10120	10140	10055	10090	92364	120296	0
2019-07-26	10060	10215	10020	10215	157012	113402	0
2019-07-29	10205	10245	10140	10190	85196	108924	0
2019-07-30	10205	10300	10165	10265	111034	107164	0
2019-07-31	10265	10320	10225	10260	69718	101598	0
2019-08-01	10230	10265	10110	10120	110188	105966	0
2019-08-02	10105	10190	10060	10170	101536	100476	0
2019-08-05	10215	10230	10020	10115	130904	102948	0
2019-08-06	10185	10650	10160	10645	412832	155954	0
2019-08-07	10715	10795	10530	10670	413056	140148	0
2019-08-08	10680	10915	10620	10760	385264	152130	0
2019-08-09	10780	10850	10575	10770	300632	146528	0
2019-08-12	10820	10965	10695	10720	316632	154722	0
2019-08-13	10680	10710	10595	10635	202974	143344	0
2019-08-14	10605	10625	10500	10560	180684	134004	0
2019-08-15	10535	10640	10515	10630	107878	126912	0
2019-08-16	10735	10830	10675	10725	248204	138968	0
2019-08-19	10775	10815	10720	10730	123424	143180	0
2019-08-20	10740	10785	10590	10610	162012	131276	0
2019-08-21	10560	10720	10555	10720	120520	127704	0
2019-08-22	10745	10745	10635	10690	98732	129930	0
2019-08-23	10675	10720	10615	10680	108398	128280	0
2019-08-26	10655	10800	10550	10575	150058	121918	0
2019-08-27	10565	10670	10545	10670	103554	117076	0
2019-08-28	10655	10700	10575	10605	84392	113002	0
2019-08-29	10630	10775	10620	10730	158912	126994	0
2019-08-30	10760	10840	10680	10700	130166	121804	0
2019-09-02	10710	10710	10600	10665	88762	112802	0
2019-09-03	10700	11195	10660	11195	295452	171740	0
2019-09-04	11315	11525	11300	11455	445396	174990	0
2019-09-05	11470	11485	11095	11200	343396	155608	0
2019-09-06	11180	11230	10795	10795	338000	123848	0
2019-09-09	10800	10830	10650	10700	238290	120146	0
2019-09-10	10705	10785	10670	10705	132534	117672	0
2019-09-11	10665	10755	10320	10410	361062	122432	0
2019-09-12	10410	10455	10290	10350	251202	115456	0
2019-09-16	10410	10500	10215	10400	224606	111670	0
2019-09-17	10385	10485	10355	10470	118948	106630	0
2019-09-18	10450	10555	10390	10485	174444	104486	0
2019-09-19	10495	10505	10245	10490	298302	110422	0
2019-09-20	10455	10470	10345	10400	140528	103942	0
2019-09-23	10365	10395	10060	10240	370900	122200	0
2019-09-24	10245	10310	10185	10270	162470	116012	0
2019-09-25	10265	10275	10165	10270	139248	113292	0
2019-09-26	10270	10425	10240	10315	153378	108940	0
2019-09-27	10275	10310	10135	10300	178820	96658	0
2019-09-30	10310	10330	10145	10235	151274	92316	0
2019-10-08	10210	10510	10175	10355	181060	91760	0
2019-10-09	10355	10380	10300	10355	86994	92236	0
2019-10-10	10375	10415	10320	10360	88016	94352	0
2019-10-11	10380	10395	10245	10370	135766	92874	0
2019-10-14	10380	10500	10325	10470	158462	102758	0
2019-10-15	10455	10540	10385	10480	122050	99994	0
2019-10-16	10480	10480	10400	10440	87106	98110	0
2019-10-17	10445	10445	9935	9950	445098	154790	0
2019-10-18	9945	10090	9800	10040	461150	150766	0
2019-10-21	9990	10110	9925	10030	254912	144986	0
2019-10-22	9990	10055	9970	10030	127318	143866	0
2019-10-23	10050	10515	9990	10515	355526	172720	0
2019-10-24	10615	10690	10535	10625	393924	139728	0
2019-10-25	10610	10650	10540	10640	226840	135176	0
2019-10-28	10665	10670	10475	10665	207876	133626	0
2019-10-29	10615	10750	10595	10655	205978	131886	0
2019-10-30	10630	10685	10585	10675	112804	124532	0
2019-10-31	10670	10725	10600	10680	138296	116394	0
2019-11-01	10680	10755	10620	10735	114158	111126	0
2019-11-04	10785	11200	10780	10980	384234	125164	0
2019-11-05	11000	11040	10865	10950	137524	114336	0
2019-11-06	10945	10960	10745	10755	148660	105398	0
2019-11-07	10760	10895	10755	10860	117922	109922	0
2019-11-08	10870	11055	10845	11020	209658	129620	0
2019-11-11	10975	11025	10860	10975	166590	127586	0
2019-11-12	10940	11010	10895	10960	112408	125978	0
2019-11-13	10925	11090	10885	11030	127486	126236	0
2019-11-14	11030	11230	11015	11120	341030	151272	0
2019-11-15	11070	11175	11035	11175	146472	147758	0
2019-11-18	11125	11170	11020	11110	153614	144870	0
2019-11-19	11075	11080	10785	10915	245108	130564	0
2019-11-20	10875	11055	10865	11040	140510	132182	0
2019-11-21	10980	10995	10905	10945	117074	123454	0
2019-11-22	10815	10920	10750	10865	152022	122266	0
2019-11-25	10845	10895	10755	10895	118918	112778	0
2019-11-26	10840	10910	10825	10865	95084	112212	0
2019-11-27	10865	10950	10760	10805	144042	107904	0
2019-11-28	10825	10880	10805	10875	88962	100034	0
2019-11-29	10865	11110	10840	11075	194302	102058	0
2019-12-02	11055	11085	10890	10915	120526	86832	0
2019-12-03	10920	10955	10900	10920	54656	86274	0
2019-12-04	10925	10955	10805	10895	101908	84540	0
2019-12-05	10870	10885	10800	10810	62632	84186	0
2019-12-06	10690	10875	10620	10850	152900	85380	0
2019-12-09	10870	11060	10790	10870	133974	83274	0
2019-12-10	10865	10920	10830	10830	67326	79890	0
2019-12-11	10860	10930	10815	10840	90050	80366	0
2019-12-12	10865	10910	10840	10895	64578	77698	0
2019-12-13	10895	10915	10805	10890	86766	75304	0
2019-12-16	10975	10980	10855	10905	82546	75896	0
2019-12-17	10900	10945	10875	10875	54836	72656	0
2019-12-18	10850	10890	10760	10850	102766	78454	0
2019-12-19	10860	10880	10810	10870	57592	76742	0
2019-12-20	10860	10920	10850	10910	76782	75368	0
2019-12-23	10895	10950	10820	10820	77584	74848	0
2019-12-24	10825	10830	10730	10785	79784	76962	0
2019-12-25	10785	10830	10720	10810	47702	74964	0
2019-12-26	10835	10865	10785	10845	50434	72350	0
2019-12-27	10825	10895	10810	10880	46546	70624	0
2019-12-30	10880	11000	10820	10905	110786	68768	0
2019-12-31	10880	10965	10850	10915	90622	69538	0
2020-01-02	10920	10960	10890	10930	25604	36389	0
2020-01-03	10935	10970	10870	10910	33329	36004	0
2020-01-06	10895	10935	10755	10810	63958	37786	0
2020-01-07	10810	10840	10440	10495	133767	52117	0
2020-01-08	10515	10540	10355	10460	73964	53601	0
2020-01-09	10420	10510	10400	10430	44868	52928	0
2020-01-10	10275	10505	10140	10500	140493	53475	0
2020-01-13	10500	10515	10395	10460	49648	50805	0
2020-01-14	10480	10575	10395	10515	50197	48658	0
2020-01-15	10525	10575	10445	10545	46088	48074	0
2020-01-16	10540	10615	10475	10545	42708	46553	0
2020-01-17	10555	10610	10515	10610	31271	45608	0
2020-01-20	10655	10690	10515	10515	38610	44562	0
2020-01-21	10535	10580	10500	10555	31693	43448	0
2020-01-22	10525	10670	10470	10640	44288	40949	0
2020-01-23	10610	10660	10570	10650	21161	38292	0
2020-02-03	10325	10390	9985	10155	93064	39182	0
2020-02-04	10140	10305	10060	10285	40196	37292	0
2020-02-05	10275	10360	10245	10290	30917	36400	0
2020-02-06	10285	10330	10255	10325	22520	36415	0
2020-02-07	10320	10380	10315	10375	27182	37075	0
2020-02-10	10315	10405	10315	10380	26676	37871	0
2020-02-11	10385	10450	10370	10440	25705	37266	0
2020-02-12	10445	10535	10440	10495	27713	37740	0
2020-02-13	10480	10515	10455	10510	16566	36798	0
2020-02-14	10500	10510	10410	10475	27160	37938	0
2020-02-17	10485	10605	10460	10595	31145	39916	0
2020-02-18	10565	10615	10550	10570	15380	39150	0
2020-02-19	10560	10605	10555	10560	12278	38861	0
2020-02-20	10560	10700	10545	10635	36282	38923	0
2020-02-21	10610	10650	10590	10615	15532	37699	0
2020-02-24	10595	10620	10500	10515	25883	35990	0
2020-02-25	10505	10660	10495	10600	33072	35575	0
2020-02-26	10590	10610	10520	10555	17750	35085	0
2020-02-27	10555	10570	10330	10430	61483	38515	0
2020-02-28	10415	10515	10365	10470	57776	37538	0
2020-03-02	10465	10710	10395	10620	54490	35042	0
2020-03-03	10590	10635	10510	10555	29607	33454	0
2020-03-04	10540	10595	10510	10555	20350	31647	0
2020-03-05	10525	10570	10510	10520	19588	29769	0
2020-03-06	10455	10500	10400	10445	36123	30303	0
2020-03-09	10345	10555	10325	10465	36169	28972	0
2020-03-10	10475	10515	10445	10460	18058	27389	0
2020-03-11	10465	10485	10340	10380	42122	30756	0
2020-03-12	10390	10440	10275	10435	34156	30015	0
2020-03-13	10370	10450	10320	10420	27097	28537	0
2020-03-16	10390	10465	10355	10365	22496	27841	0
2020-03-17	10355	10420	10295	10400	21570	25939	0
2020-03-18	10385	10405	10335	10365	18063	26246	0
2020-03-19	10360	10360	10120	10285	42697	28119	0
2020-03-20	10335	10635	10285	10360	34749	22373	0
2020-03-23	10285	10295	10205	10225	23730	23521	0
2020-03-24	10235	10295	9955	10110	60528	29006	0
2020-03-25	10130	10140	9890	9950	56359	33926	0
2020-03-26	9940	10175	9870	10170	53805	27699	0
2020-03-27	10165	10335	10150	10320	40546	24795	0
2020-03-30	10355	10360	10230	10270	25520	23767	0
2020-03-31	10265	10350	10260	10345	20384	21941	0
2020-04-01	10330	10400	10240	10295	19658	19829	0
2020-04-02	10290	10350	10270	10350	12699	18652	0
2020-04-03	10335	10370	10175	10240	22835	19985	0
2020-04-07	10255	10305	10195	10205	15906	21496	0
2020-04-08	10150	10290	10060	10255	21871	21642	0
2020-04-09	10240	10250	10165	10235	19941	22195	0
2020-04-10	10205	10230	10050	10090	36016	27323	0
2020-04-13	10110	10175	10020	10155	31028	26106	0
2020-04-14	10155	10200	10125	10180	16569	24193	0
2020-04-15	10160	10195	10075	10095	23980	25427	0
2020-04-16	10100	10145	10020	10140	20957	23917	0
2020-04-17	10135	10225	10135	10215	16000	22996	0
2020-04-20	10230	10245	10130	10145	15145	22784	0
2020-04-21	10140	10160	10065	10095	19815	22939	0
2020-04-22	10100	10220	10055	10205	26851	22966	0
2020-04-23	10195	10210	10160	10180	14232	23389	0
2020-04-24	10185	10425	10180	10195	90271	25284	0
2020-04-27	10210	10490	10200	10245	84231	27372	0
2020-04-28	10270	10280	10205	10255	22020	25001	0
2020-04-29	10260	10260	10120	10130	23415	22800	0
2020-04-30	10155	10195	10135	10150	15382	23227	0
2020-05-06	10180	10250	10165	10220	18796	18773	0
2020-05-07	10230	10260	10225	10255	13109	19428	0
2020-05-08	10285	10305	10190	10225	18025	18637	0
2020-05-11	10235	10285	10235	10260	15138	20400	0
2020-05-12	10270	10295	10230	10240	15657	19762	0
2020-05-13	10260	10325	10210	10320	30859	21457	0
2020-05-14	10325	10340	10275	10290	15737	20579	0
2020-05-15	10300	10335	10280	10300	14525	20043	0
2020-05-18	10330	10360	10275	10310	17834	19303	0
2020-05-19	10315	10340	10270	10280	13972	18754	0
2020-05-20	10290	10300	10245	10275	10665	17730	0
2020-05-21	10280	10340	10275	10305	16749	19331	0
2020-05-22	10290	10300	10145	10155	22804	18734	0
2020-05-25	10170	10210	10165	10170	10745	18749	0
2020-05-26	10175	10220	10170	10220	10235	18130	0
2020-05-27	10210	10230	10185	10220	8028	17534	0
2020-05-28	10210	10240	10115	10145	18900	19343	0
2020-05-29	10155	10170	10005	10010	20319	23021	0
2020-06-01	9995	10085	9975	10070	24004	23059	0
2020-06-02	10050	10100	10005	10045	15935	22669	0
2020-06-03	10070	10090	10055	10080	9992	22250	0
2020-06-04	10065	10095	10000	10095	18380	22341	0
2020-06-05	10135	10135	10080	10115	13979	21610	0
2020-06-08	10150	10155	10115	10140	11582	21018	0
2020-06-09	10145	10145	10050	10070	11568	20859	0
2020-06-10	10075	10165	10035	10165	17902	21628	0
2020-06-11	10190	10260	10145	10190	30313	21379	0
2020-06-12	10160	10185	10145	10185	10267	20277	0
2020-06-15	10190	10195	10145	10155	15724	19706	0
2020-06-16	10170	10195	10100	10150	18238	19448	0
2020-06-17	10135	10165	10110	10150	10295	18728	0
2020-06-18	10145	10180	10110	10150	15147	19292	0
2020-06-19	10150	10190	10135	10150	13189	18769	0
2020-06-22	10130	10185	10020	10025	23884	20224	0
2020-06-23	10005	10075	10005	10025	15906	21101	0
2020-06-24	10020	10035	9715	9790	59571	31186	0
2020-06-29	9780	9810	9695	9805	29152	30850	0
2020-06-30	9835	9845	9770	9800	18515	29652	0
2020-07-01	9810	9865	9785	9825	10952	28406	0
2020-07-02	9830	9935	9790	9920	22981	24109	0
2020-07-03	9925	9995	9915	9970	13510	22025	0
2020-07-06	9975	9995	9950	9975	8681	21656	0
2020-07-07	9980	10005	9940	9980	10742	21089	0
2020-07-08	9985	9990	9895	9960	11995	20809	0
2020-07-09	9960	9985	9945	9950	11048	20646	0
2020-07-10	9925	9930	9750	9800	24754	22407	0
2020-07-13	9810	9855	9800	9830	16813	21413	0
2020-07-14	9800	9875	9790	9840	15179	21022	0
2020-07-15	9840	9985	9840	9945	22537	20683	0
2020-07-16	9940	9960	9905	9920	9361	20013	0
2020-07-17	9910	9940	9510	9540	37636	23404	0
2020-07-20	9550	9560	9345	9440	39521	25469	0
2020-07-21	9445	9505	9430	9470	18680	24634	0
2020-07-22	9475	9520	9335	9360	23430	25342	0
2020-07-23	9390	9425	9230	9345	32140	25896	0
2020-07-24	9330	9470	9200	9395	36184	23585	0
2020-07-27	9405	9505	9360	9390	24788	23184	0
2020-07-28	9410	9455	9355	9375	14508	22643	0
2020-07-29	9375	9425	9275	9360	21802	22290	0
2020-07-30	9370	9455	9340	9420	20932	20767	0
2020-07-31	9450	9535	9435	9480	26435	18821	0
2020-08-03	9485	9485	9395	9455	14477	18248	0
2020-08-04	9445	9480	9410	9445	9214	18391	0
2020-08-05	9450	9585	9420	9495	18349	17538	0
2020-08-06	9495	9555	9215	9220	36367	19817	0
2020-08-07	9205	9310	9155	9290	24369	18596	0
2020-08-10	9260	9580	9255	9565	36518	18405	0
2020-08-11	9605	9725	9545	9585	48922	17537	0
2020-08-12	9585	9605	9490	9515	26270	16370	0
2020-08-13	9575	9640	9545	9620	19032	15112	0
2020-08-14	9620	9625	9500	9540	19918	14573	0
2020-08-17	9570	9585	9495	9555	12749	14288	0
2020-08-18	9555	9645	9555	9580	11278	14098	0
2020-08-19	9595	9635	9530	9635	9209	14150	0
2020-08-20	9630	9645	9490	9530	10635	14658	0
2020-08-21	9570	9570	9440	9485	23648	17970	0
2020-08-24	9470	9620	9465	9600	24531	16848	0
2020-08-25	9610	9665	9575	9620	23979	15544	0
2020-08-26	9610	9630	9555	9585	18123	15928	0
2020-08-27	9600	9625	9560	9580	12948	16145	0
2020-08-28	9585	9615	9515	9580	20267	15524	0
2020-08-31	9600	9755	9590	9740	23016	16065	0
2020-09-01	9760	9850	9740	9765	21887	17920	0
2020-09-02	9790	9805	9715	9790	15616	17974	0
2020-09-03	9835	10115	9815	10000	64889	20537	0
2020-09-04	10010	10170	9990	10055	38585	20319	0
2020-09-07	10095	10250	10095	10225	36244	22942	0
2020-09-08	10210	10225	10120	10190	29859	22569	0
2020-09-09	10205	10305	9935	9995	49350	19969	0
2020-09-10	10020	10035	9915	9920	20024	20071	0
2020-09-11	9930	10040	9925	9965	21284	20008	0
2020-09-14	9950	10080	9930	10010	18399	20151	0
2020-09-15	10025	10095	9935	9990	22255	19707	0
2020-09-16	10005	10050	9955	9985	12204	19111	0
2020-09-17	9995	10170	9995	10105	31241	21019	0
2020-09-18	10135	10185	10045	10135	21860	21499	0
2020-09-21	10185	10215	10115	10125	17997	21522	0
2020-09-22	10085	10120	9975	10030	23659	19800	0
2020-09-23	10045	10075	9945	9985	16177	19184	0
2020-09-24	9985	10035	9780	9815	34020	18643	0
2020-09-25	9830	9935	9775	9885	27636	16967	0
2020-09-28	9890	9930	9805	9830	20183	16260	0
2020-09-29	9835	9845	9705	9710	16900	16943	0
2020-09-30	9725	9815	9700	9730	16787	15051	0
2020-10-09	9770	10030	9755	9945	39707	15587	0
2020-10-12	9950	10025	9870	9900	30471	16524	0
2020-10-13	9915	9990	9850	9955	23622	16988	0
2020-10-14	9955	10235	9900	10090	77497	21530	0
2020-10-15	10085	10230	10050	10075	45825	22061	0
2020-10-16	10090	10165	10000	10065	27592	22689	0
2020-10-19	10090	10175	10075	10125	35826	23588	0
2020-10-20	10135	10150	10050	10085	21287	24047	0
2020-10-21	10085	10145	10035	10050	20844	22915	0
2020-10-22	10035	10095	10005	10040	15640	22407	0
2020-10-23	10050	10095	10010	10040	17798	22043	0
2020-10-26	9980	10185	9980	10035	36022	22236	0
2020-10-27	10080	10105	10015	10030	15002	21889	0
2020-10-28	10040	10065	9790	9800	34433	22528	0
2020-10-29	9790	9830	9720	9780	25386	22522	0
2020-10-30	9825	10005	9785	9865	35055	20422	0
2020-11-02	9915	9985	9880	9900	17644	19260	0
2020-11-03	9930	9955	9860	9910	13429	19337	0
2020-11-04	9920	10000	9885	9895	16033	18559	0
2020-11-05	9920	9920	9780	9840	21205	19234	0
2020-11-06	9860	9905	9810	9825	12657	19296	0
2020-11-09	9850	9925	9735	9885	20301	18737	0
2020-11-10	9905	9980	9875	9925	24161	19684	0
2020-11-11	9960	10020	9915	9975	18709	19896	0
2020-11-12	10000	10015	9925	9950	15788	19937	0
2020-11-13	9960	10010	9905	9935	22068	20309	0
2020-11-16	9920	9920	9770	9775	25656	20437	0
2020-11-17	9765	9790	9610	9645	35222	22617	0
2020-11-18	9665	9735	9635	9735	15878	22079	0
2020-11-19	9745	9880	9735	9825	21514	19731	0
2020-11-20	9815	9970	9775	9960	28799	21961	0
2020-11-23	10010	10055	9940	9995	25213	23957	0
2020-11-24	9975	10005	9815	9850	26199	20794	0
2020-11-25	9870	9945	9870	9930	14199	18923	0
2020-11-26	9925	9980	9900	9910	15369	19561	0
2020-11-27	9925	9965	9855	9965	14957	18425	0
2020-11-30	9980	10010	9720	9725	34442	18789	0
2020-12-01	9750	9770	9560	9575	32368	21830	0
2020-12-02	9580	9710	9575	9670	19160	21133	0
2020-12-03	9690	9785	9665	9735	19913	19108	0
2020-12-04	9740	9750	9695	9720	10461	17993	0
2020-12-07	9740	9755	9660	9695	11729	17711	0
2020-12-08	9715	9745	9680	9735	10342	17217	0
2020-12-09	9725	9730	9620	9650	18230	18167	0
2020-12-10	9645	9680	9300	9355	40037	21187	0
2020-12-11	9365	9760	9365	9715	41857	16837	0
2020-12-14	9870	9995	9805	9875	31287	14591	0
2020-12-15	9945	9955	9850	9905	16919	13112	0
2020-12-16	9940	9960	9850	9935	18229	13601	0
2020-12-17	9925	9950	9750	9800	20519	14310	0
2020-12-18	9815	9875	9775	9810	14349	13511	0
2020-12-21	9880	9955	9850	9870	25027	15355	0
2020-12-22	9840	9865	9710	9830	32941	12881	0
2020-12-23	9865	9925	9735	9750	30518	13877	0
2020-12-24	9765	9845	9715	9815	22595	15545	0
2020-12-25	9840	9895	9810	9890	24620	18284	0
2020-12-28	9910	10145	9850	10110	57837	25206	0
2020-12-29	10115	10160	9970	10095	32488	25735	0
2020-12-30	10125	10210	10080	10135	31421	26876	0
2020-12-31	10170	10260	10150	10170	27840	26883	0
2021-01-04	10165	10170	10055	10145	19808	26181	0
2021-01-05	10185	10205	10085	10140	16250	26355	0
2021-01-06	10175	10175	10090	10105	13234	25854	0
2021-01-07	10135	10185	10015	10180	23918	27462	0
2021-01-08	10230	10440	10165	10315	59965	32270	0
2021-01-11	10310	10420	10175	10310	40644	30368	0
2021-01-12	10315	10375	10260	10305	24634	33403	0
2021-01-13	10315	10315	10210	10295	21594	31960	0
2021-01-14	10310	10310	10175	10200	26055	29283	0
2021-01-15	10175	10280	10175	10255	21737	29667	0
2021-01-18	10275	10415	10270	10350	35829	34470	0
2021-01-19	10380	10390	10255	10260	20413	31029	0
2021-01-20	10270	10320	10245	10255	14542	30459	0
2021-01-21	10240	10275	10210	10215	14821	29181	0
2021-01-22	10220	10340	10200	10335	25591	31358	0
2021-01-25	10325	10335	10215	10265	18718	28818	0
2021-01-26	10275	10305	10220	10265	12772	29285	0
2021-01-27	10305	10385	10285	10335	23566	29942	0
2021-01-28	10325	10375	10295	10330	15674	30277	0
2021-01-29	10330	10370	10270	10310	17475	28839	0
2021-02-01	10260	10275	10130	10200	33038	24559	0
2021-02-02	10200	10255	10190	10245	10871	23333	0
2021-02-03	10245	10290	10220	10280	13133	23343	0
2021-02-04	10275	10330	10245	10290	10173	23097	0
2021-02-05	10300	10320	10165	10180	17106	21857	0
2021-02-08	10180	10205	10105	10195	14465	20899	0
2021-02-09	10200	10205	10025	10045	10133	21405	0
2021-02-10	10050	10100	9980	10080	13512	20326	0
2021-02-18	10105	10155	10035	10085	8488	21424	0
2021-02-19	10095	10210	10095	10185	16985	21740	0
2021-02-22	10225	10460	10210	10450	26168	24137	0
2021-02-23	10455	10555	10400	10440	28464	27094	0
2021-02-24	10435	10495	10400	10425	15100	27855	0
2021-02-25	10445	10520	10430	10505	24562	30449	0
2021-02-26	10450	11005	10435	10645	181953	37861	0
2021-03-01	10805	10885	10740	10840	51479	40287	0
2021-03-02	10795	10835	10555	10625	35105	35750	0
2021-03-03	10625	10725	10580	10580	23629	34629	0
2021-03-04	10535	10590	10490	10545	24588	32554	0
2021-03-05	10505	10545	10440	10470	20249	30450	0
2021-03-08	10415	10485	10390	10425	21902	30759	0
2021-03-09	10360	10420	10280	10290	23632	30275	0
2021-03-10	10295	10320	10215	10305	21372	30320	0
2021-03-11	10350	10385	10155	10195	32116	29609	0
2021-03-12	10215	10285	10175	10240	15469	28492	0
2021-03-15	10250	10320	10210	10245	19997	28451	0
2021-03-16	10255	10285	10030	10050	35009	31934	0
2021-03-17	10070	10260	10015	10195	41092	31555	0
2021-03-18	10210	10210	10085	10135	17244	31345	0
2021-03-19	10180	10220	9975	9980	23626	32250	0
2021-03-22	9975	10135	9920	9950	28504	32027	0
2021-03-23	9960	10050	9950	10025	16426	30525	0
2021-03-24	10010	10170	9995	10170	16885	29658	0
2021-03-25	10175	10215	10065	10130	18160	28696	0
2021-03-26	10110	10160	9965	9975	16965	29682	0
2021-03-29	9975	10045	9975	9995	14798	30331	0
2021-03-30	10025	10090	10000	10065	12717	29284	0
2021-03-31	10055	10080	9905	9940	24561	31033	0
2021-04-01	9970	10015	9945	9980	14537	30986	0
2021-04-02	9955	10045	9905	10030	18958	31800	0
2021-04-06	10035	10165	10035	10160	17044	31856	0
2021-04-07	10195	10260	10155	10175	24451	29352	0
2021-04-08	10200	10250	10185	10200	17274	28746	0
2021-04-09	10220	10235	10090	10105	18145	27713	0
2021-04-12	10120	10120	10015	10065	19493	28565	0
2021-04-13	10095	10220	10070	10205	23958	25012	0
2021-04-14	10210	10240	10180	10225	12840	24141	0
2021-04-15	10230	10290	10230	10290	12588	24308	0
2021-04-16	10295	10340	10250	10255	13714	25078	0
2021-04-19	10245	10310	10160	10275	14393	24822	0
2021-04-20	10275	10355	10260	10310	12742	27190	0
2021-04-21	10295	10345	10175	10185	17042	26853	0
2021-04-22	10205	10205	10130	10160	15745	27427	0
2021-04-23	10170	10230	10145	10150	11438	27505	0
2021-04-26	10180	10180	10035	10080	24886	30436	0
2021-04-27	10090	10115	9760	9770	45737	36274	0
2021-04-28	9760	9785	9655	9760	41916	37888	0
2021-04-29	9755	9755	9625	9630	24880	40656	0
2021-04-30	9650	9680	9515	9570	40941	40640	0
2021-05-06	9585	9590	9410	9445	30907	43669	0
2021-05-07	9405	9590	9395	9480	36937	43817	0
2021-05-10	9525	9580	9465	9495	29676	43566	0
2021-05-11	9350	9380	9080	9090	57672	47300	0
2021-05-12	9030	9040	8760	8815	85711	46844	0
2021-05-13	8850	8990	8785	8880	67404	45648	0
2021-05-14	8900	9045	8880	8900	48778	45115	0
2021-05-17	8920	9115	8920	9055	45671	40389	0
2021-05-18	9055	9075	8880	8955	49050	41419	0
2021-05-19	8955	9060	8820	8825	50354	45820	0
2021-05-20	8695	9025	8660	9015	76333	42052	0
2021-05-21	9100	9285	9070	9275	101365	45628	0
2021-05-24	9350	9580	9190	9420	165925	39922	0
2021-05-25	9455	9525	9300	9415	94441	37950	0
2021-05-26	9415	9465	9090	9215	122792	36976	0
2021-05-27	9275	9485	9250	9465	125037	39733	0
2021-05-28	9535	9565	9340	9365	91829	38447	0
2021-05-31	9335	9385	9255	9310	70159	39394	0
2021-06-01	9355	9400	9275	9320	55315	38358	0
2021-06-02	9345	9345	8960	9035	125258	43986	0
2021-06-03	9035	9070	8935	9025	84884	44697	0
2021-06-04	9070	9245	9025	9030	96080	44478	0
2021-06-07	9045	9095	8835	8950	97278	47570	0
2021-06-08	8940	9040	8895	8930	76247	45630	0
2021-06-09	8930	9010	8920	9005	53665	46617	0
2021-06-10	9020	9070	8815	8830	89145	51313	0
2021-06-11	8830	8860	8760	8835	74774	51177	0
2021-06-15	8870	8960	8825	8895	62413	50964	0
2021-06-16	8905	8915	8725	8845	61787	52407	0
2021-06-17	8840	8890	8795	8810	45409	52813	0
2021-06-18	8745	8865	8730	8780	57589	51047	0
2021-06-21	8790	8825	8395	8495	148398	65442	0
2021-06-22	8595	8705	8525	8695	80925	57959	0
2021-06-23	8700	8765	8655	8725	59138	53302	0
2021-06-24	8720	8775	8650	8705	59249	52192	0
2021-06-25	8745	8765	8685	8705	38140	51081	0
2021-06-28	8730	8790	8595	8720	71787	52451	0
2021-06-29	8740	8885	8740	8820	82721	53837	0
2021-06-30	8840	8860	8720	8725	49629	56674	0
2021-07-01	8715	8770	8650	8660	47837	57661	0
2021-07-02	8640	8685	8580	8620	57032	60262	0
2021-07-05	8630	8730	8620	8680	52948	61581	0
2021-07-06	8705	8785	8695	8750	58700	60125	0
2021-07-07	8675	8790	8630	8755	63422	61436	0
2021-07-08	8770	8770	8625	8650	55861	62519	0
2021-07-09	8645	8760	8640	8720	42531	60541	0
2021-07-12	8795	8800	8700	8750	62887	60791	0
2021-07-13	8760	8800	8665	8770	52839	58873	0
2021-07-14	8815	9175	8775	9085	182832	67446	0
2021-07-15	9060	9170	8990	9050	102035	68251	0
2021-07-16	9115	9625	9095	9610	154524	80485	0
2021-07-19	10030	10070	9980	9995	73488	93243	0
2021-07-20	10355	11040	10320	10610	854033	110859	0
2021-07-21	10810	11055	10705	10825	435406	129324	0
2021-07-22	10805	10810	10365	10430	300896	132728	0
2021-07-23	10450	11135	10450	11125	472271	143501	0
2021-07-26	11310	11760	11310	11760	272601	163269	0
2021-07-27	11835	12145	11675	12120	383821	151499	0
2021-07-28	12135	12230	12040	12225	319977	159542	0
2021-07-29	12260	12350	11975	12040	308984	157820	0
2021-07-30	12080	12110	11860	12080	213067	148674	0
2021-08-02	11980	12480	11935	12465	297540	164311	0
2021-08-03	12445	12455	12160	12185	274779	148886	0
2021-08-04	12215	12345	12165	12280	163920	148318	0
2021-08-05	12280	12300	12055	12180	208177	144031	0
2021-08-06	12180	12330	12175	12265	107674	142058	0
2021-08-09	12135	12300	11935	12235	170834	140238	0
2021-08-10	12185	12540	12155	12440	146649	141475	0
2021-08-11	12480	12680	12450	12670	111287	142535	0
2021-08-12	12675	13255	12650	13155	213045	149456	0
2021-08-13	13160	13645	13155	13640	201861	147240	0
2021-08-16	13715	13940	13700	13880	191081	144924	0
2021-08-17	13910	14240	13815	14200	274919	143496	0
2021-08-18	14080	14160	13985	14095	133221	139041	0
2021-08-19	13845	14350	13765	14055	215258	136999	0
2021-08-20	13980	14105	13760	13925	177129	134647	0
2021-08-23	14050	14175	13705	14080	165843	135610	0
2021-08-24	14045	14075	13790	13855	121451	136100	0
2021-08-25	13765	14790	13740	14770	284192	159071	0
2021-08-26	14875	15035	14640	14875	341373	165781	0
2021-08-27	14765	14795	14120	14190	315089	146249	0
2021-08-30	14195	14390	14055	14335	155159	147299	0
2021-08-31	14305	14640	14220	14430	172215	147470	0
2021-09-01	14430	14550	14345	14445	100155	146707	0
2021-09-02	14515	14660	14245	14390	156958	143533	0
2021-09-03	14380	14395	13915	14160	170650	140895	0
2021-09-06	14105	14325	13590	13665	243756	146859	0
2021-09-07	13765	13990	13505	13980	225096	152306	0
2021-09-08	13950	14180	13825	13970	144876	159448	0
2021-09-09	13975	14145	13715	13875	167888	163878	0
2021-09-10	13805	13915	13490	13745	177738	161716	0
2021-09-13	13710	13970	13435	13950	194485	166843	0
2021-09-14	13960	14040	13830	13980	123306	167181	0
2021-09-15	13940	14160	13940	14130	128162	168160	0
2021-09-16	14140	14145	13915	14000	109218	166469	0
2021-09-17	13990	14040	13695	13895	115467	166617	0
2021-09-22	13980	14030	13750	13930	108496	164967	0
2021-09-23	13905	14110	13820	13975	120463	162445	0
2021-09-24	13980	14005	13855	13880	69626	160011	0
2021-09-27	13900	14900	13900	14885	243422	155313	0
2021-09-28	14790	15455	14750	15305	214813	155804	0
2021-09-29	15340	15895	15340	15735	200133	147179	0
2021-09-30	15940	16205	15695	16205	120700	140602	0
2021-10-08	15930	15930	14800	15255	172500	130080	0
2021-10-11	14995	15805	14820	15180	252504	148278	0
2021-10-12	15160	15495	14855	14910	180946	146229	0
2021-10-13	15030	15030	13935	14500	221309	142246	0
2021-10-14	14500	14715	14050	14195	135842	140102	0
2021-10-15	14180	14250	13855	14020	122454	139957	0
2021-10-18	14135	15485	14090	15485	283287	154624	0
2021-10-19	15450	16735	15445	16065	514073	135144	0
2021-10-20	15050	16235	15040	15920	311074	142167	0
2021-10-21	16055	16430	15525	15900	193288	128372	0
2021-10-22	15920	16140	15310	15895	161401	124920	0
2021-10-25	15840	16335	15570	15740	214478	128853	0
2021-10-26	15705	15765	14325	14330	166826	128960	0
2021-10-27	14105	14515	13505	14310	255358	124654	0
2021-10-28	14230	15255	13505	14670	280067	130474	0
2021-10-29	14705	15115	14465	15090	148118	139583	0
2021-11-01	14820	15195	14460	14685	153323	138801	0
2021-11-02	14430	15125	14330	14895	218719	135035	0
2021-11-03	14855	15170	14845	15140	103565	135394	0
2021-11-04	15035	15240	14800	14920	120261	140326	0
2021-11-05	14730	15095	14625	15000	121854	140317	0
2021-11-08	15735	16280	15250	16225	254423	148955	0
2021-11-09	16240	16520	16075	16255	215393	148170	0
2021-11-10	16160	16570	15965	16555	148112	149827	0
2021-11-11	16580	16630	16180	16465	128558	146665	0
2021-11-12	16395	16545	16105	16530	108966	148320	0
2021-11-15	16810	17280	16755	17020	149209	152613	0
2021-11-16	16945	17270	16820	17270	99733	156650	0
2021-11-17	16955	17090	16680	16810	144214	155773	0
2021-11-18	16745	17240	16460	17200	107054	158447	0
2021-11-19	17370	17435	17195	17430	71756	158072	0
2021-11-22	17185	17225	16950	17080	71410	150865	0
2021-11-23	17030	17050	16370	16750	123041	142856	0
2021-11-24	16640	16830	16490	16600	70807	136181	0
2021-11-25	16620	16745	16280	16330	82819	130027	0
2021-11-26	16230	16870	16095	16840	110321	132522	0
2021-11-29	16780	16895	16675	16755	48740	132788	0
2021-11-30	16695	16855	16510	16680	65176	127468	0
2021-12-01	16515	16800	16495	16735	43792	127841	0
2021-12-02	16680	16755	16540	16695	48093	125747	0
2021-12-03	16695	16995	16645	16985	47916	128342	0
2021-12-06	16910	17140	16765	16800	38893	126952	0
2021-12-07	16860	16980	16635	16805	44030	122519	0
2021-12-08	16780	16820	16545	16600	43257	119807	0
2021-12-09	16560	16560	15835	15845	96569	111266	0
2021-12-10	15655	15850	14790	15310	156419	103798	0
2021-12-13	15160	15445	15000	15265	54754	104172	0
2021-12-14	15290	15340	14765	15235	73893	104250	0
2021-12-15	14955	15125	14900	14905	47439	102668	0
2021-12-16	14925	15085	14735	14940	32343	99863	0
2021-12-17	15010	15335	14910	15270	31909	98967	0
2021-12-20	15265	15290	15035	15060	22915	95561	0
2021-12-21	15055	15075	14220	14255	59815	88847	0
2021-12-22	14315	14430	14005	14035	36012	88820	0
2021-12-23	14040	14180	13985	14055	26256	88844	0
2021-12-24	14125	14565	14005	14035	44967	86980	0
2021-12-27	14105	14330	14085	14315	20840	88404	0
2021-12-28	14440	14535	14265	14465	20537	87798	0
2021-12-29	14410	14420	14205	14305	18861	86879	0
2021-12-30	14345	14365	14150	14280	13207	86045	0
2021-12-31	14285	14295	14050	14145	18204	85691	0
2022-01-04	13840	14015	12735	12735	80023	79255	0
2022-01-05	12760	13140	12365	13050	76686	71724	0
2022-01-06	13025	13325	13005	13105	36854	72632	0
2022-01-07	13070	13340	12870	13140	27817	71994	0
2022-01-10	13105	13310	12935	13100	20172	70943	0
2022-01-11	13040	13175	12850	12980	14052	71095	0
2022-01-12	12935	13000	12870	12890	10810	70846	0
2022-01-13	12885	12985	12715	12910	19637	70786	0
2022-01-14	12935	13545	12925	13510	40412	73055	0
2022-01-17	13405	13710	13300	13415	32068	72279	0
2022-01-18	13440	13550	13370	13445	12534	71747	0
2022-01-19	13500	13560	13365	13530	14215	70283	0
2022-01-20	13580	13845	13435	13825	28193	71195	0
2022-01-21	13790	13790	13530	13590	15407	69834	0
2022-01-24	13565	13600	13190	13270	23929	68068	0
2022-01-25	13140	13270	13040	13200	15003	67593	0
2022-01-26	13340	13415	13190	13240	11130	66928	0
2022-01-27	13185	13305	13090	13180	9893	66041	0
2022-01-28	13200	13215	12795	12980	15308	62649	0
2022-02-07	13015	13285	12970	13275	12216	63236	0
2022-02-08	13320	14040	13320	13885	39828	66039	0
2022-02-09	13690	13890	13660	13780	13259	66583	0
2022-02-10	13720	13830	13650	13755	11965	65616	0
2022-02-11	13785	14315	13745	14110	35888	66669	0
2022-02-14	14240	14380	14055	14150	20388	66976	0
2022-02-15	14080	14300	14075	14270	13729	67093	0
2022-02-16	14290	14410	13915	13930	16420	65092	0
2022-02-17	13860	13965	13520	13670	22410	62602	0
2022-02-18	13745	13825	13690	13825	8027	62220	0
2022-02-21	13860	14070	13840	13965	12747	63019	0
2022-02-22	13925	14105	13755	13845	14197	62687	0
2022-02-23	13890	13935	13700	13880	8853	61769	0
2022-02-24	13850	13990	13650	13910	11692	60617	0
2022-02-25	13910	13910	13375	13555	18081	59340	0
2022-02-28	13475	13695	13370	13465	10035	58739	0
2022-03-01	13430	13580	13375	13415	8780	58465	0
2022-03-02	13490	13555	13175	13180	15832	57478	0
2022-03-03	13150	13360	13095	13250	12932	56434	0
2022-03-04	13365	13515	13305	13320	12770	56367	0
2022-03-07	13395	13475	12905	12925	22947	53768	0
2022-03-08	12850	12925	12195	12250	35480	50414	0
2022-03-09	12490	12520	12080	12405	21649	49598	0
2022-03-10	12450	12800	12345	12495	15089	49468	0
2022-03-11	12540	12540	12295	12490	9293	49781	0
2022-03-14	12360	12610	12220	12395	13783	50306	0
2022-03-15	12335	12510	12275	12295	10631	50343	0
2022-03-16	12305	12390	11940	12145	35010	51429	0
2022-03-17	12145	12240	11850	11940	16578	52330	0
2022-03-18	12040	12285	12025	12260	17746	52960	0
2022-03-21	12310	12745	12305	12545	23799	53054	0
2022-03-22	12455	12460	12210	12220	14789	52428	0
2022-03-23	12205	12240	12070	12100	12027	52527	0
2022-03-24	12120	12265	11865	11885	18831	53810	0
2022-03-25	11980	11985	11735	11940	17539	53713	0
2022-03-28	11985	12080	11840	11865	12258	53610	0
2022-03-29	11890	11985	11840	11960	10163	53379	0
2022-03-30	12030	12045	11820	11830	13711	53595	0
2022-03-31	11755	12035	11755	12030	13923	51955	0
2022-04-01	12070	12155	11910	12000	16438	51420	0
2022-04-06	12085	12155	11885	11900	12722	51870	0
2022-04-07	11865	11935	11350	11390	28076	53310	0
2022-04-08	11510	11590	11340	11395	21770	52090	0
2022-04-11	11285	11325	11100	11105	21515	52017	0
2022-04-12	11115	11405	10915	11320	29226	50583	0
2022-04-13	11285	11365	11045	11070	17651	50919	0
2022-04-14	11135	11280	11100	11150	14327	50396	0
2022-04-15	11185	11295	11055	11265	14450	49796	0
2022-04-18	11335	12010	11305	11985	32161	49747	0
2022-04-19	11910	12030	11750	11785	28941	50571	0
2022-04-20	11770	11860	11575	11655	19433	49998	0
2022-04-21	11700	12300	11675	12195	45482	54026	0
2022-04-22	12165	12380	12070	12125	26776	51577	0
2022-04-25	12000	12380	11950	11975	26549	49506	0
2022-04-26	12115	12370	12040	12280	24122	50336	0
2022-04-27	12340	12360	11930	12070	20895	48392	0
2022-04-28	12115	12225	11860	12010	20942	45744	0
2022-04-29	12020	12100	11860	12065	15884	44648	0
2022-05-05	12120	12650	12115	12535	27046	47084	0
2022-05-06	12520	12605	12385	12435	18569	45064	0
2022-05-09	12415	12680	12350	12395	19237	45022	0
2022-05-10	12330	12395	12135	12335	15423	43258	0
2022-05-11	12310	12585	12270	12275	19260	43732	0
2022-05-12	12310	12460	12260	12365	10430	43278	0
2022-05-13	12405	12525	12305	12390	14735	43732	0
2022-05-16	12510	12760	12435	12705	23744	47333	0
2022-05-17	12795	13115	12585	12690	33784	46174	0
2022-05-18	12795	12810	12680	12765	6035	46987	0
数据来源:通达信
