CSL9 淀粉指数 日线 前复权
      日期	    开盘	    最高	    最低	    收盘	    成交量	    持仓量	    结算价
2014-12-22	2811	2816	2744	2757	29196	10660	0
2014-12-23	2752	2776	2735	2759	19436	11306	0
2014-12-24	2766	2777	2765	2771	8844	10454	0
2014-12-25	2765	2765	2723	2744	21022	11334	0
2014-12-26	2747	2755	2735	2739	9518	11632	0
2014-12-29	2742	2758	2740	2753	6240	11162	0
2014-12-30	2749	2755	2733	2746	9718	10906	0
2014-12-31	2745	2752	2738	2742	5700	10148	0
2015-01-05	2742	2742	2705	2713	14824	12268	0
2015-01-06	2725	2725	2651	2656	31376	17486	0
2015-01-07	2657	2680	2653	2675	17328	15496	0
2015-01-08	2670	2689	2668	2685	11584	15668	0
2015-01-09	2683	2694	2671	2681	13146	16404	0
2015-01-12	2683	2692	2679	2691	8982	16120	0
2015-01-13	2691	2691	2670	2689	11472	16782	0
2015-01-14	2681	2695	2678	2680	9316	15844	0
2015-01-15	2676	2694	2674	2693	7732	15866	0
2015-01-16	2691	2720	2685	2713	13004	15218	0
2015-01-19	2720	2741	2714	2734	9894	14024	0
2015-01-20	2736	2740	2726	2735	4398	14198	0
2015-01-21	2741	2755	2738	2747	8160	14082	0
2015-01-22	2750	2750	2712	2731	11558	15532	0
2015-01-23	2736	2740	2719	2724	5552	16202	0
2015-01-26	2718	2742	2716	2735	6062	16026	0
2015-01-27	2736	2782	2736	2778	14778	15872	0
2015-01-28	2769	2805	2765	2801	14812	17048	0
2015-01-29	2799	2854	2793	2818	24484	17964	0
2015-01-30	2814	2830	2805	2817	15810	18170	0
2015-02-02	2819	2847	2805	2835	12692	18290	0
2015-02-03	2832	2841	2824	2832	10792	18844	0
2015-02-04	2839	2855	2833	2844	12782	19702	0
2015-02-05	2842	2894	2842	2868	62786	25956	0
2015-02-06	2872	2893	2871	2893	16310	25430	0
2015-02-09	2899	2917	2889	2912	46556	32114	0
2015-02-10	2914	2935	2910	2934	43636	36340	0
2015-02-11	2927	2938	2917	2928	28432	36076	0
2015-02-12	2926	2930	2897	2909	38792	32900	0
2015-02-13	2914	2943	2904	2930	30182	33622	0
2015-02-16	2933	2939	2923	2939	12040	32378	0
2015-02-17	2935	2936	2905	2913	16920	30594	0
2015-02-25	2900	2924	2893	2895	14578	30668	0
2015-02-26	2896	2905	2880	2894	24866	30626	0
2015-02-27	2899	2926	2896	2919	21912	32236	0
2015-03-02	2923	2932	2918	2924	13716	33138	0
2015-03-03	2921	2921	2892	2909	18450	28890	0
2015-03-04	2908	2940	2907	2939	28214	34654	0
2015-03-05	2935	2942	2909	2915	27576	30918	0
2015-03-06	2913	2929	2905	2912	16852	29624	0
2015-03-09	2906	2929	2905	2925	25228	32270	0
2015-03-10	2928	2964	2925	2950	112392	55144	0
2015-03-11	2957	3000	2956	2977	144634	64022	0
2015-03-12	2973	2977	2951	2977	76974	62720	0
2015-03-13	2986	3009	2966	2993	98260	67430	0
2015-03-16	2991	3019	2983	3006	119990	73230	0
2015-03-17	3007	3017	2995	3013	47612	74370	0
2015-03-18	3008	3009	2971	2978	66954	61922	0
2015-03-19	2987	2989	2962	2968	59418	60244	0
2015-03-20	2967	2998	2965	2982	66268	61922	0
2015-03-23	2999	3006	2984	2997	31636	60096	0
2015-03-24	3012	3067	3004	3050	104356	68086	0
2015-03-25	3049	3067	3026	3042	67996	67574	0
2015-03-26	3043	3055	3029	3048	40552	71098	0
2015-03-27	3059	3083	3036	3074	128430	75434	0
2015-03-30	3072	3080	3046	3071	54596	75498	0
2015-03-31	3081	3081	3049	3057	54558	71432	0
2015-04-01	3036	3049	2977	3000	112358	61470	0
2015-04-02	3015	3015	2983	2998	46114	60948	0
2015-04-03	2994	2998	2978	2997	36752	57680	0
2015-04-07	2986	2996	2972	2990	32034	56036	0
2015-04-08	2989	2998	2944	2953	85046	56032	0
2015-04-09	2955	2959	2939	2950	38456	56476	0
2015-04-10	2952	2978	2943	2973	51554	47868	0
2015-04-13	2969	3014	2966	3002	83204	48908	0
2015-04-14	3001	3004	2965	2972	48702	45432	0
2015-04-15	2975	2975	2896	2917	93318	45036	0
2015-04-16	2919	2934	2908	2923	39216	42644	0
2015-04-17	2929	2949	2919	2946	35464	39216	0
2015-04-20	2955	2955	2919	2928	31742	38634	0
2015-04-21	2920	2942	2912	2928	32268	38882	0
2015-04-22	2927	2941	2927	2938	21374	37560	0
2015-04-23	2945	2953	2936	2938	21884	37992	0
2015-04-24	2945	2945	2907	2934	43088	38698	0
2015-04-27	2931	2937	2921	2933	15028	38966	0
2015-04-28	2935	2963	2926	2932	46638	38456	0
2015-04-29	2924	2932	2912	2926	26274	37698	0
2015-04-30	2932	2956	2927	2953	29722	38240	0
2015-05-04	2960	2992	2951	2971	49340	40020	0
2015-05-05	2971	2977	2960	2972	21674	37846	0
2015-05-06	2973	2975	2962	2968	15858	35416	0
2015-05-07	2962	3004	2960	2977	68884	36754	0
2015-05-08	2960	2974	2956	2962	24478	34214	0
2015-05-11	2974	2975	2955	2959	17570	33452	0
2015-05-12	2955	2978	2954	2977	19006	34344	0
2015-05-13	2982	2994	2976	2982	22996	35824	0
2015-05-14	2983	2994	2972	2990	25954	34970	0
2015-05-15	2990	3007	2987	2990	25242	37222	0
2015-05-18	2987	2988	2975	2977	13904	34648	0
2015-05-19	2977	2987	2970	2982	14922	35224	0
2015-05-20	2975	2983	2963	2972	28272	34058	0
2015-05-21	2973	2978	2964	2972	12980	33154	0
2015-05-22	2973	2974	2957	2963	15278	32376	0
2015-05-25	2950	2959	2916	2917	27272	30544	0
2015-05-26	2923	2931	2888	2891	32466	30372	0
2015-05-27	2882	2895	2847	2853	29282	32640	0
2015-05-28	2863	2875	2854	2868	25418	31874	0
2015-05-29	2869	2887	2869	2879	16558	29870	0
2015-06-01	2898	2901	2886	2888	12290	30032	0
2015-06-02	2886	2902	2881	2901	8156	29526	0
2015-06-03	2896	2897	2879	2884	11488	29348	0
2015-06-04	2883	2884	2839	2867	34106	31146	0
2015-06-05	2866	2867	2834	2835	16402	33450	0
2015-06-08	2813	2842	2776	2834	51114	38220	0
2015-06-09	2838	2847	2826	2835	14644	38902	0
2015-06-10	2837	2837	2810	2824	22450	38736	0
2015-06-11	2822	2841	2821	2836	13012	37410	0
2015-06-12	2821	2832	2806	2830	18072	38952	0
2015-06-15	2812	2812	2784	2803	25658	44746	0
2015-06-16	2799	2843	2798	2836	17794	46616	0
2015-06-17	2847	2847	2829	2833	12978	46100	0
2015-06-18	2837	2856	2835	2840	12528	44992	0
2015-06-19	2844	2844	2825	2834	10272	43948	0
2015-06-23	2855	2858	2822	2828	14612	42970	0
2015-06-24	2827	2832	2808	2824	19446	41692	0
2015-06-25	2822	2829	2809	2810	11188	44684	0
2015-06-26	2821	2821	2804	2816	13208	41862	0
2015-06-29	2820	2822	2796	2796	13676	42420	0
2015-06-30	2789	2799	2780	2791	10470	41606	0
2015-07-01	2825	2828	2801	2813	11282	40182	0
2015-07-02	2797	2808	2789	2798	7070	40288	0
2015-07-03	2802	2813	2798	2810	8062	40084	0
2015-07-06	2818	2821	2801	2807	10868	39474	0
2015-07-07	2818	2820	2792	2795	13150	39230	0
2015-07-08	2770	2795	2709	2732	98550	45292	0
2015-07-09	2811	2816	2780	2789	53990	34346	0
2015-07-10	2786	2805	2769	2770	23228	34966	0
2015-07-13	2796	2817	2759	2759	20060	35052	0
2015-07-14	2764	2775	2742	2743	9192	35604	0
2015-07-15	2743	2744	2729	2732	5868	35512	0
2015-07-16	2725	2756	2705	2754	24486	37970	0
2015-07-17	2748	2763	2740	2756	15602	40090	0
2015-07-20	2747	2754	2707	2720	13832	37486	0
2015-07-21	2720	2724	2704	2710	10906	38940	0
2015-07-22	2708	2719	2698	2703	10088	39380	0
2015-07-23	2703	2704	2690	2694	7944	39168	0
2015-07-24	2685	2693	2661	2662	12066	39236	0
2015-07-27	2641	2646	2591	2598	19560	41820	0
2015-07-28	2588	2606	2585	2595	14476	43454	0
2015-07-29	2595	2606	2593	2601	9618	43042	0
2015-07-30	2596	2604	2572	2572	8968	44408	0
2015-07-31	2576	2584	2571	2578	11706	44094	0
2015-08-03	2573	2574	2518	2536	24030	46686	0
2015-08-04	2538	2552	2518	2527	20294	46978	0
2015-08-05	2531	2535	2505	2520	18000	48248	0
2015-08-06	2521	2521	2505	2509	9140	48912	0
2015-08-07	2506	2506	2491	2494	10946	49868	0
2015-08-10	2501	2505	2446	2455	33096	58284	0
2015-08-11	2467	2481	2462	2463	23274	57072	0
2015-08-12	2458	2464	2442	2446	18708	62836	0
2015-08-13	2440	2503	2438	2501	52124	55360	0
2015-08-14	2507	2524	2503	2514	36074	50356	0
2015-08-17	2513	2529	2506	2523	18306	50676	0
2015-08-18	2526	2526	2503	2512	14062	50446	0
2015-08-19	2513	2515	2489	2498	20838	51442	0
2015-08-20	2495	2506	2477	2481	18352	52636	0
2015-08-21	2486	2487	2460	2467	14154	53364	0
2015-08-24	2453	2470	2444	2466	26478	51146	0
2015-08-25	2483	2504	2471	2487	31302	52106	0
2015-08-26	2495	2495	2477	2481	18530	53210	0
2015-08-27	2473	2481	2450	2455	29434	56268	0
2015-08-28	2489	2490	2449	2450	29254	54978	0
2015-08-31	2448	2448	2372	2376	36104	57456	0
2015-09-01	2396	2409	2358	2374	38496	58660	0
2015-09-02	2375	2385	2351	2356	38368	61954	0
2015-09-07	2353	2368	2331	2331	40980	70872	0
2015-09-08	2346	2359	2342	2358	24752	69494	0
2015-09-09	2363	2364	2331	2332	42810	84810	0
2015-09-10	2331	2341	2300	2331	86318	99104	0
2015-09-11	2331	2346	2326	2329	39166	100986	0
2015-09-14	2334	2334	2291	2291	51372	106624	0
2015-09-15	2296	2302	2279	2298	39754	109904	0
2015-09-16	2302	2321	2298	2317	63474	111526	0
2015-09-17	2297	2300	2273	2280	48060	110546	0
2015-09-18	2278	2279	2227	2232	131072	125806	0
2015-09-21	2256	2264	2227	2234	110298	129182	0
2015-09-22	2232	2234	2200	2204	99978	140492	0
2015-09-23	2193	2210	2189	2208	90112	142824	0
2015-09-24	2208	2221	2197	2200	43424	143904	0
2015-09-25	2204	2213	2195	2196	38120	149358	0
2015-09-28	2195	2203	2190	2194	35820	145884	0
2015-09-29	2188	2189	2142	2147	66748	145786	0
2015-09-30	2151	2152	2104	2107	92888	156698	0
2015-10-08	2095	2099	2013	2018	216274	182578	0
2015-10-09	2020	2070	2019	2040	238890	182724	0
2015-10-12	2049	2050	2008	2013	152868	206540	0
2015-10-13	2006	2008	1963	1978	358680	269022	0
2015-10-14	1963	1984	1954	1957	423924	323790	0
2015-10-15	1953	1975	1953	1960	268008	330354	0
2015-10-16	1963	1970	1943	1965	311764	334284	0
2015-10-19	1962	1975	1945	1947	318462	372948	0
2015-10-20	1943	1956	1934	1942	260462	374858	0
2015-10-21	1945	1960	1939	1943	202838	381982	0
2015-10-22	1948	1953	1905	1918	548626	438508	0
2015-10-23	1911	1930	1905	1926	394928	446724	0
2015-10-26	1929	1974	1926	1957	573422	460396	0
2015-10-27	1963	1990	1946	1985	529802	483596	0
2015-10-28	1977	1977	1946	1949	436106	504968	0
2015-10-29	1952	1973	1941	1963	463716	510810	0
2015-10-30	1962	1976	1949	1954	475344	520738	0
2015-11-02	1961	1973	1959	1968	282102	517062	0
2015-11-03	1964	2000	1963	1986	585474	487116	0
2015-11-04	1990	2029	1990	2020	575020	453620	0
2015-11-05	2017	2039	2016	2035	465938	493928	0
2015-11-06	2023	2073	2000	2068	636830	579144	0
2015-11-09	2076	2110	2053	2089	1297722	608864	0
2015-11-10	2084	2089	2028	2051	1168674	647144	0
2015-11-11	2041	2066	2038	2064	845624	680498	0
2015-11-12	2069	2131	2052	2129	1929550	688514	0
2015-11-13	2137	2156	2130	2150	1311772	592558	0
2015-11-16	2146	2160	2117	2138	1370326	665350	0
2015-11-17	2131	2135	2105	2130	1226272	683532	0
2015-11-18	2134	2147	2109	2127	1247966	723388	0
2015-11-19	2119	2121	2077	2100	1224734	696052	0
2015-11-20	2105	2141	2078	2105	1656184	667140	0
2015-11-23	2109	2138	2099	2126	1203168	699202	0
2015-11-24	2135	2194	2129	2135	1761848	696506	0
2015-11-25	2142	2162	2113	2160	1357840	726880	0
2015-11-26	2163	2176	2147	2148	914078	708454	0
2015-11-27	2148	2190	2143	2190	1073728	732662	0
2015-11-30	2186	2197	2165	2178	816584	784910	0
2015-12-01	2183	2185	2146	2150	808646	784004	0
2015-12-02	2154	2164	2144	2147	633062	782602	0
2015-12-03	2137	2164	2134	2154	567946	793782	0
2015-12-04	2153	2156	2098	2099	1240432	797666	0
2015-12-07	2100	2106	2054	2061	1116278	764552	0
2015-12-08	2053	2064	2024	2048	797070	717764	0
2015-12-09	2051	2063	2018	2022	724384	745854	0
2015-12-10	2022	2054	2014	2050	761052	739014	0
2015-12-11	2047	2060	2037	2059	551492	717698	0
2015-12-14	2054	2065	2035	2046	581926	724484	0
2015-12-15	2051	2074	2048	2064	669522	683472	0
2015-12-16	2063	2070	2056	2058	381158	699304	0
2015-12-17	2060	2090	2058	2090	607122	721328	0
2015-12-18	2088	2118	2084	2112	684922	681424	0
2015-12-21	2114	2115	2091	2102	591424	672156	0
2015-12-22	2099	2136	2067	2070	1305106	661696	0
2015-12-23	2062	2072	2049	2063	690980	656150	0
2015-12-24	2061	2074	2050	2056	581126	674410	0
2015-12-25	2053	2062	2025	2026	726570	716494	0
2015-12-28	2013	2019	1958	1959	1283606	816504	0
2015-12-29	1961	1995	1959	1983	1264506	804536	0
2015-12-30	1988	2023	1986	1996	1359540	775190	0
2015-12-31	1990	2013	1979	2003	999776	760252	0
2016-01-04	2010	2012	1980	1997	1002230	773760	0
2016-01-05	1995	2028	1988	2027	825406	760908	0
2016-01-06	2021	2037	2009	2029	910726	764222	0
2016-01-07	2032	2035	1986	1988	1069826	819520	0
2016-01-08	1996	2004	1985	1995	767830	833364	0
2016-01-11	1989	2011	1979	2001	911594	825482	0
2016-01-12	1997	2019	1985	2014	970024	812744	0
2016-01-13	2014	2021	2001	2007	757394	821466	0
2016-01-14	2006	2022	1992	2003	1173078	877254	0
2016-01-15	2006	2007	1986	2006	809116	803034	0
2016-01-18	2005	2032	2001	2024	860058	758228	0
2016-01-19	2024	2024	2005	2022	898200	789782	0
2016-01-20	2018	2038	2011	2022	911650	802830	0
2016-01-21	2022	2031	2015	2028	597010	794120	0
2016-01-22	2048	2069	2044	2069	956052	754314	0
2016-01-25	2069	2080	2059	2080	501438	785634	0
2016-01-26	2076	2084	2052	2055	731026	760218	0
2016-01-27	2061	2071	2051	2070	458712	736672	0
2016-01-28	2054	2061	2039	2054	515026	754058	0
2016-01-29	2048	2056	2024	2027	571124	723512	0
2016-02-01	2036	2043	2027	2036	308446	723266	0
2016-02-02	2037	2045	2030	2042	320434	718590	0
2016-02-03	2041	2053	2036	2050	252962	706944	0
2016-02-04	2049	2072	2043	2054	322654	674560	0
2016-02-05	2051	2056	2042	2049	173768	669748	0
2016-02-15	2053	2071	2046	2070	243742	669900	0
2016-02-16	2073	2073	2054	2060	247852	684824	0
2016-02-17	2051	2056	2015	2017	652512	767382	0
2016-02-18	2021	2024	1998	2004	617372	835556	0
2016-02-19	2007	2022	1988	1990	640746	843284	0
2016-02-22	1991	2003	1980	1983	594566	824316	0
2016-02-23	1983	2000	1956	1995	873854	865222	0
2016-02-24	1991	1998	1962	1972	721136	850764	0
2016-02-25	1973	1991	1966	1974	545388	830624	0
2016-02-26	1974	1993	1968	1968	575084	828544	0
2016-02-29	1949	1957	1905	1947	1712026	909482	0
2016-03-01	1951	1996	1941	1987	1044830	800454	0
2016-03-02	1985	1991	1969	1979	553618	755318	0
2016-03-03	1986	2022	1983	2014	927730	741368	0
2016-03-04	2026	2033	2009	2024	576132	678274	0
2016-03-07	2030	2031	1982	2001	835722	630606	0
2016-03-08	2003	2018	1992	2000	487832	609162	0
2016-03-09	1990	2011	1985	2000	496442	597272	0
2016-03-10	1998	2013	1972	1980	682940	608392	0
2016-03-11	1979	2015	1979	2011	712298	580474	0
2016-03-14	2001	2006	1968	1977	613290	629424	0
2016-03-15	1982	1987	1965	1981	468446	646878	0
2016-03-16	1978	1984	1963	1966	479920	682912	0
2016-03-17	1972	1976	1950	1959	545712	668506	0
2016-03-18	1974	2031	1963	1989	880174	543338	0
2016-03-21	1977	2032	1975	2017	730564	518906	0
2016-03-22	2032	2033	2001	2003	503124	482578	0
2016-03-23	2014	2025	1993	2001	511570	493718	0
2016-03-24	1979	1988	1967	1968	482080	431750	0
2016-03-25	1967	1976	1961	1970	306756	440722	0
2016-03-28	1949	1950	1912	1915	537056	440416	0
2016-03-29	1911	1931	1909	1925	376410	421952	0
2016-03-30	1928	1932	1920	1920	152446	412334	0
2016-03-31	1916	1921	1885	1897	353208	435810	0
2016-04-01	1892	1903	1891	1898	217758	433462	0
2016-04-05	1899	1927	1895	1914	284126	412510	0
2016-04-06	1913	1921	1909	1913	155376	395854	0
2016-04-07	1917	1919	1893	1895	201244	415888	0
2016-04-08	1894	1902	1888	1899	201720	416266	0
2016-04-11	1906	1909	1883	1908	290360	412176	0
2016-04-12	1910	1935	1904	1927	405020	409354	0
2016-04-13	1960	1965	1915	1933	443340	399642	0
2016-04-14	1944	1976	1942	1968	464174	442180	0
2016-04-15	1967	1969	1943	1949	356714	429890	0
2016-04-18	1965	2033	1964	2018	1266780	515448	0
2016-04-19	2035	2055	2013	2025	572524	487706	0
2016-04-20	2070	2107	2060	2085	640078	471762	0
2016-04-21	2139	2165	2133	2163	591588	479462	0
2016-04-22	2113	2161	2079	2098	957988	421018	0
2016-04-25	2094	2132	2092	2125	496296	441686	0
2016-04-26	2137	2145	2094	2113	414152	424344	0
2016-04-27	2121	2124	2055	2059	453974	418478	0
2016-04-28	2052	2066	2041	2062	383582	423466	0
2016-04-29	2084	2092	2055	2056	356622	448392	0
2016-05-03	2073	2114	2065	2108	443478	477186	0
2016-05-04	2077	2095	2073	2095	281994	450302	0
2016-05-05	2079	2084	2039	2047	479480	455472	0
2016-05-06	2003	2032	2003	2013	325382	390440	0
2016-05-09	2015	2024	1984	1993	286082	382556	0
2016-05-10	1986	2018	1983	2006	252280	382222	0
2016-05-11	2030	2081	2026	2074	543956	392982	0
2016-05-12	2064	2068	2034	2050	383712	385530	0
2016-05-13	2023	2037	2005	2022	361836	350998	0
2016-05-16	2026	2044	2005	2013	228078	348402	0
2016-05-17	2018	2041	2012	2041	159308	363018	0
2016-05-18	2063	2070	2004	2025	408812	360744	0
2016-05-19	2029	2068	2028	2065	361330	383524	0
2016-05-20	2081	2082	2053	2076	258312	400154	0
2016-05-23	2071	2108	2051	2056	520726	403222	0
2016-05-24	2035	2068	2034	2067	360822	403508	0
2016-05-25	2073	2073	2023	2024	331570	391468	0
2016-05-26	2044	2047	2024	2046	251662	394878	0
2016-05-27	2046	2079	2035	2076	421190	413182	0
2016-05-30	2091	2165	2081	2163	611804	493524	0
2016-05-31	2164	2206	2152	2171	723598	532888	0
2016-06-01	2168	2191	2152	2190	568584	560970	0
2016-06-02	2209	2223	2165	2166	600616	537216	0
2016-06-03	2172	2185	2154	2170	404146	523654	0
2016-06-06	2189	2216	2182	2198	378590	535806	0
2016-06-07	2205	2209	2164	2177	342920	510260	0
2016-06-08	2166	2194	2165	2169	239922	498652	0
2016-06-13	2201	2268	2187	2237	661332	565590	0
2016-06-14	2219	2251	2212	2247	479592	572586	0
2016-06-15	2274	2275	2164	2191	681216	540200	0
2016-06-16	2175	2176	2125	2126	491694	524746	0
2016-06-17	2125	2157	2103	2117	493740	483202	0
2016-06-20	2135	2147	2105	2119	333082	485718	0
2016-06-21	2112	2137	2111	2129	322338	495644	0
2016-06-22	2108	2132	2101	2117	348992	486986	0
2016-06-23	2118	2125	2058	2059	527728	482438	0
2016-06-24	2065	2075	2051	2054	308308	457630	0
2016-06-27	2065	2077	2045	2070	373922	456680	0
2016-06-28	2067	2108	2059	2087	437852	444570	0
2016-06-29	2092	2107	2059	2064	410920	464246	0
2016-06-30	2067	2097	2063	2075	459404	465506	0
2016-07-01	2077	2081	2021	2025	446784	490350	0
2016-07-04	2037	2079	2027	2069	599656	496116	0
2016-07-05	2052	2069	1991	2008	517482	488520	0
2016-07-06	2000	2005	1969	1987	356238	493370	0
2016-07-07	2000	2003	1966	1971	366044	497042	0
2016-07-08	1969	1974	1935	1961	374504	474138	0
2016-07-11	1975	1984	1959	1970	214614	471270	0
2016-07-12	1963	1974	1954	1974	298462	474470	0
2016-07-13	1993	2000	1969	1974	310026	467874	0
2016-07-14	1981	1985	1958	1966	219692	480750	0
2016-07-15	1954	1971	1951	1957	216738	489072	0
2016-07-18	1939	1946	1890	1896	427760	521246	0
2016-07-19	1903	1906	1876	1885	262164	530440	0
2016-07-20	1857	1895	1856	1893	307004	527478	0
2016-07-21	1886	1891	1869	1875	234018	542828	0
2016-07-22	1877	1877	1846	1853	244350	545246	0
2016-07-25	1847	1868	1845	1855	197050	545366	0
2016-07-26	1854	1871	1852	1861	186634	543300	0
2016-07-27	1868	1869	1834	1843	258510	557298	0
2016-07-28	1845	1847	1806	1815	320514	601708	0
2016-07-29	1811	1812	1788	1804	354514	566568	0
2016-08-01	1814	1819	1804	1807	208992	568080	0
2016-08-02	1803	1845	1789	1830	462778	558448	0
2016-08-03	1834	1845	1826	1838	273996	560800	0
2016-08-04	1842	1856	1833	1847	355864	551968	0
2016-08-05	1847	1859	1829	1835	280826	566434	0
2016-08-08	1841	1846	1798	1801	410008	609170	0
2016-08-09	1807	1821	1804	1807	288300	600206	0
2016-08-10	1809	1837	1807	1833	304578	592224	0
2016-08-11	1836	1846	1818	1820	305894	594612	0
2016-08-12	1823	1836	1821	1831	198442	592874	0
2016-08-15	1836	1881	1833	1874	530690	634308	0
2016-08-16	1885	1892	1860	1870	321510	630456	0
2016-08-17	1874	1879	1864	1865	204594	636218	0
2016-08-18	1873	1887	1858	1860	349516	652386	0
2016-08-19	1861	1866	1829	1831	426016	634034	0
2016-08-22	1837	1847	1806	1806	391598	630612	0
2016-08-23	1809	1815	1795	1799	364252	646098	0
2016-08-24	1811	1815	1791	1804	289684	658682	0
2016-08-25	1797	1817	1786	1801	399438	690578	0
2016-08-26	1798	1802	1789	1793	239314	700260	0
2016-08-29	1778	1813	1777	1798	407054	734912	0
2016-08-30	1804	1806	1772	1774	438994	808586	0
2016-08-31	1763	1775	1748	1749	489024	828038	0
2016-09-01	1753	1769	1745	1753	470462	827394	0
2016-09-02	1756	1758	1713	1713	994830	1053378	0
2016-09-05	1716	1722	1688	1691	645914	1113536	0
2016-09-06	1688	1702	1683	1693	427104	1115284	0
2016-09-07	1695	1703	1679	1681	582736	1191130	0
2016-09-08	1681	1699	1677	1685	637222	1217938	0
2016-09-09	1693	1708	1692	1699	557612	1166410	0
2016-09-12	1704	1704	1685	1690	383240	1160616	0
2016-09-13	1697	1720	1696	1719	630490	1121572	0
2016-09-14	1709	1711	1703	1707	282964	1124340	0
2016-09-19	1711	1720	1694	1708	685412	1181384	0
2016-09-20	1706	1712	1690	1699	511148	1216480	0
2016-09-21	1702	1704	1661	1665	988406	1335948	0
2016-09-22	1665	1675	1653	1670	802038	1372924	0
2016-09-23	1669	1674	1661	1662	382580	1377212	0
2016-09-26	1660	1669	1652	1659	419778	1340782	0
2016-09-27	1662	1667	1637	1640	556932	1300276	0
2016-09-28	1642	1648	1613	1621	559402	1239690	0
2016-09-29	1627	1638	1615	1634	450134	1197044	0
2016-09-30	1632	1661	1626	1656	566444	1115830	0
2016-10-10	1665	1706	1664	1705	673426	1063088	0
2016-10-11	1706	1709	1689	1698	369454	1056328	0
2016-10-12	1697	1718	1691	1700	446510	1069216	0
2016-10-13	1698	1725	1693	1723	524034	1058294	0
2016-10-14	1738	1757	1730	1753	835178	1003142	0
2016-10-17	1770	1779	1742	1749	571206	961046	0
2016-10-18	1751	1754	1730	1751	520182	961202	0
2016-10-19	1751	1761	1722	1748	822556	969508	0
2016-10-20	1761	1824	1758	1814	1311792	955314	0
2016-10-21	1795	1823	1781	1804	1091924	999306	0
2016-10-24	1793	1799	1777	1786	703194	1060450	0
2016-10-25	1782	1809	1749	1751	1041352	1101326	0
2016-10-26	1751	1784	1740	1778	743088	1099128	0
2016-10-27	1787	1806	1772	1781	867416	1073240	0
2016-10-28	1782	1785	1755	1761	806854	1143908	0
2016-10-31	1750	1782	1748	1772	758784	1177458	0
2016-11-01	1771	1803	1768	1775	1025894	1183198	0
2016-11-02	1771	1788	1751	1774	816752	1185600	0
2016-11-03	1776	1794	1775	1786	771736	1199654	0
2016-11-04	1799	1806	1759	1761	888154	1172386	0
2016-11-07	1771	1793	1766	1785	567502	1150800	0
2016-11-08	1795	1848	1779	1826	1620870	1168540	0
2016-11-09	1843	1852	1817	1829	670466	1110806	0
2016-11-10	1823	1902	1822	1885	1239496	1096718	0
2016-11-11	1897	1909	1862	1888	1083274	1045612	0
2016-11-14	1836	1894	1836	1859	1292268	933514	0
2016-11-15	1873	1888	1835	1843	798026	934174	0
2016-11-16	1863	1868	1841	1855	531434	954186	0
2016-11-17	1852	1861	1835	1841	454730	941182	0
2016-11-18	1846	1869	1838	1840	704216	951612	0
2016-11-21	1853	1882	1851	1881	638072	979710	0
2016-11-22	1892	1929	1888	1915	937610	973650	0
2016-11-23	1927	1928	1898	1899	546814	998102	0
2016-11-24	1916	1924	1889	1903	705636	1026694	0
2016-11-25	1905	1906	1830	1864	756438	982450	0
2016-11-28	1879	1895	1873	1883	584568	1021832	0
2016-11-29	1880	1947	1875	1927	1080088	1058572	0
2016-11-30	1909	1964	1890	1912	1188156	1046354	0
2016-12-01	1927	1940	1906	1929	710762	1071190	0
2016-12-02	1926	1942	1902	1926	601988	1048996	0
2016-12-05	1928	1957	1923	1930	714804	1047372	0
2016-12-06	1937	1940	1896	1899	718250	1031070	0
2016-12-07	1902	1918	1892	1899	613268	1022682	0
2016-12-08	1897	1900	1866	1871	611028	1022642	0
2016-12-09	1855	1890	1855	1880	572866	1017852	0
2016-12-12	1873	1891	1864	1873	622490	1083468	0
2016-12-13	1872	1881	1858	1874	444922	1077240	0
2016-12-14	1868	1877	1855	1858	514414	1059114	0
2016-12-15	1849	1878	1847	1863	416268	1065658	0
2016-12-16	1863	1899	1863	1876	662208	1095644	0
2016-12-19	1879	1890	1852	1854	579430	1101100	0
2016-12-20	1851	1858	1810	1814	820936	1036798	0
2016-12-21	1816	1823	1795	1800	472278	1047940	0
2016-12-22	1803	1815	1776	1776	430886	1048012	0
2016-12-23	1781	1824	1776	1818	643206	994452	0
2016-12-26	1815	1848	1807	1836	836030	952582	0
2016-12-27	1840	1840	1822	1833	443530	936334	0
2016-12-28	1852	1854	1806	1818	706052	971208	0
2016-12-29	1822	1841	1797	1799	772982	1001024	0
2016-12-30	1800	1810	1789	1794	531724	1011518	0
2017-01-03	1807	1814	1796	1796	441508	1032520	0
2017-01-04	1797	1828	1793	1818	651394	1063066	0
2017-01-05	1826	1828	1804	1805	373174	1055906	0
2017-01-06	1805	1815	1775	1782	706190	1099880	0
2017-01-09	1780	1786	1768	1782	567242	1112796	0
2017-01-10	1783	1789	1770	1774	427282	1131672	0
2017-01-11	1782	1796	1775	1777	692664	1195586	0
2017-01-12	1780	1787	1766	1779	595646	1219388	0
2017-01-13	1788	1814	1783	1796	796540	1240824	0
2017-01-16	1799	1833	1796	1827	762896	1205840	0
2017-01-17	1830	1844	1814	1824	530896	1176592	0
2017-01-18	1830	1853	1825	1850	626606	1238568	0
2017-01-19	1849	1859	1839	1847	727330	1320436	0
2017-01-20	1846	1846	1828	1836	591212	1341920	0
2017-01-23	1845	1863	1840	1857	488614	1331578	0
2017-01-24	1859	1868	1836	1841	543292	1309588	0
2017-01-25	1832	1833	1819	1826	441620	1296564	0
2017-01-26	1833	1833	1821	1823	200240	1274176	0
2017-02-03	1832	1854	1830	1849	456954	1270320	0
2017-02-06	1856	1902	1851	1886	1021812	1391070	0
2017-02-07	1886	1889	1871	1873	503116	1435406	0
2017-02-08	1882	1890	1877	1883	412612	1458888	0
2017-02-09	1892	1902	1863	1864	737908	1513750	0
2017-02-10	1867	1881	1856	1875	535144	1514722	0
2017-02-13	1886	1892	1870	1876	593128	1529932	0
2017-02-14	1874	1881	1847	1847	704886	1563912	0
2017-02-15	1839	1857	1832	1834	515530	1540002	0
2017-02-16	1844	1858	1838	1843	512258	1502496	0
2017-02-17	1841	1847	1818	1828	616952	1463432	0
2017-02-20	1832	1856	1832	1855	561092	1433726	0
2017-02-21	1861	1883	1858	1867	649758	1341228	0
2017-02-22	1865	1889	1865	1889	600294	1327212	0
2017-02-23	1889	1902	1876	1888	629902	1275982	0
2017-02-24	1879	1920	1879	1919	921130	1331932	0
2017-02-27	1934	1962	1933	1954	876166	1329318	0
2017-02-28	1954	1974	1946	1960	610384	1304882	0
2017-03-01	1968	1969	1950	1959	472156	1281046	0
2017-03-02	1970	1982	1956	1962	485972	1259778	0
2017-03-03	1945	1967	1944	1967	508536	1238256	0
2017-03-06	1985	1997	1973	1981	621034	1251808	0
2017-03-07	1979	1986	1969	1977	416296	1245478	0
2017-03-08	1966	1969	1928	1958	825738	1131768	0
2017-03-09	1954	1961	1936	1953	579352	1101908	0
2017-03-10	1952	1954	1923	1930	573494	1074994	0
2017-03-13	1920	1957	1920	1955	420056	1077206	0
2017-03-14	1953	1979	1934	1938	648030	1038918	0
2017-03-15	1952	1965	1940	1965	431036	1038932	0
2017-03-16	1973	1987	1945	1950	759172	1058676	0
2017-03-17	1951	1956	1938	1944	487060	1042572	0
2017-03-20	1959	1984	1956	1975	545996	1055484	0
2017-03-21	1970	2001	1970	1998	565806	1087904	0
2017-03-22	2001	2036	1991	2036	786238	1200706	0
2017-03-23	2037	2048	2006	2019	836414	1210234	0
2017-03-24	2021	2062	2016	2048	703206	1229438	0
2017-03-27	2062	2071	2043	2062	795670	1233624	0
2017-03-28	2063	2070	2041	2062	627026	1211814	0
2017-03-29	2060	2065	2001	2013	1129352	1113496	0
2017-03-30	2017	2022	2005	2010	403276	1071882	0
2017-03-31	2020	2034	2003	2027	541688	1043360	0
2017-04-05	2031	2050	2019	2042	497068	1047066	0
2017-04-06	2042	2047	1993	2038	1064498	1046854	0
2017-04-07	2025	2043	2001	2005	667936	1037316	0
2017-04-10	2011	2014	1993	2002	545822	1043954	0
2017-04-11	2004	2016	1962	1971	881868	1070354	0
2017-04-12	1963	1981	1962	1968	375444	1029042	0
2017-04-13	1974	1990	1969	1987	414816	1038658	0
2017-04-14	1988	2010	1986	2000	449740	997542	0
2017-04-17	2007	2010	1984	2004	496976	957736	0
2017-04-18	2003	2005	1984	1987	350034	969494	0
2017-04-19	1981	1986	1965	1983	486966	965924	0
2017-04-20	1988	2000	1984	2000	371544	936208	0
2017-04-21	2001	2027	1987	2025	631268	935994	0
2017-04-24	2016	2022	1996	2001	535644	935468	0
2017-04-25	1997	1998	1963	1975	699408	938476	0
2017-04-26	1981	1985	1965	1970	424000	928562	0
2017-04-27	1961	1963	1939	1950	572082	962850	0
2017-04-28	1952	1959	1940	1940	333154	953980	0
2017-05-02	1951	1967	1943	1960	589750	958678	0
2017-05-03	1953	1957	1940	1945	475772	971378	0
2017-05-04	1935	1968	1933	1955	622496	968072	0
2017-05-05	1951	1980	1946	1964	563466	913202	0
2017-05-08	1972	1976	1959	1970	370954	932488	0
2017-05-09	1963	1968	1939	1944	534828	916488	0
2017-05-10	1948	1955	1940	1943	282730	898404	0
2017-05-11	1948	1965	1934	1965	477418	882242	0
2017-05-12	1958	1967	1953	1959	329022	873886	0
2017-05-15	1963	1973	1924	1932	845134	997870	0
2017-05-16	1928	1939	1925	1935	336664	975804	0
2017-05-17	1937	1946	1930	1938	364410	1001972	0
2017-05-18	1934	1935	1920	1927	407890	997274	0
2017-05-19	1928	1941	1923	1926	281230	969558	0
2017-05-22	1933	1935	1886	1899	595410	1040102	0
2017-05-23	1898	1909	1896	1901	285548	1004116	0
2017-05-24	1904	1928	1901	1922	591148	951568	0
2017-05-25	1923	1923	1912	1916	216698	924262	0
2017-05-26	1919	1928	1913	1922	332156	904834	0
2017-05-31	1924	1929	1913	1920	412180	875654	0
2017-06-01	1934	1949	1921	1944	776716	864764	0
2017-06-02	1940	1966	1937	1965	543174	885546	0
2017-06-05	1967	1981	1959	1969	539606	950736	0
2017-06-06	1968	1971	1961	1970	226468	936906	0
2017-06-07	1976	1981	1969	1973	336218	968952	0
2017-06-08	1976	1978	1950	1958	499200	907152	0
2017-06-09	1961	2001	1955	2000	602886	943134	0
2017-06-12	2000	2013	1986	2009	465378	913790	0
2017-06-13	2000	2004	1986	1987	312114	865294	0
2017-06-14	1992	1998	1982	1996	264372	876646	0
2017-06-15	1991	2015	1982	2000	405102	926662	0
2017-06-16	2003	2013	1989	1995	391854	880468	0
2017-06-19	1992	2016	1985	1987	529750	872452	0
2017-06-20	1985	1987	1970	1982	367312	837200	0
2017-06-21	1983	2000	1979	1997	341954	850484	0
2017-06-22	1996	2000	1987	1987	216266	825886	0
2017-06-23	1989	2027	1984	2017	656284	937284	0
2017-06-26	2024	2050	2024	2042	447090	929090	0
2017-06-27	2040	2049	2031	2046	378354	939548	0
2017-06-28	2044	2058	2023	2025	426190	880738	0
2017-06-29	2032	2035	2020	2024	303272	861522	0
2017-06-30	2031	2038	2015	2024	333994	855716	0
2017-07-03	2035	2037	2010	2014	401658	838930	0
2017-07-04	2015	2019	1987	1992	438366	795112	0
2017-07-05	1999	2008	1991	2002	270858	784612	0
2017-07-06	2011	2013	1989	1996	328344	811222	0
2017-07-07	2001	2023	2000	2023	469280	808948	0
2017-07-10	2035	2040	2009	2013	377622	787444	0
2017-07-11	2021	2029	2013	2018	314014	806836	0
2017-07-12	2022	2032	2013	2020	345482	810728	0
2017-07-13	2014	2020	1994	2006	496182	787896	0
2017-07-14	1996	2008	1994	2003	248908	776464	0
2017-07-17	2003	2010	1977	2010	490692	745262	0
2017-07-18	2011	2026	2006	2017	439488	752912	0
2017-07-19	2012	2024	1996	1996	398346	717242	0
2017-07-20	1999	2013	1997	2009	303536	729212	0
2017-07-21	2010	2017	1986	1987	489228	754698	0
2017-07-24	1964	1975	1958	1958	403028	752468	0
2017-07-25	1963	1970	1959	1967	304970	765600	0
2017-07-26	1962	1968	1946	1948	334774	747596	0
2017-07-27	1953	1959	1951	1954	212258	755076	0
2017-07-28	1954	1964	1942	1952	373588	743506	0
2017-07-31	1952	1954	1935	1940	277684	757422	0
2017-08-01	1941	1961	1938	1941	352996	732874	0
2017-08-02	1937	1949	1934	1946	246130	716588	0
2017-08-03	1950	1960	1945	1950	240040	680544	0
2017-08-04	1950	1960	1950	1953	194750	658704	0
2017-08-07	1958	1961	1919	1946	405496	652248	0
2017-08-08	1952	1965	1950	1961	321982	615286	0
2017-08-09	1972	1997	1967	1991	517624	574740	0
2017-08-10	1994	1998	1976	1987	292328	536298	0
2017-08-11	1978	2011	1978	2010	420882	518666	0
2017-08-14	2011	2022	2004	2009	264048	504402	0
2017-08-15	2010	2028	2002	2013	372042	488666	0
2017-08-16	2013	2021	2006	2015	208922	486958	0
2017-08-17	2020	2037	2016	2027	254910	514214	0
2017-08-18	2030	2031	2023	2026	145342	506622	0
2017-08-21	2026	2039	2014	2022	290798	470396	0
2017-08-22	2023	2050	2011	2043	295770	513896	0
2017-08-23	2042	2053	2030	2030	238216	493454	0
2017-08-24	2031	2040	2027	2038	152268	494598	0
2017-08-25	2041	2048	2025	2033	232062	482632	0
2017-08-28	2035	2039	2016	2022	243954	461630	0
2017-08-29	2021	2027	1996	1998	281050	432174	0
2017-08-30	1996	2001	1981	1981	216628	410916	0
2017-08-31	1985	1988	1973	1975	208846	396722	0
2017-09-01	1982	1992	1977	1978	182976	382140	0
2017-09-04	1984	2034	1983	2027	429196	403376	0
2017-09-05	2026	2033	2020	2029	189304	414816	0
2017-09-06	2031	2048	2029	2029	270468	432738	0
2017-09-07	2037	2044	2030	2037	157424	440600	0
2017-09-08	2041	2044	1985	1988	450928	377678	0
2017-09-11	1985	1995	1981	1987	171634	369814	0
2017-09-12	1990	1999	1972	1985	254906	369996	0
2017-09-13	1987	1988	1962	1968	311900	387388	0
2017-09-14	1974	2003	1972	1975	346836	374026	0
2017-09-15	1976	1980	1967	1970	163132	375372	0
2017-09-18	1970	1981	1961	1971	197054	375892	0
2017-09-19	1974	1979	1970	1976	143594	370400	0
2017-09-20	1976	1994	1964	1976	280860	368918	0
2017-09-21	1979	1994	1972	1991	245824	371220	0
2017-09-22	1997	2027	1991	2012	482774	376226	0
2017-09-25	2013	2017	1997	2006	207828	383098	0
2017-09-26	2007	2020	1999	2010	252228	384860	0
2017-09-27	2011	2016	1996	2012	284632	380214	0
2017-09-28	2005	2009	1975	1979	385048	335112	0
2017-09-29	1979	1985	1971	1981	172634	295284	0
2017-10-09	1968	1969	1941	1946	310874	353208	0
2017-10-10	1943	1952	1943	1947	148818	361520	0
2017-10-11	1952	1954	1942	1947	164948	379768	0
2017-10-12	1947	1955	1937	1949	264552	398840	0
2017-10-13	1960	1965	1949	1953	180504	364632	0
2017-10-16	1956	1957	1943	1951	196642	420734	0
2017-10-17	1948	1961	1947	1956	194458	385258	0
2017-10-18	1962	1963	1954	1958	131166	384664	0
2017-10-19	1950	1966	1949	1958	182500	376056	0
2017-10-20	1960	1968	1951	1953	184340	372302	0
2017-10-23	1947	1955	1946	1952	152834	388824	0
2017-10-24	1957	1961	1931	1943	310656	436444	0
2017-10-25	1947	1978	1944	1970	344564	382296	0
2017-10-26	1969	1977	1965	1977	160064	357310	0
2017-10-27	1979	1983	1961	1962	186232	344164	0
2017-10-30	1950	1956	1945	1945	228702	372540	0
2017-10-31	1946	1955	1944	1950	89224	354844	0
2017-11-01	1949	1981	1943	1972	366514	363428	0
2017-11-02	1976	1976	1965	1971	166628	356424	0
2017-11-03	1973	1998	1973	1997	302334	391708	0
2017-11-06	2007	2007	1993	2000	213454	402716	0
2017-11-07	2004	2021	1999	2017	237530	421046	0
2017-11-08	2017	2087	2016	2058	651400	531372	0
2017-11-09	2061	2076	2047	2073	389716	514222	0
2017-11-10	2067	2084	2060	2071	457796	563460	0
2017-11-13	2068	2086	2067	2081	283746	561770	0
2017-11-14	2075	2165	2071	2147	1178760	730028	0
2017-11-15	2137	2158	2126	2141	682768	713950	0
2017-11-16	2145	2146	2117	2117	450566	698558	0
2017-11-17	2119	2119	2060	2068	747228	548372	0
2017-11-20	2074	2088	2066	2076	328818	567322	0
2017-11-21	2078	2089	2062	2075	348800	534068	0
2017-11-22	2079	2093	2075	2078	263350	537822	0
2017-11-23	2085	2090	2070	2074	229958	500888	0
2017-11-24	2068	2094	2066	2068	366122	499096	0
2017-11-27	2075	2091	2073	2076	237806	487232	0
2017-11-28	2080	2099	2073	2081	256300	487148	0
2017-11-29	2086	2097	2081	2084	237362	478622	0
2017-11-30	2088	2093	2064	2065	290558	452348	0
2017-12-01	2061	2073	2045	2068	354530	434286	0
2017-12-04	2077	2108	2075	2096	423188	481624	0
2017-12-05	2093	2113	2080	2096	453722	483144	0
2017-12-06	2099	2122	2096	2121	340972	524282	0
2017-12-07	2115	2118	2077	2085	383754	446712	0
2017-12-08	2084	2093	2080	2083	135952	436374	0
2017-12-11	2088	2097	2063	2065	316208	427702	0
2017-12-12	2068	2077	2062	2068	199094	416000	0
2017-12-13	2068	2084	2065	2083	149306	407386	0
2017-12-14	2086	2115	2083	2097	326638	448518	0
2017-12-15	2097	2101	2086	2098	152430	426080	0
2017-12-18	2110	2144	2105	2143	331620	490186	0
2017-12-19	2150	2153	2131	2132	206586	488890	0
2017-12-20	2141	2148	2127	2139	177132	475930	0
2017-12-21	2142	2151	2135	2140	167072	477882	0
2017-12-22	2147	2147	2125	2138	212340	459470	0
2017-12-25	2129	2129	2098	2111	292022	443238	0
2017-12-26	2107	2123	2107	2120	134196	429640	0
2017-12-27	2129	2134	2120	2130	185740	412440	0
2017-12-28	2130	2132	2120	2127	125228	413302	0
2017-12-29	2126	2136	2122	2131	122226	401506	0
2018-01-02	2132	2157	2128	2146	208088	427648	0
2018-01-03	2155	2174	2153	2167	240744	453600	0
2018-01-04	2166	2166	2147	2153	169588	442430	0
2018-01-05	2154	2165	2152	2154	116004	432042	0
2018-01-08	2155	2157	2123	2123	257700	434358	0
2018-01-09	2124	2129	2115	2128	173844	421918	0
2018-01-10	2126	2134	2122	2130	135288	418586	0
2018-01-11	2131	2140	2117	2119	186190	421512	0
2018-01-12	2123	2135	2116	2133	160804	405888	0
2018-01-15	2138	2159	2133	2144	279782	420756	0
2018-01-16	2142	2147	2129	2143	156114	400332	0
2018-01-17	2135	2143	2120	2123	219726	390106	0
2018-01-18	2110	2127	2110	2123	218728	384942	0
2018-01-19	2121	2124	2107	2108	136036	384068	0
2018-01-22	2104	2110	2098	2102	160128	380672	0
2018-01-23	2103	2108	2089	2089	128918	385008	0
2018-01-24	2091	2101	2091	2093	114054	375104	0
2018-01-25	2101	2106	2088	2091	147184	385384	0
2018-01-26	2090	2099	2084	2094	158144	391884	0
2018-01-29	2096	2101	2092	2099	97760	385078	0
2018-01-30	2095	2104	2094	2095	105706	380244	0
2018-01-31	2100	2109	2089	2090	239100	381762	0
2018-02-01	2096	2137	2095	2130	428602	396346	0
2018-02-02	2129	2135	2119	2126	158876	364246	0
2018-02-05	2135	2136	2128	2136	137108	356582	0
2018-02-06	2134	2145	2125	2139	158106	359182	0
2018-02-07	2143	2161	2141	2155	201838	379466	0
2018-02-08	2153	2158	2146	2152	95358	378608	0
2018-02-09	2152	2155	2139	2150	141968	373224	0
2018-02-12	2147	2157	2141	2142	112014	374902	0
2018-02-13	2143	2143	2113	2114	198580	337756	0
2018-02-14	2116	2138	2113	2137	110194	325046	0
2018-02-22	2138	2147	2132	2139	131152	333842	0
2018-02-23	2139	2143	2134	2142	103994	348056	0
2018-02-26	2151	2188	2148	2181	423802	460050	0
2018-02-27	2179	2181	2169	2172	133690	447464	0
2018-02-28	2173	2179	2164	2172	176688	458028	0
2018-03-01	2171	2173	2149	2164	268878	440634	0
2018-03-02	2169	2208	2167	2168	511176	451292	0
2018-03-05	2185	2210	2185	2205	341342	488500	0
2018-03-06	2211	2220	2197	2200	249362	488094	0
2018-03-07	2199	2205	2187	2191	212484	490626	0
2018-03-08	2180	2190	2172	2188	216238	493474	0
2018-03-09	2196	2201	2173	2176	276668	491288	0
2018-03-12	2163	2171	2147	2148	287328	456272	0
2018-03-13	2149	2159	2147	2156	151380	441436	0
2018-03-14	2156	2159	2148	2150	115342	442050	0
2018-03-15	2142	2144	2133	2139	194776	430352	0
2018-03-16	2142	2151	2140	2147	170876	415982	0
2018-03-19	2152	2157	2140	2151	168032	415466	0
2018-03-20	2148	2149	2135	2143	178850	414900	0
2018-03-21	2147	2156	2145	2146	196312	407060	0
2018-03-22	2139	2139	2126	2128	295526	421620	0
2018-03-23	2124	2138	2123	2132	228006	404904	0
2018-03-26	2136	2143	2127	2139	154644	400536	0
2018-03-27	2137	2141	2126	2128	169514	422178	0
2018-03-28	2129	2159	2128	2155	384096	423302	0
2018-03-29	2146	2151	2134	2140	221818	392458	0
2018-03-30	2144	2154	2139	2144	205780	385742	0
2018-04-02	2139	2144	2129	2138	244208	377312	0
2018-04-03	2136	2161	2134	2135	276690	370792	0
2018-04-04	2139	2162	2138	2161	205634	377996	0
2018-04-09	2161	2163	2128	2129	392176	355106	0
2018-04-10	2118	2122	2109	2114	356554	382866	0
2018-04-11	2116	2123	2114	2121	143810	370688	0
2018-04-12	2113	2127	2113	2121	140926	370142	0
2018-04-13	2118	2151	2112	2139	301820	338686	0
2018-04-16	2136	2139	2127	2130	120906	328940	0
2018-04-17	2129	2136	2124	2130	149192	315274	0
2018-04-18	2129	2137	2128	2132	122014	315198	0
2018-04-19	2132	2133	2117	2127	199386	324988	0
2018-04-20	2127	2149	2125	2138	286644	310486	0
2018-04-23	2138	2143	2124	2124	208886	302218	0
2018-04-24	2125	2129	2121	2122	114972	299016	0
2018-04-25	2126	2132	2124	2126	109436	289136	0
2018-04-26	2127	2127	2117	2122	139078	291308	0
2018-04-27	2121	2145	2121	2135	220878	281468	0
2018-05-02	2136	2159	2129	2159	219768	310742	0
2018-05-03	2156	2169	2152	2167	161352	327084	0
2018-05-04	2162	2167	2154	2156	117798	320748	0
2018-05-07	2158	2161	2146	2153	151748	305186	0
2018-05-08	2155	2163	2150	2158	101598	302840	0
2018-05-09	2161	2177	2159	2170	194458	337516	0
2018-05-10	2171	2182	2169	2171	130666	344672	0
2018-05-11	2171	2173	2160	2172	107438	332902	0
2018-05-14	2176	2193	2175	2180	164548	354012	0
2018-05-15	2180	2180	2166	2174	138672	316630	0
2018-05-16	2175	2192	2171	2192	145142	334932	0
2018-05-17	2194	2196	2183	2188	109836	339476	0
2018-05-18	2187	2202	2170	2202	246368	350558	0
2018-05-21	2209	2221	2196	2214	250660	364986	0
2018-05-22	2212	2216	2204	2205	93606	356358	0
2018-05-23	2202	2224	2193	2200	242646	336144	0
2018-05-24	2208	2251	2206	2230	402572	375820	0
2018-05-25	2221	2231	2219	2226	127798	360514	0
2018-05-28	2231	2241	2220	2227	166218	366062	0
2018-05-29	2227	2240	2219	2230	173178	363266	0
2018-05-30	2229	2244	2222	2225	217988	352604	0
2018-05-31	2224	2238	2215	2222	203064	341030	0
2018-06-01	2224	2229	2205	2210	206624	319252	0
2018-06-04	2207	2221	2204	2209	145110	317992	0
2018-06-05	2206	2210	2186	2196	245078	288646	0
2018-06-06	2198	2202	2190	2191	100058	280304	0
2018-06-07	2190	2197	2188	2193	111920	283302	0
2018-06-08	2189	2195	2175	2176	185660	264946	0
2018-06-11	2180	2189	2177	2183	116366	258146	0
2018-06-12	2183	2187	2180	2183	92322	257986	0
2018-06-13	2186	2207	2185	2200	230266	251970	0
2018-06-14	2198	2205	2194	2200	94282	241072	0
2018-06-15	2204	2219	2202	2211	180014	266582	0
2018-06-19	2241	2242	2200	2216	341084	239496	0
2018-06-20	2215	2232	2212	2232	153744	249676	0
2018-06-21	2234	2239	2224	2227	149244	257750	0
2018-06-22	2227	2234	2219	2233	114618	255772	0
2018-06-25	2231	2249	2226	2239	154296	274618	0
2018-06-26	2244	2249	2233	2237	144048	257876	0
2018-06-27	2241	2250	2239	2247	130920	268586	0
2018-06-28	2250	2253	2225	2236	190708	242590	0
2018-06-29	2238	2244	2231	2244	112166	235396	0
2018-07-02	2243	2256	2238	2245	147440	250444	0
2018-07-03	2245	2264	2241	2257	164030	279962	0
2018-07-04	2256	2261	2248	2253	109012	260412	0
2018-07-05	2251	2257	2236	2244	177134	250528	0
2018-07-06	2247	2249	2241	2247	95760	250236	0
2018-07-09	2253	2267	2251	2256	162332	274816	0
2018-07-10	2256	2259	2252	2256	77694	275576	0
2018-07-11	2255	2261	2246	2248	125986	264708	0
2018-07-12	2249	2252	2242	2245	88324	263918	0
2018-07-13	2244	2249	2243	2246	57356	262922	0
2018-07-16	2249	2285	2248	2281	275208	294650	0
2018-07-17	2281	2288	2275	2281	128878	291204	0
2018-07-18	2282	2291	2279	2288	126880	297216	0
2018-07-19	2295	2300	2283	2291	137574	296784	0
2018-07-20	2294	2302	2287	2299	127236	308672	0
2018-07-23	2302	2303	2275	2281	199426	280646	0
2018-07-24	2282	2288	2277	2285	91134	272482	0
2018-07-25	2287	2291	2272	2274	142720	271574	0
2018-07-26	2272	2279	2268	2273	112476	266238	0
2018-07-27	2271	2273	2261	2263	120152	255208	0
2018-07-30	2263	2282	2262	2281	132010	265336	0
2018-07-31	2280	2289	2278	2287	114734	256822	0
2018-08-01	2285	2287	2279	2283	121304	248612	0
2018-08-02	2286	2288	2274	2278	85210	242582	0
2018-08-03	2284	2297	2281	2287	161744	246382	0
2018-08-06	2294	2359	2293	2334	399544	270506	0
2018-08-07	2338	2351	2332	2335	215946	260248	0
2018-08-08	2334	2355	2331	2348	277424	268152	0
2018-08-09	2347	2368	2347	2355	267984	278916	0
2018-08-10	2358	2370	2353	2358	167750	271588	0
2018-08-13	2351	2384	2351	2375	191744	287432	0
2018-08-14	2377	2378	2363	2367	126716	282216	0
2018-08-15	2369	2384	2367	2373	143202	288794	0
2018-08-16	2358	2372	2358	2362	131424	271586	0
2018-08-17	2358	2359	2335	2339	205956	230486	0
2018-08-20	2342	2351	2337	2339	123730	228704	0
2018-08-21	2333	2338	2325	2331	126006	232162	0
2018-08-22	2332	2354	2332	2350	210690	247436	0
2018-08-23	2354	2364	2338	2340	204860	244880	0
2018-08-24	2342	2348	2334	2341	106014	241338	0
2018-08-27	2352	2357	2329	2336	139802	239198	0
2018-08-28	2343	2352	2336	2343	156280	235298	0
2018-08-29	2343	2346	2322	2328	187162	231314	0
2018-08-30	2331	2341	2330	2338	136398	225820	0
2018-08-31	2335	2373	2334	2362	302006	235830	0
2018-09-03	2365	2376	2359	2372	177940	258698	0
2018-09-04	2376	2389	2363	2368	224220	267004	0
2018-09-05	2369	2372	2361	2364	98334	257024	0
2018-09-06	2365	2373	2356	2359	153750	256298	0
2018-09-07	2360	2379	2356	2371	153376	263022	0
2018-09-10	2373	2384	2366	2379	176440	281320	0
2018-09-11	2383	2386	2369	2373	148936	278538	0
2018-09-12	2376	2378	2359	2364	171024	264528	0
2018-09-13	2351	2355	2339	2342	191572	251200	0
2018-09-14	2341	2347	2339	2341	92962	242122	0
2018-09-17	2343	2346	2338	2341	86720	244062	0
2018-09-18	2343	2372	2343	2358	241012	227248	0
2018-09-19	2356	2360	2350	2355	122970	232010	0
2018-09-20	2355	2358	2339	2346	153432	240946	0
2018-09-21	2350	2352	2337	2340	148452	251774	0
2018-09-25	2320	2333	2320	2322	168632	267856	0
2018-09-26	2327	2334	2321	2322	117624	274916	0
2018-09-27	2319	2326	2313	2322	147204	271876	0
2018-09-28	2317	2330	2317	2330	108748	249702	0
2018-10-08	2329	2345	2325	2340	157588	246462	0
2018-10-09	2339	2344	2333	2336	118844	248872	0
2018-10-10	2335	2337	2320	2331	194492	256356	0
2018-10-11	2328	2367	2324	2367	350888	260506	0
2018-10-12	2366	2391	2359	2383	215308	278954	0
2018-10-15	2391	2392	2372	2372	183060	294156	0
2018-10-16	2377	2381	2365	2371	141652	292488	0
2018-10-17	2377	2383	2368	2383	148300	307606	0
2018-10-18	2386	2391	2378	2382	163160	299288	0
2018-10-19	2381	2410	2378	2385	344804	299996	0
2018-10-22	2391	2406	2386	2406	196742	311516	0
2018-10-23	2410	2418	2393	2394	269264	305612	0
2018-10-24	2395	2408	2389	2406	165478	312398	0
2018-10-25	2407	2431	2407	2423	341842	344042	0
2018-10-26	2426	2434	2414	2429	218638	348278	0
2018-10-29	2430	2434	2419	2431	171948	357546	0
2018-10-30	2428	2444	2426	2437	203486	379396	0
2018-10-31	2436	2437	2406	2421	283424	323164	0
2018-11-01	2420	2423	2411	2412	157258	320510	0
2018-11-02	2392	2404	2392	2398	252242	300004	0
2018-11-05	2403	2410	2395	2399	141198	294160	0
2018-11-06	2401	2405	2388	2393	184270	288496	0
2018-11-07	2394	2416	2392	2402	271504	281544	0
2018-11-08	2404	2406	2392	2396	175252	280602	0
2018-11-09	2403	2413	2394	2411	266290	280176	0
2018-11-12	2417	2429	2405	2419	280922	275040	0
2018-11-13	2420	2427	2404	2417	266714	265682	0
2018-11-14	2413	2424	2391	2396	312302	253810	0
2018-11-15	2391	2402	2381	2381	257974	262230	0
2018-11-16	2383	2395	2383	2392	194792	251578	0
2018-11-19	2394	2399	2375	2391	210966	248358	0
2018-11-20	2394	2397	2380	2383	222542	255192	0
2018-11-21	2376	2396	2376	2393	224468	238090	0
2018-11-22	2390	2392	2372	2381	232944	254762	0
2018-11-23	2380	2386	2378	2382	147132	250020	0
2018-11-26	2389	2398	2386	2391	241200	244924	0
2018-11-27	2388	2411	2385	2409	208650	245156	0
2018-11-28	2409	2429	2398	2428	257318	268586	0
2018-11-29	2434	2436	2415	2418	182742	262018	0
2018-11-30	2417	2421	2410	2421	181896	257828	0
2018-12-03	2407	2419	2355	2359	462404	232206	0
2018-12-04	2364	2369	2349	2357	371240	269592	0
2018-12-05	2359	2368	2350	2362	325462	270526	0
2018-12-06	2363	2367	2356	2360	181446	265012	0
2018-12-07	2356	2360	2322	2335	352776	276146	0
2018-12-10	2333	2347	2330	2335	200490	265404	0
2018-12-11	2336	2344	2329	2341	159368	270148	0
2018-12-12	2343	2346	2333	2342	191712	262190	0
2018-12-13	2338	2342	2334	2341	100058	257710	0
2018-12-14	2340	2346	2327	2340	184572	255540	0
2018-12-17	2337	2337	2326	2327	138360	271144	0
2018-12-18	2319	2327	2313	2322	198152	266374	0
2018-12-19	2321	2339	2318	2336	176328	236046	0
2018-12-20	2333	2340	2330	2337	94254	236582	0
2018-12-21	2334	2336	2331	2333	82420	222438	0
2018-12-24	2324	2324	2301	2306	185712	252928	0
2018-12-25	2308	2324	2307	2322	154540	233004	0
2018-12-26	2322	2330	2319	2325	137018	213904	0
2018-12-27	2329	2333	2317	2317	140930	206116	0
2018-12-28	2322	2336	2318	2333	144852	193532	0
2019-01-02	2326	2329	2321	2324	80730	187844	0
2019-01-03	2326	2351	2325	2340	131246	184634	0
2019-01-04	2339	2341	2331	2336	116592	193576	0
2019-01-07	2336	2338	2312	2315	203072	207922	0
2019-01-08	2315	2316	2294	2297	242516	248912	0
2019-01-09	2295	2302	2294	2298	125800	252384	0
2019-01-10	2297	2299	2284	2286	125820	263432	0
2019-01-11	2288	2288	2272	2276	153238	273406	0
2019-01-14	2265	2271	2257	2263	161590	277772	0
2019-01-15	2262	2267	2257	2263	107540	283682	0
2019-01-16	2258	2283	2253	2274	242020	265640	0
2019-01-17	2270	2273	2262	2267	127440	269836	0
2019-01-18	2270	2274	2264	2269	100526	270328	0
2019-01-21	2276	2291	2275	2285	133096	247174	0
2019-01-22	2286	2294	2285	2292	119334	233762	0
2019-01-23	2291	2300	2286	2288	94358	228608	0
2019-01-24	2288	2292	2283	2288	84956	222774	0
2019-01-25	2292	2323	2291	2321	180414	207998	0
2019-01-28	2318	2321	2311	2318	97538	194160	0
2019-01-29	2320	2331	2320	2329	101758	193482	0
2019-01-30	2329	2334	2325	2332	75590	195660	0
2019-01-31	2335	2340	2321	2333	117404	194508	0
2019-02-01	2335	2350	2332	2341	112268	183358	0
2019-02-11	2343	2344	2325	2332	113570	188768	0
2019-02-12	2333	2336	2324	2332	138922	206186	0
2019-02-13	2325	2327	2315	2321	147552	208216	0
2019-02-14	2321	2321	2293	2295	186108	205710	0
2019-02-15	2290	2300	2287	2293	149204	207306	0
2019-02-18	2282	2282	2267	2268	146302	224156	0
2019-02-19	2265	2279	2262	2271	145410	227050	0
2019-02-20	2263	2269	2246	2258	170444	239354	0
2019-02-21	2257	2266	2251	2252	113796	248578	0
2019-02-22	2247	2256	2240	2241	140164	268890	0
2019-02-25	2220	2236	2215	2231	161696	280860	0
2019-02-26	2232	2257	2228	2239	203256	274874	0
2019-02-27	2243	2249	2236	2240	94932	277158	0
2019-02-28	2246	2272	2241	2270	146212	261746	0
2019-03-01	2271	2278	2262	2266	131404	250536	0
2019-03-04	2280	2292	2266	2270	186706	252940	0
2019-03-05	2274	2287	2269	2286	117896	252770	0
2019-03-06	2281	2281	2264	2278	154466	234088	0
2019-03-07	2280	2300	2270	2293	178620	222522	0
2019-03-08	2296	2310	2291	2308	166848	220936	0
2019-03-11	2308	2312	2295	2311	153590	218528	0
2019-03-12	2315	2319	2308	2316	132206	222642	0
2019-03-13	2320	2321	2300	2305	204120	242552	0
2019-03-14	2308	2318	2305	2314	171458	248656	0
2019-03-15	2316	2330	2313	2319	148408	250974	0
2019-03-18	2318	2329	2309	2329	144994	251448	0
2019-03-19	2325	2326	2315	2320	119538	249966	0
2019-03-20	2320	2321	2298	2301	199110	248154	0
2019-03-21	2298	2303	2291	2294	171324	255098	0
2019-03-22	2288	2294	2281	2283	152526	254534	0
2019-03-25	2275	2293	2275	2284	121224	242760	0
2019-03-26	2285	2295	2282	2289	112032	242530	0
2019-03-27	2288	2295	2279	2283	132068	238740	0
2019-03-28	2282	2285	2270	2270	117014	245726	0
2019-03-29	2274	2287	2272	2282	105706	241270	0
2019-04-01	2282	2290	2280	2290	144454	228780	0
2019-04-02	2290	2298	2286	2295	104132	216252	0
2019-04-03	2293	2299	2289	2298	118912	218534	0
2019-04-04	2301	2323	2300	2320	180518	199702	0
2019-04-08	2311	2325	2306	2310	111024	204568	0
2019-04-09	2309	2317	2292	2301	158628	198772	0
2019-04-10	2303	2316	2300	2309	123984	199258	0
2019-04-11	2304	2311	2296	2310	147496	204680	0
2019-04-12	2311	2327	2303	2325	136174	202378	0
2019-04-15	2321	2339	2315	2339	170964	208184	0
2019-04-16	2336	2353	2328	2352	197562	208362	0
2019-04-17	2352	2356	2346	2348	138674	200940	0
2019-04-18	2348	2349	2331	2341	102780	197828	0
2019-04-19	2345	2363	2344	2362	166212	211502	0
2019-04-22	2362	2378	2360	2374	133054	211076	0
2019-04-23	2374	2377	2367	2372	113026	210864	0
2019-04-24	2372	2375	2361	2366	112960	206648	0
2019-04-25	2366	2367	2356	2361	118288	204820	0
2019-04-26	2360	2362	2341	2345	138056	177898	0
2019-04-29	2348	2373	2347	2371	129276	178046	0
2019-04-30	2368	2372	2359	2370	81826	176138	0
2019-05-06	2379	2397	2368	2369	91202	165730	0
2019-05-07	2369	2387	2367	2386	97982	173784	0
2019-05-08	2383	2388	2365	2369	122424	162374	0
2019-05-09	2372	2386	2369	2378	101544	169046	0
2019-05-10	2377	2380	2364	2369	120360	161978	0
2019-05-13	2367	2404	2366	2402	154848	173226	0
2019-05-14	2399	2402	2390	2399	97398	176666	0
2019-05-15	2400	2411	2393	2409	107186	187594	0
2019-05-16	2414	2435	2407	2424	153940	197902	0
2019-05-17	2425	2453	2420	2453	127540	197454	0
2019-05-20	2451	2478	2444	2461	204268	201378	0
2019-05-21	2460	2468	2444	2453	159082	205928	0
2019-05-22	2453	2461	2429	2442	167386	199370	0
2019-05-23	2448	2452	2432	2436	173722	195910	0
2019-05-24	2435	2443	2430	2440	99294	194158	0
2019-05-27	2440	2473	2440	2465	185144	210472	0
2019-05-28	2459	2464	2449	2451	129146	208706	0
2019-05-29	2453	2474	2443	2459	193022	204914	0
2019-05-30	2458	2469	2430	2435	225604	189182	0
2019-05-31	2440	2444	2418	2426	167678	177432	0
2019-06-03	2422	2428	2406	2419	171998	162610	0
2019-06-04	2415	2435	2415	2427	149800	162750	0
2019-06-05	2422	2425	2410	2417	134488	161238	0
2019-06-06	2419	2425	2406	2407	121776	154224	0
2019-06-10	2407	2427	2407	2422	94606	149448	0
2019-06-11	2419	2429	2411	2417	113322	155932	0
2019-06-12	2417	2421	2394	2402	148954	167912	0
2019-06-13	2403	2414	2399	2403	100744	165856	0
2019-06-14	2401	2410	2391	2396	120374	177070	0
2019-06-17	2399	2413	2387	2411	152794	171784	0
2019-06-18	2409	2415	2394	2395	130026	163400	0
2019-06-19	2392	2398	2385	2388	121484	172020	0
2019-06-20	2390	2394	2381	2386	80244	175536	0
2019-06-21	2385	2408	2385	2399	151314	168946	0
2019-06-24	2397	2409	2393	2397	125434	164576	0
2019-06-25	2397	2405	2388	2391	100156	165808	0
2019-06-26	2393	2398	2378	2379	103304	174448	0
2019-06-27	2380	2383	2377	2379	62988	172178	0
2019-06-28	2377	2398	2376	2391	131680	159430	0
2019-07-01	2392	2395	2378	2382	117106	150896	0
2019-07-02	2384	2387	2373	2374	88516	166444	0
2019-07-03	2375	2387	2375	2385	89404	154954	0
2019-07-04	2383	2392	2376	2376	105186	153266	0
2019-07-05	2378	2389	2368	2371	146176	191290	0
2019-07-08	2371	2377	2363	2366	104420	194954	0
2019-07-09	2368	2370	2347	2353	99810	203816	0
2019-07-10	2355	2359	2340	2345	92116	209406	0
2019-07-11	2345	2350	2339	2343	71346	217616	0
2019-07-12	2342	2348	2336	2347	97044	219078	0
2019-07-15	2342	2361	2341	2356	112304	218172	0
2019-07-16	2350	2358	2346	2352	119410	220468	0
2019-07-17	2353	2357	2346	2347	73506	227738	0
2019-07-18	2346	2362	2345	2360	116592	220114	0
2019-07-19	2359	2365	2339	2340	154340	224370	0
2019-07-22	2335	2339	2320	2330	152818	256336	0
2019-07-23	2332	2344	2328	2338	99042	241724	0
2019-07-24	2336	2353	2333	2353	151310	216582	0
2019-07-25	2356	2358	2351	2357	86210	205840	0
2019-07-26	2355	2358	2349	2355	100806	197368	0
2019-07-29	2360	2380	2359	2371	176862	193818	0
2019-07-30	2369	2377	2360	2362	104458	187666	0
2019-07-31	2366	2374	2363	2374	79134	181622	0
2019-08-01	2373	2378	2369	2377	90084	182194	0
2019-08-02	2379	2383	2365	2370	128950	175856	0
2019-08-05	2371	2377	2364	2365	103914	181160	0
2019-08-06	2360	2365	2355	2364	110206	170402	0
2019-08-07	2367	2374	2345	2346	149730	166110	0
2019-08-08	2344	2346	2325	2330	153728	181168	0
2019-08-09	2332	2332	2309	2325	198594	192150	0
2019-08-12	2329	2337	2321	2329	120574	186888	0
2019-08-13	2329	2332	2308	2322	112630	191572	0
2019-08-14	2322	2335	2314	2326	131450	195562	0
2019-08-15	2325	2328	2304	2318	157092	204590	0
2019-08-16	2316	2327	2310	2311	83060	200748	0
2019-08-19	2310	2315	2289	2302	182180	210856	0
2019-08-20	2301	2307	2289	2291	114386	212382	0
2019-08-21	2294	2312	2288	2304	120778	203332	0
2019-08-22	2306	2317	2302	2312	115418	211730	0
2019-08-23	2315	2330	2313	2329	151736	208720	0
2019-08-26	2330	2331	2321	2325	165440	192998	0
2019-08-27	2323	2324	2298	2306	169406	196990	0
2019-08-28	2309	2311	2294	2303	102268	190638	0
2019-08-29	2304	2308	2288	2290	106508	208170	0
2019-08-30	2290	2292	2264	2280	181592	213134	0
2019-09-02	2280	2281	2269	2278	83750	225614	0
2019-09-03	2276	2280	2269	2273	66368	231888	0
2019-09-04	2272	2282	2258	2280	139614	238758	0
2019-09-05	2279	2286	2272	2280	113440	247036	0
2019-09-06	2282	2290	2275	2285	113590	245436	0
2019-09-09	2289	2294	2282	2289	99634	236758	0
2019-09-10	2291	2297	2276	2286	104476	236706	0
2019-09-11	2287	2291	2277	2279	77676	233346	0
2019-09-12	2278	2280	2260	2274	126076	248922	0
2019-09-16	2273	2284	2264	2266	68924	253868	0
2019-09-17	2268	2270	2254	2261	117122	264422	0
2019-09-18	2265	2276	2258	2274	107048	255330	0
2019-09-19	2271	2280	2250	2251	184494	264900	0
2019-09-20	2251	2253	2235	2236	151226	284358	0
2019-09-23	2235	2250	2234	2242	142824	280730	0
2019-09-24	2242	2247	2239	2240	73096	283500	0
2019-09-25	2242	2244	2234	2238	100488	278382	0
2019-09-26	2240	2241	2217	2225	153412	281712	0
2019-09-27	2225	2229	2200	2200	137534	286460	0
2019-09-30	2204	2205	2180	2204	174080	271970	0
2019-10-08	2195	2204	2188	2199	117490	276256	0
2019-10-09	2198	2213	2195	2211	118462	276166	0
2019-10-10	2211	2218	2209	2211	114154	274514	0
2019-10-11	2205	2220	2202	2216	127840	273916	0
2019-10-14	2217	2220	2199	2211	133218	277762	0
2019-10-15	2208	2217	2203	2204	135686	284400	0
2019-10-16	2207	2219	2201	2204	217362	276388	0
2019-10-17	2207	2209	2194	2205	152246	266170	0
2019-10-18	2209	2227	2208	2226	174082	260190	0
2019-10-21	2230	2231	2218	2221	132974	238980	0
2019-10-22	2223	2231	2220	2229	107464	242140	0
2019-10-23	2228	2230	2210	2216	133288	237140	0
2019-10-24	2214	2218	2194	2194	168508	260292	0
2019-10-25	2194	2202	2192	2195	130462	262590	0
2019-10-28	2196	2211	2186	2210	167794	271514	0
2019-10-29	2210	2228	2208	2227	168204	262314	0
2019-10-30	2227	2232	2218	2231	118318	260554	0
2019-10-31	2232	2253	2229	2235	255516	267462	0
2019-11-01	2237	2252	2234	2249	184456	257506	0
2019-11-04	2257	2258	2242	2247	168598	250054	0
2019-11-05	2246	2250	2231	2237	152724	250214	0
2019-11-06	2236	2237	2215	2224	167446	247052	0
2019-11-07	2227	2235	2212	2216	177512	254324	0
2019-11-08	2217	2238	2214	2235	152588	247930	0
2019-11-11	2232	2237	2211	2219	190404	238070	0
2019-11-12	2225	2227	2202	2203	144964	235298	0
2019-11-13	2205	2211	2200	2207	103190	245318	0
2019-11-14	2208	2213	2200	2200	127754	251944	0
2019-11-15	2202	2210	2193	2204	129590	246504	0
2019-11-18	2205	2227	2203	2226	192444	238638	0
2019-11-19	2226	2232	2219	2226	116000	233322	0
2019-11-20	2225	2228	2218	2225	103368	236758	0
2019-11-21	2228	2240	2225	2229	182330	247932	0
2019-11-22	2230	2233	2221	2229	118318	243956	0
2019-11-25	2226	2227	2205	2209	216808	248892	0
2019-11-26	2211	2213	2200	2209	126854	250284	0
2019-11-27	2208	2214	2202	2211	139038	266490	0
2019-11-28	2213	2213	2197	2200	160668	268708	0
2019-11-29	2199	2218	2193	2215	207182	256184	0
2019-12-02	2214	2216	2200	2201	132842	261876	0
2019-12-03	2206	2232	2202	2231	194064	235826	0
2019-12-04	2233	2240	2223	2239	166658	238830	0
2019-12-05	2236	2237	2227	2229	117606	229372	0
2019-12-06	2229	2243	2228	2243	153182	218736	0
2019-12-09	2240	2243	2234	2237	112684	216230	0
2019-12-10	2237	2238	2223	2233	186550	198900	0
2019-12-11	2233	2239	2227	2228	96218	202242	0
2019-12-12	2231	2246	2226	2245	108522	194496	0
2019-12-13	2252	2255	2239	2244	177322	191086	0
2019-12-16	2243	2253	2239	2239	166112	191066	0
2019-12-17	2240	2249	2238	2239	139724	190888	0
2019-12-18	2240	2240	2231	2239	107506	198206	0
2019-12-19	2236	2237	2218	2220	208402	215856	0
2019-12-20	2224	2236	2214	2230	224370	236990	0
2019-12-23	2231	2245	2226	2243	198422	211538	0
2019-12-24	2243	2252	2240	2252	115156	200532	0
2019-12-25	2251	2265	2244	2257	139128	183344	0
2019-12-26	2255	2275	2253	2271	102938	185534	0
2019-12-27	2273	2275	2266	2271	88130	178012	0
2019-12-30	2268	2277	2265	2269	104964	181520	0
2019-12-31	2270	2276	2264	2274	93426	178050	0
2020-01-02	2278	2292	2276	2290	69083	97171	0
2020-01-03	2290	2299	2285	2291	58266	98281	0
2020-01-06	2286	2289	2272	2279	60875	93136	0
2020-01-07	2284	2290	2277	2288	59317	96587	0
2020-01-08	2284	2293	2276	2277	56264	94143	0
2020-01-09	2279	2287	2273	2282	53878	92457	0
2020-01-10	2281	2282	2260	2261	90272	89942	0
2020-01-13	2265	2276	2263	2275	50290	84461	0
2020-01-14	2276	2285	2275	2277	64762	84665	0
2020-01-15	2276	2287	2275	2285	48784	88360	0
2020-01-16	2291	2311	2286	2311	83283	98792	0
2020-01-17	2306	2311	2298	2306	50269	102531	0
2020-01-20	2308	2308	2293	2300	54626	98850	0
2020-01-21	2298	2299	2282	2282	65361	89544	0
2020-01-22	2281	2286	2264	2275	88680	76554	0
2020-01-23	2277	2279	2260	2261	49678	67213	0
2020-02-03	2258	2276	2239	2243	76901	68375	0
2020-02-04	2246	2274	2245	2268	55604	67028	0
2020-02-05	2257	2265	2245	2256	49780	67178	0
2020-02-06	2258	2267	2256	2266	33809	69677	0
2020-02-07	2264	2278	2264	2277	44368	71890	0
2020-02-10	2274	2278	2264	2270	37923	70461	0
2020-02-11	2267	2277	2260	2273	53156	70936	0
2020-02-12	2273	2284	2268	2271	71186	70236	0
2020-02-13	2272	2277	2266	2275	38755	72151	0
2020-02-14	2275	2276	2254	2263	66429	74734	0
2020-02-17	2264	2271	2258	2270	58847	79853	0
2020-02-18	2266	2266	2245	2247	66791	91551	0
2020-02-19	2247	2253	2242	2248	47147	93567	0
2020-02-20	2248	2249	2235	2236	54418	107829	0
2020-02-21	2234	2247	2233	2244	52466	102998	0
2020-02-24	2240	2250	2240	2243	43154	105269	0
2020-02-25	2244	2251	2236	2241	53599	111528	0
2020-02-26	2237	2244	2233	2234	48162	120179	0
2020-02-27	2230	2247	2230	2245	53699	111867	0
2020-02-28	2242	2249	2231	2233	95447	113263	0
2020-03-02	2235	2266	2235	2266	96642	104354	0
2020-03-03	2265	2273	2258	2261	67023	94108	0
2020-03-04	2263	2265	2255	2257	46011	97076	0
2020-03-05	2258	2262	2252	2262	35160	97931	0
2020-03-06	2262	2262	2244	2251	74440	94532	0
2020-03-09	2238	2251	2235	2248	58380	93271	0
2020-03-10	2246	2272	2246	2261	82536	92066	0
2020-03-11	2256	2274	2255	2273	67277	93140	0
2020-03-12	2268	2281	2250	2266	121225	86002	0
2020-03-13	2259	2269	2256	2263	65383	86483	0
2020-03-16	2261	2266	2230	2236	101088	91527	0
2020-03-17	2237	2251	2232	2250	73768	93263	0
2020-03-18	2253	2255	2237	2241	51255	92534	0
2020-03-19	2238	2246	2234	2237	50290	93650	0
2020-03-20	2241	2250	2235	2248	63406	95091	0
2020-03-23	2245	2272	2245	2272	84748	91643	0
2020-03-24	2270	2275	2261	2267	58370	89862	0
2020-03-25	2270	2279	2268	2275	47884	93092	0
2020-03-26	2275	2285	2272	2276	56618	95150	0
2020-03-27	2278	2290	2277	2287	82714	98753	0
2020-03-30	2288	2315	2288	2297	93853	102775	0
2020-03-31	2301	2307	2285	2304	77320	96389	0
2020-04-01	2300	2306	2290	2297	79820	85566	0
2020-04-02	2302	2310	2282	2286	95734	79984	0
2020-04-03	2287	2315	2280	2314	88386	79159	0
2020-04-07	2313	2320	2304	2313	62311	74432	0
2020-04-08	2316	2330	2311	2329	47198	77189	0
2020-04-09	2323	2346	2323	2342	63813	84296	0
2020-04-10	2339	2352	2333	2348	72225	79687	0
2020-04-13	2351	2356	2339	2351	42078	77940	0
2020-04-14	2353	2371	2350	2358	64966	79840	0
2020-04-15	2361	2389	2356	2386	91324	89219	0
2020-04-16	2382	2403	2379	2388	87458	90658	0
2020-04-17	2388	2400	2383	2391	57145	88451	0
2020-04-20	2387	2406	2384	2386	66757	86806	0
2020-04-21	2391	2393	2377	2392	52657	84144	0
2020-04-22	2399	2404	2380	2401	74507	78720	0
2020-04-23	2404	2422	2394	2417	72164	87499	0
2020-04-24	2420	2440	2417	2427	77158	93542	0
2020-04-27	2441	2468	2441	2452	77029	98617	0
2020-04-28	2455	2455	2438	2438	58308	93790	0
2020-04-29	2438	2444	2430	2435	49618	92465	0
2020-04-30	2436	2436	2398	2405	137035	83065	0
2020-05-06	2419	2426	2415	2422	48496	81206	0
2020-05-07	2423	2427	2411	2411	54804	83468	0
2020-05-08	2413	2438	2398	2418	110875	89100	0
2020-05-11	2421	2431	2397	2397	69605	84096	0
2020-05-12	2400	2409	2397	2400	37883	84292	0
2020-05-13	2404	2414	2399	2412	39822	83303	0
2020-05-14	2409	2413	2398	2402	65997	84744	0
2020-05-15	2398	2415	2382	2383	91912	86690	0
2020-05-18	2387	2406	2384	2403	58549	83830	0
2020-05-19	2399	2405	2391	2402	43346	80070	0
2020-05-20	2394	2395	2368	2381	91223	88917	0
2020-05-21	2380	2392	2357	2359	75084	94898	0
2020-05-22	2358	2369	2356	2363	60834	89146	0
2020-05-25	2364	2386	2363	2377	73419	87544	0
2020-05-26	2374	2387	2368	2376	56295	92711	0
2020-05-27	2379	2386	2372	2383	52873	94844	0
2020-05-28	2377	2402	2375	2394	91782	88527	0
2020-05-29	2400	2423	2392	2421	87152	82995	0
2020-06-01	2417	2421	2402	2414	61880	78201	0
2020-06-02	2417	2419	2404	2405	47719	79727	0
2020-06-03	2404	2421	2403	2404	62412	76479	0
2020-06-04	2404	2412	2394	2405	59234	76072	0
2020-06-05	2404	2411	2395	2409	49156	79026	0
2020-06-08	2412	2413	2383	2390	72454	88357	0
2020-06-09	2389	2411	2386	2411	75413	80664	0
2020-06-10	2409	2417	2405	2417	56796	80840	0
2020-06-11	2417	2432	2412	2426	81704	83435	0
2020-06-12	2429	2437	2414	2425	66022	81015	0
2020-06-15	2428	2448	2426	2439	89782	86973	0
2020-06-16	2438	2439	2425	2428	51489	86473	0
2020-06-17	2435	2446	2424	2446	68526	88468	0
2020-06-18	2446	2463	2440	2443	82892	86523	0
2020-06-19	2445	2458	2431	2450	66651	86822	0
2020-06-22	2446	2447	2426	2427	66647	82284	0
2020-06-23	2431	2446	2417	2421	80134	77908	0
2020-06-24	2421	2425	2407	2410	71406	76971	0
2020-06-29	2421	2458	2417	2457	99251	76922	0
2020-06-30	2444	2447	2419	2425	94167	74115	0
2020-07-01	2427	2431	2419	2425	49486	76792	0
2020-07-02	2419	2439	2413	2439	66618	77578	0
2020-07-03	2442	2449	2433	2440	61218	76302	0
2020-07-06	2444	2459	2437	2458	69348	85741	0
2020-07-07	2457	2465	2446	2454	78273	87242	0
2020-07-08	2456	2459	2449	2451	41309	85840	0
2020-07-09	2452	2492	2452	2489	112571	105896	0
2020-07-10	2483	2496	2478	2492	88818	106224	0
2020-07-13	2488	2492	2477	2481	62819	101191	0
2020-07-14	2483	2498	2468	2482	89936	97312	0
2020-07-15	2489	2492	2470	2490	69741	98751	0
2020-07-16	2488	2515	2484	2504	111265	101429	0
2020-07-17	2503	2518	2499	2509	86293	103978	0
2020-07-20	2507	2582	2507	2563	190603	124014	0
2020-07-21	2557	2563	2528	2540	107358	113286	0
2020-07-22	2549	2558	2529	2539	96496	106922	0
2020-07-23	2551	2654	2548	2629	273853	135056	0
2020-07-24	2619	2639	2597	2616	178707	119829	0
2020-07-27	2611	2698	2610	2676	195526	123147	0
2020-07-28	2676	2679	2599	2617	178836	111514	0
2020-07-29	2623	2655	2613	2640	161590	108316	0
2020-07-30	2648	2666	2617	2657	150178	107191	0
2020-07-31	2663	2696	2660	2670	238956	118438	0
2020-08-03	2686	2723	2659	2697	227297	142111	0
2020-08-04	2704	2705	2671	2685	140032	137797	0
2020-08-05	2680	2680	2645	2645	130764	126653	0
2020-08-06	2650	2684	2638	2642	156147	122514	0
2020-08-07	2640	2641	2598	2599	169008	117600	0
2020-08-10	2601	2618	2585	2591	141590	113565	0
2020-08-11	2597	2611	2593	2600	89620	111879	0
2020-08-12	2596	2602	2583	2589	99482	109178	0
2020-08-13	2590	2616	2586	2589	106879	107686	0
2020-08-14	2590	2650	2589	2643	178744	112251	0
2020-08-17	2641	2655	2611	2628	126167	114469	0
2020-08-18	2631	2649	2609	2613	141282	113158	0
2020-08-19	2614	2628	2610	2619	93324	113639	0
2020-08-20	2623	2636	2602	2633	116257	110556	0
2020-08-21	2635	2639	2607	2613	126153	112096	0
2020-08-24	2613	2615	2566	2570	135152	120845	0
2020-08-25	2569	2586	2569	2585	104947	116558	0
2020-08-26	2581	2603	2577	2599	123408	117324	0
2020-08-27	2601	2606	2564	2566	156858	119386	0
2020-08-28	2563	2584	2561	2584	126497	115631	0
2020-08-31	2575	2594	2570	2578	102366	113437	0
2020-09-01	2574	2594	2573	2581	111414	116097	0
2020-09-02	2581	2616	2581	2608	161936	119699	0
2020-09-03	2606	2609	2586	2598	130470	118979	0
2020-09-04	2611	2641	2607	2629	208371	127739	0
2020-09-07	2636	2661	2615	2656	221460	146214	0
2020-09-08	2647	2654	2623	2639	147274	155002	0
2020-09-09	2632	2642	2618	2633	146987	149337	0
2020-09-10	2637	2709	2630	2705	349625	174053	0
2020-09-11	2699	2738	2689	2722	239445	184458	0
2020-09-14	2722	2762	2721	2734	216820	182148	0
2020-09-15	2735	2751	2703	2714	182382	177965	0
2020-09-16	2714	2744	2704	2724	181274	182389	0
2020-09-17	2734	2778	2731	2746	226773	192289	0
2020-09-18	2740	2808	2737	2807	216077	206858	0
2020-09-21	2801	2814	2781	2784	183016	205639	0
2020-09-22	2787	2803	2748	2765	234085	201030	0
2020-09-23	2765	2778	2707	2725	244944	186701	0
2020-09-24	2727	2742	2715	2737	142584	188446	0
2020-09-25	2734	2742	2717	2723	126181	183081	0
2020-09-28	2723	2779	2717	2769	186579	183028	0
2020-09-29	2772	2777	2753	2758	114493	176178	0
2020-09-30	2755	2765	2734	2765	123428	167864	0
2020-10-09	2792	2853	2789	2837	138441	178339	0
2020-10-12	2828	2876	2812	2868	181601	184756	0
2020-10-13	2862	2878	2839	2868	188330	187520	0
2020-10-14	2879	2925	2879	2899	313321	200743	0
2020-10-15	2895	2904	2845	2868	213368	192470	0
2020-10-16	2866	2925	2853	2921	204462	207554	0
2020-10-19	2922	2971	2913	2920	241769	205567	0
2020-10-20	2923	2954	2909	2924	174539	205546	0
2020-10-21	2926	2935	2887	2909	178188	194270	0
2020-10-22	2911	2919	2890	2903	139648	190110	0
2020-10-23	2907	2908	2877	2895	164809	188925	0
2020-10-26	2897	2936	2890	2902	272740	195393	0
2020-10-27	2905	2927	2893	2911	181047	193673	0
2020-10-28	2910	2935	2907	2931	185251	192711	0
2020-10-29	2916	2939	2900	2939	181309	193927	0
2020-10-30	2925	2950	2914	2945	164568	192133	0
2020-11-02	2945	2948	2857	2859	301274	177730	0
2020-11-03	2868	2873	2846	2851	183463	176888	0
2020-11-04	2859	2861	2846	2858	140180	182540	0
2020-11-05	2858	2876	2850	2867	181860	181690	0
2020-11-06	2878	2890	2855	2857	179690	182936	0
2020-11-09	2845	2860	2806	2832	229666	187998	0
2020-11-10	2844	2850	2822	2830	129924	186193	0
2020-11-11	2827	2860	2827	2859	162666	186355	0
2020-11-12	2857	2886	2849	2880	152230	183335	0
2020-11-13	2870	2894	2863	2889	140529	185356	0
2020-11-16	2891	2935	2881	2918	184468	181137	0
2020-11-17	2914	2933	2902	2931	142306	182961	0
2020-11-18	2935	2939	2913	2922	121575	180992	0
2020-11-19	2922	2952	2914	2951	145309	180491	0
2020-11-20	2934	2942	2920	2926	143461	184855	0
2020-11-23	2936	2967	2924	2957	168180	188527	0
2020-11-24	2952	2959	2916	2922	144425	180047	0
2020-11-25	2912	2936	2889	2917	167831	186292	0
2020-11-26	2921	2950	2920	2947	124937	184219	0
2020-11-27	2951	2951	2923	2929	141647	183599	0
2020-11-30	2930	3009	2929	3000	221387	195391	0
2020-12-01	3005	3024	2995	3003	209532	197296	0
2020-12-02	3015	3022	2982	2990	173498	188236	0
2020-12-03	2994	3010	2974	2977	139220	185323	0
2020-12-04	2971	2985	2940	2982	216451	170053	0
2020-12-07	2967	2982	2928	2938	203976	167048	0
2020-12-08	2946	2955	2912	2919	173814	162668	0
2020-12-09	2917	2940	2914	2928	119939	158657	0
2020-12-10	2928	2936	2913	2922	161834	155460	0
2020-12-11	2916	2917	2877	2900	205935	157322	0
2020-12-14	2904	2913	2865	2877	181275	157080	0
2020-12-15	2869	2876	2857	2867	132869	156409	0
2020-12-16	2864	2901	2862	2897	164830	160530	0
2020-12-17	2891	2914	2889	2906	153171	162335	0
2020-12-18	2903	2917	2892	2915	138062	160732	0
2020-12-21	2906	2975	2905	2968	199165	152588	0
2020-12-22	2952	2968	2941	2956	206096	153324	0
2020-12-23	2946	3010	2946	2995	221525	163472	0
2020-12-24	2989	3006	2983	2994	170562	162236	0
2020-12-25	2993	3033	2992	3026	223631	169956	0
2020-12-28	3025	3073	3011	3067	225770	181049	0
2020-12-29	3065	3067	3024	3038	222718	175621	0
2020-12-30	3051	3080	3041	3078	196342	176650	0
2020-12-31	3078	3095	3067	3078	189684	174441	0
2021-01-04	3082	3124	3070	3079	135493	175806	0
2021-01-05	3084	3130	3078	3123	179781	191199	0
2021-01-06	3124	3155	3123	3140	159011	194681	0
2021-01-07	3151	3169	3144	3167	188742	192059	0
2021-01-08	3168	3202	3156	3200	167872	200432	0
2021-01-11	3210	3297	3202	3248	294954	208900	0
2021-01-12	3265	3275	3203	3267	201589	211191	0
2021-01-13	3276	3330	3261	3278	224568	216235	0
2021-01-14	3277	3287	3219	3249	217244	206675	0
2021-01-15	3252	3274	3233	3260	174994	208625	0
2021-01-18	3266	3328	3264	3284	250332	221663	0
2021-01-19	3289	3322	3271	3288	235840	233995	0
2021-01-20	3288	3293	3244	3266	219977	230218	0
2021-01-21	3266	3287	3254	3270	183175	221854	0
2021-01-22	3272	3290	3227	3252	280203	221379	0
2021-01-25	3252	3271	3170	3192	300304	206023	0
2021-01-26	3200	3218	3186	3206	174289	217143	0
2021-01-27	3214	3230	3184	3190	227786	218370	0
2021-01-28	3193	3202	3144	3145	234185	209034	0
2021-01-29	3154	3156	3107	3112	210682	205363	0
2021-02-01	3113	3185	3113	3181	248090	191901	0
2021-02-02	3166	3178	3148	3163	147109	187666	0
2021-02-03	3157	3187	3138	3175	169495	193452	0
2021-02-04	3172	3208	3165	3199	162123	199219	0
2021-02-05	3192	3240	3191	3239	165224	203582	0
2021-02-08	3234	3244	3152	3157	239363	184581	0
2021-02-09	3164	3172	3157	3171	139777	177313	0
2021-02-10	3190	3193	3158	3177	162718	174802	0
2021-02-18	3177	3247	3177	3244	189216	181863	0
2021-02-19	3229	3247	3201	3228	182845	191416	0
2021-02-22	3234	3275	3190	3214	349243	184278	0
2021-02-23	3225	3254	3184	3237	327315	185026	0
2021-02-24	3270	3298	3215	3296	315980	200840	0
2021-02-25	3288	3337	3280	3316	292698	198767	0
2021-02-26	3306	3312	3261	3272	253847	187986	0
2021-03-01	3278	3306	3257	3285	261854	195275	0
2021-03-02	3299	3307	3238	3274	196870	183993	0
2021-03-03	3278	3290	3240	3248	170198	179140	0
2021-03-04	3241	3244	3203	3221	198857	173957	0
2021-03-05	3229	3309	3223	3307	259696	194870	0
2021-03-08	3298	3318	3284	3317	276141	207596	0
2021-03-09	3299	3302	3245	3246	250532	178080	0
2021-03-10	3247	3256	3189	3192	251226	183212	0
2021-03-11	3207	3218	3183	3202	221253	183350	0
2021-03-12	3205	3226	3150	3216	285795	206129	0
2021-03-15	3210	3220	3170	3211	201348	209055	0
2021-03-16	3211	3231	3199	3219	191925	207800	0
2021-03-17	3216	3264	3205	3242	263282	198972	0
2021-03-18	3224	3256	3210	3239	220919	188402	0
2021-03-19	3235	3259	3230	3242	205949	185180	0
2021-03-22	3250	3301	3232	3289	253205	198343	0
2021-03-23	3280	3295	3269	3295	179021	206243	0
2021-03-24	3284	3292	3241	3246	248187	184489	0
2021-03-25	3248	3252	3204	3205	241376	173272	0
2021-03-26	3216	3225	3205	3220	189693	177692	0
2021-03-29	3222	3229	3169	3176	328553	195923	0
2021-03-30	3181	3195	3145	3151	224543	208466	0
2021-03-31	3164	3173	3118	3145	273116	217590	0
2021-04-01	3156	3202	3136	3159	287048	207922	0
2021-04-02	3134	3142	3102	3124	282070	219005	0
2021-04-06	3125	3139	3099	3129	182516	220264	0
2021-04-07	3129	3183	3126	3172	239592	207101	0
2021-04-08	3171	3216	3166	3213	214320	197365	0
2021-04-09	3214	3215	3190	3196	197436	198170	0
2021-04-12	3190	3208	3167	3183	258043	198389	0
2021-04-13	3182	3182	3148	3166	230381	183651	0
2021-04-14	3172	3183	3157	3181	209197	182160	0
2021-04-15	3190	3247	3188	3246	256587	192010	0
2021-04-16	3237	3265	3236	3255	211631	203144	0
2021-04-19	3263	3278	3244	3272	241291	210978	0
2021-04-20	3271	3274	3234	3266	252208	213892	0
2021-04-21	3275	3295	3267	3287	259907	226005	0
2021-04-22	3298	3321	3287	3313	227658	235723	0
2021-04-23	3317	3356	3313	3324	276431	243375	0
2021-04-26	3317	3331	3287	3303	236883	235671	0
2021-04-27	3327	3338	3303	3323	193086	238644	0
2021-04-28	3315	3319	3287	3318	234872	230013	0
2021-04-29	3318	3326	3270	3272	213407	209895	0
2021-04-30	3281	3282	3248	3254	202802	193150	0
2021-05-06	3274	3287	3241	3255	169488	188708	0
2021-05-07	3267	3330	3260	3323	289021	194596	0
2021-05-10	3319	3349	3309	3333	231472	194112	0
2021-05-11	3330	3349	3297	3339	222798	200057	0
2021-05-12	3338	3379	3330	3355	257020	204375	0
2021-05-13	3340	3362	3278	3282	282033	177254	0
2021-05-14	3287	3295	3245	3246	217192	169754	0
2021-05-17	3257	3280	3213	3217	246004	184284	0
2021-05-18	3217	3224	3189	3219	221155	203253	0
2021-05-19	3213	3225	3189	3214	241541	204868	0
2021-05-20	3205	3225	3176	3209	291660	203947	0
2021-05-21	3212	3242	3202	3229	262437	198052	0
2021-05-24	3234	3249	3200	3223	299344	188587	0
2021-05-25	3228	3251	3216	3237	244509	187265	0
2021-05-26	3228	3229	3175	3175	256319	196433	0
2021-05-27	3174	3190	3153	3159	220998	204823	0
2021-05-28	3161	3199	3140	3151	243546	208513	0
2021-05-31	3155	3179	3137	3140	215013	205742	0
2021-06-01	3148	3181	3145	3166	205567	184033	0
2021-06-02	3176	3191	3166	3173	179808	171568	0
2021-06-03	3178	3201	3158	3193	252274	162934	0
2021-06-04	3188	3188	3145	3146	218757	176211	0
2021-06-07	3146	3153	3113	3129	259273	190333	0
2021-06-08	3124	3131	3097	3124	227834	201365	0
2021-06-09	3121	3136	3110	3131	156228	198390	0
2021-06-10	3122	3146	3108	3141	204062	191085	0
2021-06-11	3142	3157	3129	3155	178549	179776	0
2021-06-15	3139	3139	3058	3083	276908	197082	0
2021-06-16	3097	3115	3095	3101	181692	188576	0
2021-06-17	3109	3125	3100	3109	205976	170937	0
2021-06-18	3090	3090	3027	3028	311436	188109	0
2021-06-21	3039	3044	2975	2996	235825	199999	0
2021-06-22	2993	3005	2983	2986	182276	206442	0
2021-06-23	2983	3011	2960	3009	237355	193166	0
2021-06-24	2994	3019	2986	2991	219454	191194	0
2021-06-25	2981	3005	2969	2971	180116	205078	0
2021-06-28	2962	3003	2923	2994	324494	202501	0
2021-06-29	2992	3027	2988	3019	258712	186019	0
2021-06-30	3002	3019	2995	3006	190700	181913	0
2021-07-01	3005	3038	2986	3031	247112	167432	0
2021-07-02	3030	3046	3023	3038	194656	164927	0
2021-07-05	3033	3034	2969	2982	335336	191419	0
2021-07-06	2961	2974	2941	2943	247244	229679	0
2021-07-07	2954	2971	2946	2961	266376	227127	0
2021-07-08	2967	2993	2958	2992	263202	204703	0
2021-07-09	2989	2999	2971	2988	216263	195712	0
2021-07-12	2985	3004	2945	2950	277543	203606	0
2021-07-13	2949	2978	2937	2973	237987	201831	0
2021-07-14	2969	3025	2967	3019	312144	184526	0
2021-07-15	3027	3027	2987	2991	253927	190626	0
2021-07-16	2988	2989	2941	2941	332904	194385	0
2021-07-19	2950	2959	2872	2874	368758	238028	0
2021-07-20	2870	2887	2864	2872	197828	242358	0
2021-07-21	2872	2893	2861	2873	237345	246057	0
2021-07-22	2871	2878	2857	2858	202432	252839	0
2021-07-23	2852	2877	2848	2866	201497	247826	0
2021-07-26	2870	2900	2868	2892	237036	225512	0
2021-07-27	2903	2929	2890	2922	228639	203070	0
2021-07-28	2922	2932	2911	2922	190210	193237	0
2021-07-29	2935	2939	2915	2925	184112	195700	0
2021-07-30	2917	2930	2913	2916	170410	199702	0
2021-08-02	2902	2948	2881	2938	347478	197810	0
2021-08-03	2932	2952	2927	2947	198566	206433	0
2021-08-04	2943	2955	2932	2949	187883	200349	0
2021-08-05	2958	2962	2942	2949	150698	196925	0
2021-08-06	2949	2978	2945	2963	247164	202294	0
2021-08-09	2966	2975	2950	2968	194045	198628	0
2021-08-10	2970	2976	2942	2954	217237	201433	0
2021-08-11	2962	2971	2943	2958	195893	206182	0
2021-08-12	2963	3010	2959	3009	216276	217915	0
2021-08-13	3005	3043	3000	3038	227548	230001	0
2021-08-16	3029	3035	3000	3005	262665	215920	0
2021-08-17	3008	3010	2995	3004	132039	209009	0
2021-08-18	3013	3023	2967	2977	211430	199850	0
2021-08-19	2972	2973	2954	2956	154604	185195	0
2021-08-20	2946	2950	2890	2895	248910	170913	0
2021-08-23	2910	2934	2907	2924	245403	183351	0
2021-08-24	2917	2944	2915	2919	172939	172089	0
2021-08-25	2919	2933	2903	2904	175343	172354	0
2021-08-26	2907	2910	2839	2843	233478	173318	0
2021-08-27	2848	2864	2831	2832	197363	182175	0
2021-08-30	2844	2855	2825	2829	185833	188427	0
2021-08-31	2836	2846	2821	2844	145042	188698	0
2021-09-01	2839	2862	2831	2857	246714	195571	0
2021-09-02	2871	2909	2856	2901	234614	189751	0
2021-09-03	2896	2899	2888	2895	127174	186165	0
2021-09-06	2891	2894	2857	2857	191512	190352	0
2021-09-07	2864	2877	2856	2859	130783	189896	0
2021-09-08	2847	2858	2826	2829	235686	207006	0
2021-09-09	2832	2840	2823	2831	175999	209944	0
2021-09-10	2834	2837	2820	2822	147931	212555	0
2021-09-13	2827	2852	2825	2846	182776	196331	0
2021-09-14	2833	2839	2808	2814	262169	218957	0
2021-09-15	2824	2834	2811	2812	187163	221698	0
2021-09-16	2814	2833	2799	2816	242305	215660	0
2021-09-17	2824	2855	2814	2840	267833	188459	0
2021-09-22	2839	2891	2839	2883	246370	186789	0
2021-09-23	2875	2890	2864	2885	219607	175724	0
2021-09-24	2895	2909	2889	2901	225830	180227	0
2021-09-27	2894	2934	2880	2933	265747	181605	0
2021-09-28	2933	2951	2924	2946	218203	180998	0
2021-09-29	2956	2998	2947	2995	300146	181897	0
2021-09-30	2994	3016	2977	3014	227688	170917	0
2021-10-08	3002	3003	2944	2948	175441	166462	0
2021-10-11	2962	3003	2950	3000	201007	173345	0
2021-10-12	2993	3006	2964	2985	226584	168421	0
2021-10-13	3013	3068	2972	3016	394093	172115	0
2021-10-14	3004	3009	2966	2980	304698	155936	0
2021-10-15	2995	3083	2995	3056	440083	180668	0
2021-10-18	3039	3075	3036	3052	335440	180919	0
2021-10-19	3048	3180	3042	3176	447042	198572	0
2021-10-20	3161	3165	3102	3115	460796	181131	0
2021-10-21	3128	3160	3104	3106	339351	175890	0
2021-10-22	3116	3135	3093	3119	421936	166778	0
2021-10-25	3133	3231	3084	3212	525373	183479	0
2021-10-26	3205	3207	3132	3155	571245	173022	0
2021-10-27	3153	3159	3115	3128	432005	166794	0
2021-10-28	3128	3131	3055	3085	446792	143832	0
2021-10-29	3083	3132	3073	3131	266448	147299	0
2021-11-01	3122	3140	3096	3124	282829	150671	0
2021-11-02	3119	3185	3109	3162	251346	168094	0
2021-11-03	3165	3200	3160	3182	250226	170252	0
2021-11-04	3194	3236	3172	3206	260887	184107	0
2021-11-05	3211	3229	3152	3163	229735	174936	0
2021-11-08	3175	3256	3154	3226	259012	194304	0
2021-11-09	3237	3247	3215	3243	196079	206333	0
2021-11-10	3259	3275	3246	3259	190210	214310	0
2021-11-11	3257	3259	3194	3212	216242	207216	0
2021-11-12	3205	3216	3159	3177	187620	201520	0
2021-11-15	3177	3186	3135	3164	164955	197649	0
2021-11-16	3168	3202	3149	3198	176296	198786	0
2021-11-17	3192	3218	3184	3202	192329	199053	0
2021-11-18	3196	3201	3171	3193	167318	196442	0
2021-11-19	3204	3239	3204	3233	216080	205788	0
2021-11-22	3220	3233	3153	3167	222990	184747	0
2021-11-23	3168	3178	3155	3156	146662	190376	0
2021-11-24	3138	3149	3116	3136	186815	193558	0
2021-11-25	3132	3176	3132	3157	201521	196379	0
2021-11-26	3166	3173	3144	3147	168764	195479	0
2021-11-29	3142	3156	3106	3108	220272	197017	0
2021-11-30	3117	3134	3111	3112	168523	196633	0
2021-12-01	3119	3162	3110	3157	222461	186577	0
2021-12-02	3158	3175	3147	3169	191766	184896	0
2021-12-03	3165	3175	3135	3136	187269	185945	0
2021-12-06	3141	3141	3078	3079	232734	189381	0
2021-12-07	3084	3094	3074	3084	155451	187615	0
2021-12-08	3086	3114	3078	3106	165820	183693	0
2021-12-09	3111	3113	3094	3104	147328	185390	0
2021-12-10	3100	3116	3087	3107	186389	179430	0
2021-12-13	3118	3171	3110	3155	260837	196765	0
2021-12-14	3143	3147	3122	3147	195526	181550	0
2021-12-15	3150	3169	3150	3166	189874	191066	0
2021-12-16	3157	3157	3104	3114	283374	170302	0
2021-12-17	3121	3132	3115	3124	172203	170202	0
2021-12-20	3121	3125	3080	3081	270434	177583	0
2021-12-21	3086	3094	3054	3057	306651	189282	0
2021-12-22	3030	3053	3029	3034	216222	203272	0
2021-12-23	3031	3057	3030	3050	163840	204873	0
2021-12-24	3041	3052	3030	3047	200438	214863	0
2021-12-27	3045	3061	3019	3021	210638	225465	0
2021-12-28	3023	3027	3007	3013	191579	239440	0
2021-12-29	3001	3002	2968	2969	234129	260818	0
2021-12-30	2975	3014	2972	3013	230784	262287	0
2021-12-31	3008	3016	2995	3013	171405	244394	0
2022-01-04	3008	3053	3006	3041	165835	236279	0
2022-01-05	3044	3057	3037	3047	133958	231974	0
2022-01-06	3049	3052	3021	3026	151211	242089	0
2022-01-07	3025	3060	3024	3059	142748	237091	0
2022-01-10	3053	3063	3030	3033	169091	251509	0
2022-01-11	3035	3042	3015	3038	157505	261928	0
2022-01-12	3042	3117	3034	3117	304600	246481	0
2022-01-13	3111	3125	3106	3121	168538	246968	0
2022-01-14	3121	3147	3120	3137	231565	252668	0
2022-01-17	3134	3138	3107	3113	177540	256226	0
2022-01-18	3115	3133	3105	3120	151006	248802	0
2022-01-19	3124	3170	3121	3168	205964	257586	0
2022-01-20	3168	3193	3166	3181	185106	273131	0
2022-01-21	3187	3192	3166	3169	161377	276873	0
2022-01-24	3164	3192	3164	3191	154878	279427	0
2022-01-25	3180	3211	3159	3205	209563	286851	0
2022-01-26	3204	3238	3202	3236	176407	299531	0
2022-01-27	3228	3230	3188	3205	212715	284531	0
2022-01-28	3209	3242	3209	3235	191471	278876	0
2022-02-07	3204	3231	3177	3188	214561	279177	0
2022-02-08	3198	3238	3180	3222	234899	290945	0
2022-02-09	3211	3222	3168	3192	251299	286760	0
2022-02-10	3212	3234	3202	3211	248560	296617	0
2022-02-11	3208	3209	3175	3183	239518	294005	0
2022-02-14	3187	3206	3176	3180	188581	287911	0
2022-02-15	3169	3219	3168	3213	280753	309739	0
2022-02-16	3208	3218	3197	3201	216283	324367	0
2022-02-17	3197	3233	3193	3223	205760	331359	0
2022-02-18	3227	3229	3214	3222	145474	339978	0
2022-02-21	3225	3239	3212	3215	212849	346333	0
2022-02-22	3200	3249	3197	3248	274881	349511	0
2022-02-23	3242	3293	3235	3288	251724	365723	0
2022-02-24	3290	3345	3284	3326	295260	366931	0
2022-02-25	3341	3369	3314	3368	268298	382023	0
2022-02-28	3352	3428	3337	3406	346821	393209	0
2022-03-01	3408	3472	3400	3470	276774	407146	0
2022-03-02	3486	3501	3419	3448	371703	397233	0
2022-03-03	3447	3456	3410	3441	294786	396000	0
2022-03-04	3429	3468	3423	3434	304688	402014	0
2022-03-07	3437	3511	3437	3499	301686	395065	0
2022-03-08	3493	3494	3415	3435	349237	393141	0
2022-03-09	3425	3428	3390	3415	267627	395343	0
2022-03-10	3403	3407	3332	3351	318818	362718	0
2022-03-11	3360	3423	3357	3416	266449	377776	0
2022-03-14	3407	3435	3366	3421	265693	386690	0
2022-03-15	3402	3430	3365	3365	222009	378951	0
2022-03-16	3370	3420	3365	3400	209186	387264	0
2022-03-17	3394	3395	3366	3371	192452	393368	0
2022-03-18	3382	3424	3382	3409	209555	390855	0
2022-03-21	3402	3419	3383	3404	224790	401433	0
2022-03-22	3415	3452	3414	3445	214382	416294	0
2022-03-23	3443	3459	3424	3451	166377	421619	0
2022-03-24	3460	3461	3427	3441	217927	421499	0
2022-03-25	3439	3458	3418	3426	223146	416740	0
2022-03-28	3437	3453	3383	3389	262678	399893	0
2022-03-29	3395	3403	3355	3365	202341	388684	0
2022-03-30	3333	3382	3329	3366	214309	372596	0
2022-03-31	3367	3374	3333	3334	162035	360015	0
2022-04-01	3347	3367	3324	3325	152773	344615	0
2022-04-06	3343	3406	3340	3394	164485	345558	0
2022-04-07	3388	3403	3375	3380	130697	342498	0
2022-04-08	3381	3382	3335	3341	189837	340424	0
2022-04-11	3336	3351	3309	3318	205057	348494	0
2022-04-12	3321	3333	3311	3327	142757	356591	0
2022-04-13	3320	3348	3313	3320	151956	363375	0
2022-04-14	3319	3357	3315	3353	149642	357374	0
2022-04-15	3348	3387	3340	3383	158090	348662	0
2022-04-18	3382	3393	3364	3370	127160	346405	0
2022-04-19	3364	3435	3358	3424	210152	348299	0
2022-04-20	3417	3453	3413	3448	200652	360125	0
2022-04-21	3453	3468	3437	3466	174760	363839	0
2022-04-22	3465	3477	3438	3444	192774	356584	0
2022-04-25	3461	3463	3395	3401	224266	333502	0
2022-04-26	3409	3451	3407	3440	182924	331181	0
2022-04-27	3441	3457	3412	3421	160961	324920	0
2022-04-28	3424	3501	3416	3501	256940	339194	0
2022-04-29	3510	3541	3480	3512	269076	347804	0
2022-05-05	3502	3507	3476	3490	126077	348814	0
2022-05-06	3485	3491	3436	3444	207923	331697	0
2022-05-09	3439	3449	3422	3436	170845	328867	0
2022-05-10	3435	3451	3379	3382	237890	313360	0
2022-05-11	3391	3407	3379	3390	153410	323200	0
2022-05-12	3371	3409	3361	3388	183078	324221	0
2022-05-13	3384	3411	3378	3400	156809	330632	0
2022-05-16	3400	3403	3379	3395	157133	333876	0
2022-05-17	3376	3416	3368	3377	223294	344467	0
2022-05-18	3381	3404	3381	3400	98923	346755	0
数据来源:通达信
