CYL9 棉纱指数 日线 前复权
      日期	    开盘	    最高	    最低	    收盘	    成交量	    持仓量	    结算价
2017-08-21	23050	23060	22900	22975	25654	9258	0
2017-08-22	22985	23085	22975	23070	14078	8276	0
2017-08-23	23100	23140	23035	23060	9306	7730	0
2017-08-24	23060	23105	23000	23035	4706	7160	0
2017-08-25	23040	23080	23020	23035	3322	6484	0
2017-08-28	23035	23085	22990	23065	3962	6334	0
2017-08-29	23065	23120	23025	23040	2712	5966	0
2017-08-30	23040	23070	22995	23010	1852	5924	0
2017-08-31	23020	23065	23010	23010	1880	5500	0
2017-09-01	23015	23080	23010	23020	2296	5364	0
2017-09-04	23025	23635	23025	23390	14746	6760	0
2017-09-05	23425	23490	23290	23480	6242	6516	0
2017-09-06	23495	23500	23325	23335	6454	6248	0
2017-09-07	23355	23395	23205	23290	4266	5742	0
2017-09-08	23305	23305	23030	23090	5666	4816	0
2017-09-11	23120	23430	23030	23220	16126	4430	0
2017-09-12	23230	23300	23205	23235	2210	4282	0
2017-09-13	23190	23295	23070	23160	3050	3964	0
2017-09-14	23170	23205	23085	23085	1524	3796	0
2017-09-15	23055	23120	23030	23055	1518	3684	0
2017-09-18	23060	23095	22900	23080	1958	3314	0
2017-09-19	23100	23180	23060	23095	1978	2940	0
2017-09-20	23085	23390	23085	23385	3404	2606	0
2017-09-21	23385	23385	23210	23210	1450	2320	0
2017-09-22	23220	23280	23140	23170	1900	2230	0
2017-09-25	23150	23245	23145	23235	1000	2160	0
2017-09-26	23250	23365	23210	23315	1514	2230	0
2017-09-27	23265	23290	23090	23105	1800	2178	0
2017-09-28	23090	23125	22865	22900	2004	2334	0
2017-09-29	22865	23010	22865	22915	1082	2100	0
2017-10-09	23050	23050	22860	22955	612	2056	0
2017-10-10	22930	22980	22910	22925	726	2008	0
2017-10-11	22955	22975	22895	22905	622	1942	0
2017-10-12	22895	22950	22860	22915	1110	1946	0
2017-10-13	22935	22990	22905	22930	826	1860	0
2017-10-16	22930	23090	22930	23045	998	1798	0
2017-10-17	22990	23050	22980	22985	404	1742	0
2017-10-18	22980	23055	22980	23000	342	1720	0
2017-10-19	23020	23020	22905	22935	558	1756	0
2017-10-20	22870	22905	22810	22850	870	1786	0
2017-10-23	22870	22895	22770	22850	656	1790	0
2017-10-24	22910	22945	22865	22875	558	1772	0
2017-10-25	22915	22945	22890	22945	264	1706	0
2017-10-26	22925	22980	22890	22925	208	1670	0
2017-10-27	22860	22885	22840	22855	234	1686	0
2017-10-30	22880	22965	22830	22885	274	1610	0
2017-10-31	22890	22930	22850	22930	274	1590	0
2017-11-01	22940	23030	22885	22965	436	1532	0
2017-11-02	22970	23015	22925	23000	302	1492	0
2017-11-03	23060	23060	22960	23045	466	1370	0
2017-11-06	23060	23080	23010	23075	326	1356	0
2017-11-07	23045	23140	23035	23105	444	1268	0
2017-11-08	23060	23105	23030	23050	264	1228	0
2017-11-09	23030	23065	23000	23045	142	1216	0
2017-11-10	23070	23080	23030	23040	88	1192	0
2017-11-13	23005	23225	22910	23115	294	1178	0
2017-11-14	23075	23165	23065	23085	202	1110	0
2017-11-15	23050	23080	22990	23005	204	1038	0
2017-11-16	23040	23050	22975	23035	160	1002	0
2017-11-17	23030	23045	23005	23005	90	982	0
2017-11-20	23005	23030	22940	22975	154	976	0
2017-11-21	22925	22970	22910	22910	142	916	0
2017-11-22	22895	23000	22890	22890	176	932	0
2017-11-23	22915	23000	22905	22915	232	894	0
2017-11-24	22955	22975	22890	22935	78	870	0
2017-11-27	22920	23005	22915	22975	116	840	0
2017-11-28	23000	23150	22940	23145	582	742	0
2017-11-29	23185	23190	23090	23100	232	658	0
2017-11-30	23175	23490	23115	23485	810	1254	0
2017-12-01	23265	23270	23135	23240	1028	664	0
2017-12-04	23240	23285	23200	23285	130	652	0
2017-12-05	23215	23265	23205	23235	222	598	0
2017-12-06	23210	23220	23195	23210	98	568	0
2017-12-07	23185	23235	23170	23170	44	554	0
2017-12-08	23190	23300	23140	23155	194	486	0
2017-12-11	23240	23265	23155	23165	136	408	0
2017-12-12	23185	23205	23160	23200	62	392	0
2017-12-13	23255	23340	23255	23295	172	388	0
2017-12-14	23420	23455	23300	23305	106	366	0
2017-12-15	23305	23310	23155	23190	86	354	0
2017-12-18	23295	23305	23235	23270	34	350	0
2017-12-19	23230	23320	23205	23205	32	338	0
2017-12-20	23200	23270	23125	23210	32	326	0
2017-12-21	23235	23235	23195	23195	10	326	0
2017-12-22	23255	23360	23195	23195	72	312	0
2017-12-25	23190	23190	23105	23140	46	290	0
2017-12-26	23085	23085	23005	23045	28	288	0
2017-12-27	23025	23085	22985	23010	46	262	0
2017-12-28	23095	23170	23090	23170	22	252	0
2017-12-29	23120	23125	23080	23080	16	240	0
2018-01-02	23180	23185	23090	23095	32	244	0
2018-01-03	23125	23215	23075	23075	60	232	0
2018-01-04	23115	23120	23080	23080	30	218	0
2018-01-05	23045	23175	23045	23175	32	204	0
2018-01-08	23090	23175	23085	23175	54	208	0
2018-01-09	23070	23250	23070	23245	36	202	0
2018-01-10	23240	23240	23130	23150	22	200	0
2018-01-12	23180	23285	23120	23205	52	188	0
2018-01-15	23075	23150	23075	23120	22	186	0
2018-01-16	23075	23140	23075	23135	18	162	0
2018-01-17	23115	23115	23040	23085	44	140	0
2018-01-18	23040	23275	23040	23180	48	134	0
2018-01-19	23300	23325	23180	23265	42	138	0
2018-01-22	23205	23285	23205	23230	54	122	0
2018-01-23	23290	23420	23195	23335	94	128	0
2018-01-24	23315	23405	23315	23390	106	120	0
2018-01-25	23335	23370	23285	23320	72	96	0
2018-01-26	23345	23415	23345	23405	24	86	0
2018-01-29	23415	23430	23370	23375	14	78	0
2018-01-30	23335	23415	23250	23395	24	76	0
2018-01-31	23225	23230	23225	23230	8	78	0
2018-02-01	23160	23260	23075	23260	16	74	0
2018-02-02	23220	23245	23180	23245	8	68	0
2018-02-05	23170	23180	23170	23175	10	66	0
2018-02-06	23210	23210	23210	23210	2	66	0
2018-02-07	23185	23185	23180	23180	10	64	0
2018-02-08	23095	23170	23095	23170	8	60	0
2018-02-09	23155	23155	23075	23120	8	60	0
2018-02-12	23190	23365	23190	23220	32	72	0
2018-02-13	22905	23205	22905	23095	60	64	0
2018-02-14	23005	23210	23005	23210	16	58	0
2018-02-26	23185	23185	23170	23170	12	48	0
2018-03-02	23225	23620	23135	23145	52	44	0
2018-03-05	23160	23325	22890	23275	28	46	0
2018-03-06	23245	23245	23245	23245	2	46	0
2018-03-07	23285	23370	23285	23285	6	46	0
2018-03-08	23330	23430	23275	23375	28	38	0
2018-03-12	22975	23460	22975	23275	10	34	0
2018-03-13	23275	23285	23265	23265	6	28	0
2018-03-14	23295	23345	23275	23310	10	28	0
2018-03-19	22970	23355	22970	23320	8	26	0
2018-03-20	23265	23265	23265	23265	2	24	0
2018-03-22	23285	23305	23285	23305	4	28	0
2018-03-23	23405	23425	23405	23425	4	26	0
2018-03-26	22900	23660	22900	23300	132	26	0
2018-03-27	23565	23720	23105	23440	36	24	0
2018-03-28	23665	23830	23250	23335	10	26	0
2018-03-29	23385	23585	23385	23575	8	26	0
2018-03-30	23285	23285	23285	23285	2	24	0
2018-04-02	23140	23290	23015	23290	10	28	0
2018-04-03	23020	23345	22800	22800	22	38	0
2018-04-04	22915	22925	22915	22925	4	38	0
2018-04-09	23570	23570	22730	23325	30	36	0
2018-04-10	23195	23195	23185	23185	8	36	0
2018-04-11	23390	23390	23220	23220	16	32	0
2018-04-18	23145	23380	23045	23340	128	24	0
2018-04-19	23085	23085	23085	23085	4	22	0
2018-04-20	23130	23130	23130	23130	2	20	0
2018-04-23	23320	23320	23320	23320	2	18	0
2018-04-24	23195	23535	23195	23535	4	20	0
2018-04-25	23475	23500	23315	23315	14	20	0
2018-04-27	23465	23465	23275	23285	6	14	0
2018-05-03	23265	23265	23265	23265	2	14	0
2018-05-04	23090	23290	23090	23290	8	14	0
2018-05-08	23140	23790	23140	23645	34	32	0
2018-05-09	23460	23605	22930	23395	36	34	0
2018-05-10	23605	23605	23605	23605	2	36	0
2018-05-11	23715	23800	23420	23465	38	26	0
2018-05-14	23445	23445	23445	23445	2	24	0
2018-05-15	23495	23495	22940	23145	20	14	0
2018-05-16	23220	23685	23115	23685	30	20	0
2018-05-17	24270	24705	23660	24555	656	80	0
2018-05-18	24445	25515	24445	25500	1206	302	0
2018-05-21	25790	26390	25575	26390	5182	1392	0
2018-05-22	27265	27965	27050	27315	26992	3030	0
2018-05-23	27580	28460	26620	27230	129862	9616	0
2018-05-24	27645	27645	26410	26445	176170	15180	0
2018-05-25	26605	26605	25765	26280	197914	14694	0
2018-05-28	26240	26435	26010	26190	138324	15248	0
2018-05-29	26245	27280	26085	27280	116698	19348	0
2018-05-30	27550	27775	26690	26775	207440	14598	0
2018-05-31	26695	27080	26420	26540	127694	12340	0
2018-06-01	26630	27070	26525	26930	152162	13846	0
2018-06-04	26945	27390	26610	26665	134976	14056	0
2018-06-05	26720	26730	25875	25875	125144	16166	0
2018-06-06	26010	26125	25685	25895	96922	10764	0
2018-06-07	26035	26135	25805	25990	67288	11116	0
2018-06-08	25935	26065	25695	25840	55330	9636	0
2018-06-11	25840	26175	25630	26040	62870	9422	0
2018-06-12	26030	26100	25790	25965	47044	9022	0
2018-06-13	26040	26875	25940	26680	76938	10734	0
2018-06-14	26590	26730	25880	25890	71956	9842	0
2018-06-15	25860	26130	25740	25845	54308	8410	0
2018-06-19	25900	26255	24870	24875	50046	7214	0
2018-06-20	24855	25160	24805	25015	40994	6116	0
2018-06-21	25020	25290	24795	24990	40856	5980	0
2018-06-22	25060	25170	24945	25040	25978	5444	0
2018-06-25	25070	25330	25030	25090	23504	5234	0
2018-06-26	25050	25135	24850	24995	12512	5352	0
2018-06-27	25055	25080	24840	24965	11744	5220	0
2018-06-28	24995	25380	24725	24895	16472	5180	0
2018-06-29	24870	25055	24815	24900	8284	5106	0
2018-07-02	24930	25100	24860	24870	8136	4904	0
2018-07-03	24905	24935	24660	24845	9176	4962	0
2018-07-04	24900	24900	24600	24630	4676	4860	0
2018-07-05	24615	24655	24250	24395	9916	4432	0
2018-07-06	24440	24615	24260	24475	7682	4512	0
2018-07-09	24470	24780	24430	24720	6246	4468	0
2018-07-10	24745	24955	24675	24705	5996	4492	0
2018-07-11	24695	24850	24525	24695	5538	4148	0
2018-07-12	24700	25070	24700	25030	6496	4394	0
2018-07-13	25040	25275	24935	25020	8054	4010	0
2018-07-16	25070	25205	24980	25100	4356	4206	0
2018-07-17	25090	25115	24730	24910	4778	3620	0
2018-07-18	24915	24990	24860	24910	2204	3426	0
2018-07-19	24905	25110	24860	25060	4282	3454	0
2018-07-20	24960	25075	24925	24980	3206	3508	0
2018-07-23	24945	24980	24730	24845	3070	3396	0
2018-07-24	24805	24965	24795	24930	2550	3328	0
2018-07-25	24930	25230	24915	25110	4566	2990	0
2018-07-26	25105	25215	25035	25075	2608	3034	0
2018-07-27	25060	25220	25005	25065	3172	3240	0
2018-07-30	25015	25110	24960	25100	2252	3282	0
2018-07-31	25190	25755	25170	25620	9622	3766	0
2018-08-01	25575	25645	25385	25475	6208	3844	0
2018-08-02	25500	25610	25215	25335	5622	3238	0
2018-08-03	25340	25725	25325	25565	6794	3874	0
2018-08-06	25530	25755	25260	25640	6754	3486	0
2018-08-07	25715	26050	25635	25820	7268	2942	0
2018-08-08	25815	25970	25720	25795	3812	2834	0
2018-08-09	25825	26120	25765	25805	5614	2558	0
2018-08-10	25865	25980	25805	25900	3944	2624	0
2018-08-13	25945	26055	25410	25595	4826	2360	0
2018-08-14	25565	25630	25420	25475	3034	2316	0
2018-08-15	25475	25610	25250	25300	3510	2200	0
2018-08-16	25275	25350	24815	25280	4694	2034	0
2018-08-17	25260	25365	25040	25040	3152	1850	0
2018-08-20	25085	25450	25085	25400	2600	1996	0
2018-08-21	25370	25550	25295	25545	2524	1814	0
2018-08-22	25560	25755	25480	25520	3312	2010	0
2018-08-23	25535	25575	25285	25285	2252	1924	0
2018-08-24	25295	25690	25265	25690	2418	1922	0
2018-08-27	25715	26510	25715	26505	23134	5110	0
2018-08-28	26700	27335	26475	26550	78858	5256	0
2018-08-29	26605	27125	26565	26610	49560	6008	0
2018-08-30	26645	26920	26560	26720	26074	5742	0
2018-08-31	26710	26760	26015	26250	28308	3666	0
2018-09-03	26325	27295	26160	27270	35662	8010	0
2018-09-04	27410	27510	26580	26620	51350	7936	0
2018-09-05	26685	26860	26515	26615	22038	7456	0
2018-09-06	26665	26865	26580	26730	21072	7246	0
2018-09-07	26760	26780	26285	26390	17516	5464	0
2018-09-10	26395	26680	26190	26605	14094	5190	0
2018-09-11	26700	26960	26420	26470	16338	5648	0
2018-09-12	26415	26630	26370	26570	7832	4404	0
2018-09-13	26645	26800	26435	26705	8402	4480	0
2018-09-14	26710	26780	26610	26660	7962	4050	0
2018-09-17	26675	26675	26410	26425	6388	3550	0
2018-09-18	26315	26630	26290	26430	5566	3072	0
2018-09-19	26270	26345	25500	25835	9196	2522	0
2018-09-20	25840	26095	25660	26010	4848	2466	0
2018-09-21	26075	26205	25920	25960	3314	2222	0
2018-09-25	25930	25945	25615	25740	2114	2220	0
2018-09-26	25785	25960	25285	25405	3712	1814	0
2018-09-27	25385	25455	24890	25060	7402	1708	0
2018-09-28	25155	25155	24225	24515	6264	952	0
2018-10-08	24435	24505	23800	24475	992	904	0
2018-10-09	24275	24695	24275	24635	1182	948	0
2018-10-10	24675	24945	24605	24620	2108	1028	0
2018-10-11	24565	24725	24410	24435	2456	1218	0
2018-10-12	24480	24790	24460	24760	1636	1162	0
2018-10-15	24885	24970	24750	24850	2850	1220	0
2018-10-16	24810	24835	24630	24775	2374	1186	0
2018-10-17	24755	24935	24740	24825	3850	1538	0
2018-10-18	24765	24860	24395	24595	4020	1272	0
2018-10-19	24550	24560	24250	24275	4256	1500	0
2018-10-22	24235	24450	24235	24400	1430	1306	0
2018-10-23	24480	24525	24390	24430	1454	1252	0
2018-10-24	24350	24435	24275	24435	1002	1218	0
2018-10-25	24455	24455	23985	24130	2090	1126	0
2018-10-26	24105	24140	23930	23975	1648	1258	0
2018-10-29	23900	23900	23135	23230	3228	1580	0
2018-10-30	23280	23445	23195	23360	1888	1566	0
2018-10-31	23420	23555	23215	23255	1842	1602	0
2018-11-01	23245	23330	23155	23265	1810	1550	0
2018-11-02	23330	23820	23250	23630	4038	1362	0
2018-11-05	23580	23680	23510	23635	1080	1294	0
2018-11-06	23645	23735	23245	23295	2230	1414	0
2018-11-07	23320	23360	23200	23275	1502	1346	0
2018-11-08	23335	23515	23000	23455	2508	1326	0
2018-11-09	23480	23575	23385	23570	1750	1288	0
2018-11-12	23550	23590	23105	23275	2454	1374	0
2018-11-13	23250	23250	22575	22750	4166	2200	0
2018-11-14	22785	22895	22650	22820	1750	2070	0
2018-11-15	22875	23005	22840	22850	1458	1956	0
2018-11-16	22855	23090	22740	22890	3128	2070	0
2018-11-19	22945	23140	22855	22925	3046	1772	0
2018-11-20	22925	22940	22750	22760	1352	1788	0
2018-11-21	22755	23120	22315	23085	3226	1534	0
2018-11-22	23150	23205	22785	22790	2094	1562	0
2018-11-23	22740	22985	22645	22820	1808	1494	0
2018-11-26	22720	23115	22720	23055	2658	1596	0
2018-11-27	23215	23585	23195	23310	3042	1692	0
2018-11-28	23260	23495	23225	23490	1616	1610	0
2018-11-29	23520	23610	23385	23415	2180	1480	0
2018-11-30	23455	23605	23380	23605	1056	1474	0
2018-12-03	23565	24140	23515	23850	2646	1520	0
2018-12-04	23880	24010	23715	23810	1952	1586	0
2018-12-05	23945	23945	23150	23770	1722	1296	0
2018-12-06	23825	23870	23585	23820	1040	1298	0
2018-12-07	23615	23975	23615	23975	752	1320	0
2018-12-10	23915	23975	23810	23825	870	1210	0
2018-12-11	23830	23895	23785	23835	678	1178	0
2018-12-12	23915	23950	23850	23855	432	1154	0
2018-12-13	23860	23895	23580	23870	1514	1094	0
2018-12-14	23895	23910	23790	23895	568	1002	0
2018-12-17	24060	24095	23845	23950	882	848	0
2018-12-18	23890	24045	23805	23880	570	734	0
2018-12-19	23925	23930	23685	23865	596	652	0
2018-12-20	23865	23955	23760	23770	644	514	0
2018-12-21	23750	23905	23700	23775	504	492	0
2018-12-24	23760	23780	23505	23550	578	448	0
2018-12-25	23570	23570	23425	23425	388	428	0
2018-12-26	23450	23815	23450	23700	598	314	0
2018-12-27	23680	24280	23650	24080	562	236	0
2018-12-28	24005	24120	23760	23790	304	152	0
2019-01-02	23745	23980	23745	23810	72	156	0
2019-01-03	23860	23860	23630	23700	96	174	0
2019-01-04	23715	24010	23700	24005	440	272	0
2019-01-07	24005	24300	24005	24210	876	452	0
2019-01-08	24295	24295	24030	24150	352	400	0
2019-01-09	24240	24260	24085	24175	314	422	0
2019-01-10	24205	24290	24135	24260	540	448	0
2019-01-11	24240	24285	24120	24145	326	404	0
2019-01-14	24230	24235	24135	24195	190	390	0
2019-01-15	24220	24275	24180	24200	214	416	0
2019-01-16	24150	24295	24150	24240	236	378	0
2019-01-17	24265	24555	24210	24470	486	452	0
2019-01-18	24365	24510	24355	24495	504	436	0
2019-01-21	24540	24750	24435	24700	800	576	0
2019-01-22	24650	24690	24215	24230	634	396	0
2019-01-23	24245	24320	24155	24260	194	400	0
2019-01-24	24250	24330	24140	24245	234	398	0
2019-01-25	24300	24360	24210	24305	268	362	0
2019-01-28	24330	24440	24295	24370	326	350	0
2019-01-29	24340	24435	24190	24350	138	322	0
2019-01-30	24365	24470	24365	24410	214	352	0
2019-01-31	24400	24555	24295	24555	240	286	0
2019-02-01	24440	24565	24330	24335	162	250	0
2019-02-11	24200	24560	24150	24515	90	252	0
2019-02-12	24430	25060	24430	24455	1272	536	0
2019-02-13	24405	24520	24225	24225	582	422	0
2019-02-14	24210	24360	24195	24300	268	486	0
2019-02-15	24300	24385	24195	24300	206	474	0
2019-02-18	24300	24435	24255	24305	102	464	0
2019-02-19	24375	24570	24295	24560	412	480	0
2019-02-20	24615	24635	24495	24585	266	450	0
2019-02-21	24620	24710	24475	24550	506	394	0
2019-02-22	24565	24875	24530	24820	784	502	0
2019-02-25	24885	24910	24525	24620	696	538	0
2019-02-26	24600	24690	24450	24510	306	544	0
2019-02-27	24585	24585	24415	24415	162	522	0
2019-02-28	24480	24520	24460	24465	162	536	0
2019-03-01	24475	24625	24475	24590	260	542	0
2019-03-04	24630	24675	24550	24655	344	624	0
2019-03-05	24600	24895	24520	24560	1470	722	0
2019-03-06	24695	24695	24085	24540	682	504	0
2019-03-07	24605	24720	24530	24680	648	564	0
2019-03-08	24575	24635	24465	24495	288	500	0
2019-03-11	24495	24540	24380	24395	238	448	0
2019-03-12	24420	24445	24350	24435	168	388	0
2019-03-13	24455	24595	24435	24545	240	390	0
2019-03-14	24565	24615	24475	24475	232	396	0
2019-03-15	24475	24490	24365	24455	246	350	0
2019-03-18	24410	24550	24410	24430	132	336	0
2019-03-19	24420	24555	24410	24495	134	350	0
2019-03-20	24540	24600	24465	24555	186	344	0
2019-03-21	24610	24610	24485	24550	84	310	0
2019-03-22	24515	24605	24515	24585	120	304	0
2019-03-25	24560	24585	24300	24445	114	280	0
2019-03-26	24495	24495	24425	24445	68	260	0
2019-03-27	24440	24495	24385	24420	50	252	0
2019-03-28	24385	24455	24345	24380	98	234	0
2019-03-29	24430	24970	24400	24450	128	216	0
2019-04-01	24490	24535	24460	24465	26	212	0
2019-04-02	24490	24605	24490	24580	60	214	0
2019-04-03	24570	24620	24470	24520	78	192	0
2019-04-04	24535	24605	24485	24605	20	184	0
2019-04-08	24525	24650	24525	24605	34	184	0
2019-04-09	24590	24625	24460	24515	32	184	0
2019-04-10	24610	24695	24550	24580	44	186	0
2019-04-11	24705	24710	24535	24570	78	148	0
2019-04-12	24515	24645	24490	24495	56	140	0
2019-04-15	24730	25095	23935	24475	204	246	0
2019-04-16	24480	24480	23975	24330	506	350	0
2019-04-17	24175	24630	24175	24455	852	318	0
2019-04-18	24435	24555	24330	24390	258	258	0
2019-04-19	24410	24875	24410	24730	918	310	0
2019-04-22	24725	24840	24645	24695	266	312	0
2019-04-23	24700	24750	24640	24685	110	296	0
2019-04-24	24720	24820	24500	24500	234	278	0
2019-04-25	24615	24620	24400	24560	102	268	0
2019-04-26	24395	24595	24360	24405	60	260	0
2019-04-29	24390	24455	24255	24300	56	258	0
2019-04-30	24245	24350	24050	24215	166	256	0
2019-05-06	23945	24115	23790	23880	46	254	0
2019-05-07	23895	24040	23825	24000	72	264	0
2019-05-08	24210	24210	23935	23935	38	254	0
2019-05-09	24270	24270	24005	24005	62	254	0
2019-05-10	24285	24330	24185	24260	144	254	0
2019-05-13	24230	24250	23420	23420	258	322	0
2019-05-14	23005	23120	22225	22245	2016	550	0
2019-05-15	22590	22930	22405	22895	5308	976	0
2019-05-16	23160	23310	23130	23230	9436	3382	0
2019-05-17	23260	23270	22975	23075	22894	8554	0
2019-05-20	23065	23065	22200	22370	47754	14268	0
2019-05-21	22365	22740	22365	22410	61088	15838	0
2019-05-22	22525	22525	21505	21930	80934	19848	0
2019-05-23	21775	22040	21535	21820	85682	20280	0
2019-05-24	21970	22120	21835	21925	66842	18122	0
2019-05-27	21970	22155	21770	21860	36398	18912	0
2019-05-28	21970	22055	21900	22030	42776	21344	0
2019-05-29	22060	22225	22000	22060	36550	23106	0
2019-05-30	22080	22100	21605	21680	28150	24378	0
2019-05-31	21815	21820	21650	21705	25038	23436	0
2019-06-03	21685	21685	20870	21095	40546	25900	0
2019-06-04	21100	21150	20955	21135	26028	24780	0
2019-06-05	21185	21195	20995	21045	21204	24746	0
2019-06-06	20865	20910	20525	20770	36030	24962	0
2019-06-10	20670	21045	20515	20955	29326	25166	0
2019-06-11	20945	21205	20805	21205	59372	23274	0
2019-06-12	21110	21465	21050	21295	37416	23300	0
2019-06-13	21515	21580	21220	21375	47794	23212	0
2019-06-14	21450	21450	21250	21310	41634	22734	0
2019-06-17	21410	21685	21250	21255	61106	21424	0
2019-06-18	21365	21365	21090	21215	43828	21624	0
2019-06-19	21530	21900	21530	21775	58476	21818	0
2019-06-20	21710	21860	21575	21725	65068	18426	0
2019-06-21	21710	21710	21360	21500	84304	16858	0
2019-06-24	21485	21615	21415	21450	53548	18310	0
2019-06-25	21390	21575	21355	21570	35872	17172	0
2019-06-26	21460	21855	21460	21775	51568	16460	0
2019-06-27	22070	22085	21805	21915	56514	16424	0
2019-06-28	21905	21945	21805	21850	38244	15612	0
2019-07-01	22200	22485	22160	22365	47128	15640	0
2019-07-02	22060	22275	22000	22275	38618	15838	0
2019-07-03	22110	22165	22050	22080	27150	15600	0
2019-07-04	22145	22180	22005	22055	10340	15456	0
2019-07-05	22140	22255	22120	22190	6842	15818	0
2019-07-08	22145	22195	22000	22195	11008	16794	0
2019-07-09	22095	22095	21280	21295	32498	16800	0
2019-07-10	21015	21405	20980	21310	45928	16428	0
2019-07-11	21400	21445	21175	21260	17960	16530	0
2019-07-12	21175	21280	20985	21215	18758	15802	0
2019-07-15	21160	21360	21155	21350	8200	16682	0
2019-07-16	21325	21390	21280	21315	10126	17652	0
2019-07-17	21290	21430	21135	21355	12630	17970	0
2019-07-18	21290	21360	21215	21360	9462	18174	0
2019-07-19	21230	21330	21125	21230	8768	18148	0
2019-07-22	21375	21620	21320	21390	14200	18540	0
2019-07-23	21420	21490	21215	21235	7426	19094	0
2019-07-24	21235	21425	21235	21415	5432	19110	0
2019-07-25	21440	21455	21310	21450	5722	19436	0
2019-07-26	21520	21545	21440	21515	8422	19636	0
2019-07-29	21540	21645	21255	21425	8708	19934	0
2019-07-30	21420	21485	21380	21440	4084	19596	0
2019-07-31	21360	21425	21265	21305	9394	15812	0
2019-08-01	21355	21400	21275	21335	9320	18662	0
2019-08-02	21290	21290	20555	20915	14542	19158	0
2019-08-05	20795	20795	20230	20395	19274	20388	0
2019-08-06	20550	20550	20365	20505	16004	18168	0
2019-08-07	20465	20525	20340	20390	18438	20916	0
2019-08-08	20250	20475	20250	20345	19454	21450	0
2019-08-09	20500	20520	20285	20345	15172	20894	0
2019-08-12	20370	20420	20320	20380	18060	21078	0
2019-08-13	20365	20425	20360	20410	15862	20002	0
2019-08-14	20775	20775	20580	20660	26878	20368	0
2019-08-15	20550	20585	20465	20510	12536	20774	0
2019-08-16	20520	20575	20485	20515	15252	22604	0
2019-08-19	20600	20635	20550	20600	19462	22448	0
2019-08-20	20605	20605	20535	20565	12642	19914	0
2019-08-21	20530	20530	20355	20400	15024	20328	0
2019-08-22	20495	20595	20460	20555	8564	20588	0
2019-08-23	20485	20485	20415	20435	9612	22544	0
2019-08-26	20370	20370	19965	20100	16844	22972	0
2019-08-27	20135	20215	20125	20190	9688	21804	0
2019-08-28	20310	20320	20205	20320	10004	21702	0
2019-08-29	20345	20390	20160	20205	19312	22796	0
2019-08-30	20305	20350	20245	20310	13802	22424	0
2019-09-02	20390	20400	20175	20190	17702	22596	0
2019-09-03	20180	20345	20110	20300	18852	22526	0
2019-09-04	20280	20430	20255	20415	15028	22064	0
2019-09-05	20385	20585	20375	20465	23440	22076	0
2019-09-06	20635	21195	20635	20840	59702	22198	0
2019-09-09	20790	20870	20775	20820	15558	21184	0
2019-09-10	20985	21175	20905	21110	20530	22414	0
2019-09-11	21015	21145	21010	21100	16644	23082	0
2019-09-12	21085	21300	21085	21250	15270	24212	0
2019-09-16	21555	21900	21260	21310	8664	23176	0
2019-09-17	21330	21395	21110	21235	10904	23434	0
2019-09-18	20890	20990	20780	20850	13626	22924	0
2019-09-19	20820	20875	20760	20760	12680	22416	0
2019-09-20	20820	20935	20730	20935	12430	23654	0
2019-09-23	20895	20895	20760	20815	14904	26998	0
2019-09-24	20845	20850	20535	20535	12410	25500	0
2019-09-25	20505	20580	20495	20510	10096	23352	0
2019-09-26	20470	20485	20380	20395	6100	22920	0
2019-09-27	19945	20125	19805	20110	19394	21384	0
2019-09-30	20190	20190	19900	20055	11050	21726	0
2019-10-08	20010	20260	20010	20115	6508	23108	0
2019-10-09	20265	20360	20200	20335	12576	24082	0
2019-10-10	20355	20450	20335	20435	10342	25254	0
2019-10-11	20385	20430	20350	20400	6730	26152	0
2019-10-14	20620	20945	20620	20795	20372	26974	0
2019-10-15	20660	20660	20540	20605	13412	28076	0
2019-10-16	20735	20775	20540	20585	13552	30238	0
2019-10-17	20475	20660	20460	20575	17226	32102	0
2019-10-18	20665	20685	20500	20595	10370	31378	0
2019-10-21	20535	20695	20425	20430	17644	31998	0
2019-10-22	20475	20505	20300	20480	11728	29766	0
2019-10-23	20460	20550	20435	20520	15474	29538	0
2019-10-24	20600	20695	20550	20695	12190	28238	0
2019-10-25	20700	20905	20645	20840	17252	27702	0
2019-10-28	20845	21180	20800	20985	25372	28032	0
2019-10-29	21005	21160	20915	21060	16282	26236	0
2019-10-30	21085	21150	20990	21100	20806	24438	0
2019-10-31	21140	21340	21085	21150	18244	25856	0
2019-11-01	21085	21135	20960	21080	13782	24554	0
2019-11-04	21150	21195	20960	20960	18156	26096	0
2019-11-05	20980	21160	20950	21110	16018	23962	0
2019-11-06	21120	21155	21045	21125	14426	23706	0
2019-11-07	21150	21155	20930	20980	16978	22228	0
2019-11-08	21085	21150	20960	20995	16974	21114	0
2019-11-11	20985	20985	20610	20635	17012	20944	0
2019-11-12	20575	20655	20455	20600	14884	20474	0
2019-11-13	20645	20925	20580	20910	11382	19886	0
2019-11-14	20910	21085	20855	21050	15400	20560	0
2019-11-15	21160	21195	20930	21005	19340	19452	0
2019-11-18	21015	21120	20945	20950	22468	19792	0
2019-11-19	20935	20950	20665	20710	12166	18720	0
2019-11-20	20710	20885	20685	20865	15190	19764	0
2019-11-21	20865	20940	20520	20645	15160	18734	0
2019-11-22	20610	20705	20555	20555	13838	20870	0
2019-11-25	20550	20695	20510	20655	15830	19510	0
2019-11-26	20630	20970	20605	20870	22448	18528	0
2019-11-27	20860	20915	20755	20800	12454	17748	0
2019-11-28	20845	20895	20660	20695	24276	14678	0
2019-11-29	20725	20835	20710	20835	20250	6896	0
2019-12-02	20655	20925	20635	20825	7182	6304	0
2019-12-03	20855	20945	20745	20820	7820	8374	0
2019-12-04	20795	20865	20750	20825	15338	12300	0
2019-12-05	20865	20995	20835	20990	9944	13496	0
2019-12-06	20955	21215	20930	21205	10422	14312	0
2019-12-09	21180	21245	21135	21180	12680	15200	0
2019-12-10	21130	21150	21075	21135	13040	16210	0
2019-12-11	21120	21240	21095	21115	15228	16314	0
2019-12-12	21155	21295	21110	21270	8854	16118	0
2019-12-13	21245	21460	21185	21350	13602	16980	0
2019-12-16	21385	21405	21165	21340	9136	16832	0
2019-12-17	21350	21400	21280	21350	12650	16228	0
2019-12-18	21370	21400	21250	21300	12302	15750	0
2019-12-19	21300	21420	21255	21400	9786	15926	0
2019-12-20	21420	21450	21350	21395	9600	15774	0
2019-12-23	21415	21490	21295	21340	14238	15380	0
2019-12-24	21355	21435	21340	21375	5590	15224	0
2019-12-25	21375	21405	21280	21310	10054	15372	0
2019-12-26	21275	21440	21275	21400	7754	15222	0
2019-12-27	21400	21695	21380	21640	28074	15148	0
2019-12-30	21620	22265	21590	22105	31572	16434	0
2019-12-31	22120	22175	21965	22060	16366	16118	0
2020-01-02	22100	22345	21845	21945	10871	8069	0
2020-01-03	21960	22120	21875	21955	8997	8355	0
2020-01-06	21895	22060	21740	21995	10800	8834	0
2020-01-07	21990	22185	21980	22170	12448	8241	0
2020-01-08	22130	22170	21960	22145	9600	8721	0
2020-01-09	22155	22355	22120	22230	11755	8340	0
2020-01-10	22285	22310	22140	22220	8893	8287	0
2020-01-13	22260	22415	22215	22385	7842	8559	0
2020-01-14	22365	22420	21995	22125	13552	8038	0
2020-01-15	22140	22195	21855	21880	11219	8047	0
2020-01-16	21845	22050	21845	22020	9112	7626	0
2020-01-17	21990	22090	21930	22055	7463	7483	0
2020-01-20	22125	22205	21995	22010	10719	7429	0
2020-01-21	22030	22155	21755	21810	14225	6987	0
2020-01-22	21835	21835	21050	21700	13682	6152	0
2020-01-23	21675	21710	21290	21390	11859	6019	0
2020-02-03	20645	20805	20050	20080	5534	6480	0
2020-02-04	19945	20630	19925	20390	13872	7191	0
2020-02-05	20490	20925	20395	20840	10854	7419	0
2020-02-06	20795	21210	20680	21070	12015	7787	0
2020-02-07	21045	21130	21000	21080	5259	7978	0
2020-02-10	21005	21110	21005	21090	7137	8487	0
2020-02-11	21090	21230	21080	21155	7019	8605	0
2020-02-12	21165	21220	20895	21140	8142	8657	0
2020-02-13	21220	21220	21020	21105	8527	8688	0
2020-02-14	21100	21100	20875	20935	9151	8797	0
2020-02-17	20940	21760	20940	21615	19896	9958	0
2020-02-18	21480	21485	21130	21250	15136	9466	0
2020-02-19	21305	21410	21270	21340	9008	9599	0
2020-02-20	21395	21435	21275	21345	8420	9331	0
2020-02-21	21340	21400	21265	21280	10537	9373	0
2020-02-24	21255	21275	20730	21030	14446	9539	0
2020-02-25	20980	21130	20820	21100	14529	9467	0
2020-02-26	20960	21025	20860	20870	8852	9280	0
2020-02-27	20800	20870	20690	20705	11320	9360	0
2020-02-28	20400	20510	20020	20210	18036	9664	0
2020-03-02	20300	20685	20205	20620	16892	9834	0
2020-03-03	20720	21190	20720	20805	17001	9740	0
2020-03-04	20640	20770	20630	20765	14518	9323	0
2020-03-05	20700	21170	20700	21030	15495	9072	0
2020-03-06	20970	21015	20755	20830	10505	8873	0
2020-03-09	20205	20535	20080	20290	9948	8895	0
2020-03-10	20380	20660	20365	20595	10829	8948	0
2020-03-11	20585	20665	20380	20400	9151	8915	0
2020-03-12	20360	20440	20090	20220	12792	8804	0
2020-03-13	19915	20015	19480	19660	14169	8362	0
2020-03-16	19635	19695	19340	19340	10446	8436	0
2020-03-17	19335	19510	19310	19370	8144	8384	0
2020-03-18	19290	19565	19165	19250	7917	8185	0
2020-03-19	19195	19250	18640	18645	2410	8252	0
2020-03-20	18730	18800	18080	18480	11203	8016	0
2020-03-23	17910	18040	17680	17680	2572	8496	0
2020-03-24	17890	17890	16985	17535	13181	7872	0
2020-03-25	17940	18255	17605	18250	12638	8121	0
2020-03-26	17960	18320	17710	17805	15153	7496	0
2020-03-27	17870	18235	17780	18060	10641	7197	0
2020-03-30	17765	17795	17320	17650	9420	6559	0
2020-03-31	17780	18320	17780	17940	9559	3700	0
2020-04-01	17880	18205	17880	17995	4291	4400	0
2020-04-02	17900	18255	17600	18245	6634	4756	0
2020-04-03	18055	18560	17985	18095	7634	4619	0
2020-04-07	18280	18765	18280	18650	4920	5381	0
2020-04-08	18695	19305	18520	18905	10926	6627	0
2020-04-09	18880	19100	18880	19060	10795	6588	0
2020-04-10	19015	19210	18910	19025	7371	6745	0
2020-04-13	19130	19185	18770	18910	6144	6816	0
2020-04-14	18890	19090	18820	18895	4465	6922	0
2020-04-15	19070	19070	18865	18925	4464	7040	0
2020-04-16	18880	18990	18735	18810	4890	6994	0
2020-04-17	18805	18955	18720	18745	6279	7197	0
2020-04-20	18650	18795	18645	18690	6777	7649	0
2020-04-21	18740	18790	18220	18220	6572	7819	0
2020-04-22	18140	18400	17755	18295	7713	7684	0
2020-04-23	18580	19025	18580	18920	10064	7663	0
2020-04-24	18890	18890	18555	18640	5412	7651	0
2020-04-27	18645	18840	18510	18520	5372	7431	0
2020-04-28	18480	18585	18310	18435	5665	7478	0
2020-04-29	18715	18715	18475	18475	2869	6969	0
2020-04-30	18560	18745	18550	18745	3444	6756	0
2020-05-06	18605	18605	18265	18450	5587	6741	0
2020-05-07	18440	18845	18440	18810	6603	7237	0
2020-05-08	18980	19035	18860	18925	7222	7437	0
2020-05-11	18960	19035	18845	18895	5655	7644	0
2020-05-12	18970	18970	18775	18805	5887	7486	0
2020-05-13	18815	18890	18705	18840	8084	7485	0
2020-05-14	18830	18830	18710	18750	5338	7706	0
2020-05-15	18785	18975	18785	18955	9166	7938	0
2020-05-18	19020	19335	18975	19200	12863	8283	0
2020-05-19	19200	19510	19175	19360	11692	8557	0
2020-05-20	19500	19660	19305	19340	10438	9081	0
2020-05-21	19330	19430	19260	19360	7933	9001	0
2020-05-22	19355	19355	19070	19160	11679	8423	0
2020-05-25	19165	19330	19050	19330	7300	8323	0
2020-05-26	19355	19400	19290	19390	6110	8313	0
2020-05-27	19475	19515	19310	19340	6088	8214	0
2020-05-28	19220	19365	19220	19350	5071	8224	0
2020-05-29	19165	19230	19135	19145	3005	8343	0
2020-06-01	19070	19395	19070	19315	8264	8331	0
2020-06-02	19450	19550	19360	19360	6497	8554	0
2020-06-03	19385	19525	19375	19465	6039	8823	0
2020-06-04	19330	19445	19320	19395	5699	8802	0
2020-06-05	19400	19670	19400	19545	11518	9205	0
2020-06-08	19565	19765	19475	19475	10454	9098	0
2020-06-09	19515	19680	19490	19600	5773	9267	0
2020-06-10	19545	19600	19495	19525	6913	9014	0
2020-06-11	19570	19575	19345	19465	8049	8702	0
2020-06-12	19355	19385	19230	19330	8509	8579	0
2020-06-15	19405	19405	19020	19020	8613	8477	0
2020-06-16	19115	19220	19115	19155	6320	8529	0
2020-06-17	19190	19220	19105	19185	4787	8355	0
2020-06-18	19255	19310	19235	19280	4450	8272	0
2020-06-19	19265	19320	19225	19295	5454	8225	0
2020-06-22	19275	19275	19100	19105	5230	8170	0
2020-06-23	19120	19145	19035	19060	6325	8106	0
2020-06-24	19070	19090	18990	19030	4207	8240	0
2020-06-30	19060	19150	18995	19010	5820	8454	0
2020-07-01	19050	19180	19050	19095	5953	8557	0
2020-07-02	19190	19240	19165	19185	7588	8622	0
2020-07-03	19195	19330	19195	19280	9647	8653	0
2020-07-06	19255	19440	19250	19440	8834	8627	0
2020-07-07	19400	19405	19220	19285	8321	8555	0
2020-07-08	19315	19380	19275	19320	5772	8315	0
2020-07-09	19415	19525	19405	19500	9855	7990	0
2020-07-10	19420	19485	19390	19425	12331	7905	0
2020-07-13	19525	19570	19480	19550	10175	8143	0
2020-07-14	19510	19510	19300	19335	10332	7962	0
2020-07-15	19435	19465	19360	19415	8909	7863	0
2020-07-16	19375	19385	19265	19330	8993	7700	0
2020-07-17	19380	19445	19270	19310	6175	7820	0
2020-07-20	19250	19305	19075	19270	6065	7890	0
2020-07-21	19225	19360	19225	19310	6718	7807	0
2020-07-22	19335	19585	19155	19235	14772	8026	0
2020-07-23	19205	19320	19045	19070	8167	8129	0
2020-07-24	19190	19190	18905	18935	7958	8264	0
2020-07-27	18950	19090	18850	19035	7532	8225	0
2020-07-28	18985	19095	18985	19015	4559	8198	0
2020-07-29	18990	19085	18955	19060	5884	7977	0
2020-07-30	19060	19325	19060	19250	10325	7450	0
2020-07-31	18980	19100	18945	19045	8854	5598	0
2020-08-03	19015	19335	18965	19140	6351	4679	0
2020-08-04	19325	19330	19105	19160	6765	5978	0
2020-08-05	19030	19055	18785	18830	7610	6870	0
2020-08-06	18900	19255	18770	19250	8223	7386	0
2020-08-07	19375	19455	19235	19275	7094	7822	0
2020-08-10	19280	19480	19220	19480	7023	7893	0
2020-08-11	19445	19595	19440	19540	4027	7933	0
2020-08-12	19630	19695	19500	19690	9093	8046	0
2020-08-13	19605	19660	19510	19610	6347	8125	0
2020-08-14	19660	19690	19530	19560	5946	8129	0
2020-08-17	19525	19630	19500	19585	6121	8089	0
2020-08-18	19580	19645	19570	19640	5103	8228	0
2020-08-19	19605	19640	19390	19390	11896	8748	0
2020-08-20	19475	19525	19395	19480	4864	8731	0
2020-08-21	19455	19545	19395	19415	4870	8958	0
2020-08-24	19360	19445	19355	19385	5623	9284	0
2020-08-25	19445	19495	19355	19360	9041	9440	0
2020-08-26	19290	19510	19280	19475	7370	9468	0
2020-08-27	19390	19465	19380	19380	5085	9503	0
2020-08-28	19445	19540	19405	19520	5287	9606	0
2020-08-31	19515	19630	19480	19540	7803	9912	0
2020-09-01	19625	19655	19550	19650	7065	9652	0
2020-09-02	19680	19725	19655	19690	6826	9912	0
2020-09-03	19575	19590	19465	19465	8064	9964	0
2020-09-04	19490	19520	19425	19510	9366	9654	0
2020-09-07	19495	19495	19495	19495	6217	9817	0
2020-09-08	19510	19675	19510	19630	6957	9958	0
2020-09-09	19320	19385	19040	19095	13918	10384	0
2020-09-10	19245	19355	19220	19340	9958	10114	0
2020-09-11	19270	19355	19240	19295	8858	9994	0
2020-09-14	19345	19545	19290	19485	8334	9711	0
2020-09-15	19555	19705	19530	19655	8000	9272	0
2020-09-16	19610	19720	19575	19705	4930	9101	0
2020-09-17	19635	19690	19600	19625	6559	9228	0
2020-09-18	19560	19725	19550	19660	6884	9182	0
2020-09-21	19690	19810	19625	19810	5943	9210	0
2020-09-22	19620	19805	19430	19805	8883	9148	0
2020-09-23	19685	19725	19410	19540	7740	9339	0
2020-09-24	19585	19610	19425	19450	7502	9190	0
2020-09-25	19520	19600	19475	19485	7267	9035	0
2020-09-28	19615	19645	19535	19585	5563	8880	0
2020-09-29	19415	19495	19345	19400	6011	8901	0
2020-09-30	19425	19560	19375	19440	5213	8832	0
2020-10-09	19715	19990	19670	19990	5641	8542	0
2020-10-12	20085	21010	20085	20730	19860	9803	0
2020-10-13	20780	21045	20625	20910	11294	9858	0
2020-10-14	20950	21370	20875	21350	14892	10678	0
2020-10-15	21280	21495	21195	21400	17634	11418	0
2020-10-16	21410	21810	21410	21695	23548	11678	0
2020-10-19	22230	22230	22230	22230	35197	12904	0
2020-10-20	22080	22140	21835	22025	29373	12607	0
2020-10-21	21910	21975	21615	21685	24543	12208	0
2020-10-22	21455	21590	21240	21385	22684	11509	0
2020-10-23	21535	21580	21225	21265	18499	11271	0
2020-10-26	21315	21315	21315	21315	15707	11281	0
2020-10-27	21350	21385	21230	21375	20717	11039	0
2020-10-28	21450	21450	21450	21450	31147	11172	0
2020-10-29	21220	21270	20905	21190	21023	10792	0
2020-10-30	21085	21225	21025	21095	24268	10921	0
2020-11-02	20770	20770	20770	20770	19039	10774	0
2020-11-03	20810	20890	20525	20530	18710	10836	0
2020-11-04	20560	20770	20520	20695	19673	11063	0
2020-11-05	20565	20735	20555	20610	11178	11044	0
2020-11-06	20575	20590	20320	20495	18594	10718	0
2020-11-09	20635	20635	20635	20635	17682	10275	0
2020-11-10	20715	20820	20670	20755	14692	10716	0
2020-11-11	20735	20940	20690	20800	16979	10505	0
2020-11-12	20635	20645	20515	20540	13576	10510	0
2020-11-13	20535	20560	20345	20465	12142	10329	0
2020-11-16	20590	20590	20590	20590	13902	10219	0
2020-11-17	20590	20725	20560	20725	14506	9942	0
2020-11-18	20775	20775	20365	20405	13395	10031	0
2020-11-19	20440	20695	20410	20620	13081	9341	0
2020-11-20	20830	20910	20655	20730	13876	9362	0
2020-11-23	20720	20870	20670	20765	10056	9099	0
2020-11-24	20805	20910	20755	20870	12180	9555	0
2020-11-25	20785	20820	20565	20580	12360	9670	0
2020-11-26	20590	20615	20445	20555	9830	9526	0
2020-11-27	20545	20785	20535	20785	11425	8681	0
2020-11-30	20865	21030	20700	20905	14655	7048	0
2020-12-01	20840	21015	20760	20950	6171	7089	0
2020-12-02	20905	20920	20805	20890	5328	6644	0
2020-12-03	20855	20900	20785	20800	4932	7259	0
2020-12-04	20805	20810	20570	20630	9816	8260	0
2020-12-07	20825	21120	20765	21090	11190	8907	0
2020-12-08	21135	21360	21135	21160	13192	9323	0
2020-12-09	21105	21200	21025	21080	7053	9249	0
2020-12-10	21130	21250	20970	20980	8534	9189	0
2020-12-11	21055	21270	21035	21245	12685	8982	0
2020-12-14	21365	21365	21365	21365	8968	8811	0
2020-12-15	21270	21350	21190	21240	11752	8517	0
2020-12-16	21425	21545	21365	21530	9614	8680	0
2020-12-17	21470	21520	21455	21475	7344	8625	0
2020-12-18	21625	21690	21550	21615	10827	8912	0
2020-12-21	21535	21785	21490	21755	13424	8898	0
2020-12-22	21515	21625	21105	21105	11974	8604	0
2020-12-23	21120	21255	21015	21130	13181	8278	0
2020-12-24	21410	21410	21410	21410	11604	8344	0
2020-12-25	21470	21590	21440	21575	9154	8308	0
2020-12-28	21555	21555	21555	21555	9257	8238	0
2020-12-29	21585	21600	21290	21315	10452	8235	0
2020-12-30	21370	21655	21370	21610	11497	8313	0
2020-12-31	21685	21815	21645	21695	7418	8302	0
2021-01-04	21675	22205	21590	22190	12516	9574	0
2021-01-05	22285	22285	21995	22100	16539	9750	0
2021-01-06	22225	22320	22155	22285	17195	9950	0
2021-01-07	22305	22530	22250	22510	20036	10084	0
2021-01-08	22435	22530	22190	22250	13872	9974	0
2021-01-11	22075	22335	22040	22040	15053	9955	0
2021-01-12	21940	22125	21940	22010	16162	9516	0
2021-01-13	22050	22255	22050	22190	11223	9661	0
2021-01-14	22115	22115	21700	21725	14369	9963	0
2021-01-15	21840	21975	21670	21690	12169	9731	0
2021-01-18	21830	22080	21790	22075	11439	8590	0
2021-01-19	22030	22250	21950	22140	12994	8714	0
2021-01-20	22175	22210	21855	21950	13560	8580	0
2021-01-21	22030	22255	22025	22245	9823	8427	0
2021-01-22	22230	22235	22015	22135	22978	8142	0
2021-01-25	21905	21905	21905	21905	15077	8384	0
2021-01-26	21970	21985	21495	21535	17045	9113	0
2021-01-27	21680	21860	21570	21810	20476	8736	0
2021-01-28	21635	21660	21465	21485	13476	8788	0
2021-01-29	21715	21715	21450	21545	17497	8467	0
2021-02-01	21680	21900	21640	21825	12131	8368	0
2021-02-02	21745	21805	21635	21670	14992	7578	0
2021-02-03	21740	21770	21620	21685	15334	7561	0
2021-02-04	21785	22155	21725	22055	10258	7688	0
2021-02-05	22195	22460	22190	22460	9832	7831	0
2021-02-08	22415	22500	22225	22460	12390	7464	0
2021-02-09	22360	22595	22360	22540	8742	7054	0
2021-02-10	22610	22660	22385	22645	12600	7034	0
2021-02-18	22745	23230	22745	23145	9267	7601	0
2021-02-19	23445	23450	22980	23380	12766	8357	0
2021-02-22	23315	24145	23315	23870	10760	8728	0
2021-02-23	23835	24435	23790	23795	14189	8847	0
2021-02-24	23720	23870	23550	23585	12111	8180	0
2021-02-25	23945	24605	23945	24085	16349	8055	0
2021-02-26	23910	23910	23485	23860	19878	7913	0
2021-03-01	23870	24480	23870	24370	13559	7767	0
2021-03-02	24880	24880	23955	24405	38855	8443	0
2021-03-03	24285	24550	24205	24240	14382	7751	0
2021-03-04	23965	24170	23720	23805	12268	7094	0
2021-03-05	23925	23925	23605	23745	9879	6490	0
2021-03-08	23865	24300	23865	23905	9769	6312	0
2021-03-09	23765	23860	23390	23485	7624	6005	0
2021-03-10	23260	23275	22875	23120	8469	5557	0
2021-03-11	23220	23580	23100	23485	4668	5534	0
2021-03-12	23660	23725	23430	23490	4223	5530	0
2021-03-15	23255	23255	23255	23255	3664	5502	0
2021-03-16	23220	23310	23060	23105	3301	5290	0
2021-03-17	23110	23360	23075	23290	2892	5474	0
2021-03-18	23205	23425	23140	23250	2506	5424	0
2021-03-19	23225	23305	22600	22620	4821	5299	0
2021-03-22	22610	22790	22465	22550	3316	5456	0
2021-03-23	22435	22690	22435	22495	3543	5476	0
2021-03-24	22315	22430	21950	22040	5361	5488	0
2021-03-25	22165	22305	21610	21765	6371	5369	0
2021-03-26	21615	21690	21120	21490	11603	5622	0
2021-03-29	21550	21855	21450	21820	8734	5224	0
2021-03-30	21925	22570	21890	22515	12414	4936	0
2021-03-31	22495	22745	22135	22165	12728	4586	0
2021-04-01	22260	22335	21875	21905	9089	3357	0
2021-04-02	21925	22360	21890	22260	5357	3279	0
2021-04-06	22135	22505	22135	22415	3864	3832	0
2021-04-07	22450	22550	22240	22285	4655	4392	0
2021-04-08	22195	22325	22105	22245	4245	4901	0
2021-04-09	22290	22430	22190	22430	6549	5677	0
2021-04-12	22485	22610	22030	22305	11560	6391	0
2021-04-13	22345	22405	22060	22165	9507	6573	0
2021-04-14	22185	22355	22130	22290	7250	6629	0
2021-04-15	22410	22760	22380	22655	10269	7265	0
2021-04-16	22620	22920	22565	22845	9051	7547	0
2021-04-19	22795	22840	22615	22825	7223	7637	0
2021-04-20	22905	22980	22725	22885	7027	7845	0
2021-04-21	22890	22895	22640	22845	6471	7701	0
2021-04-22	22785	23120	22745	23030	10377	7818	0
2021-04-23	22920	23480	22885	23390	11894	8034	0
2021-04-26	23390	23515	23190	23260	11532	8014	0
2021-04-27	23380	23515	23230	23485	11154	8304	0
2021-04-28	23440	23875	23425	23695	15405	8450	0
2021-04-29	23605	23795	23595	23610	8845	8550	0
2021-04-30	23715	23720	23075	23205	11694	7857	0
2021-05-06	23385	23500	23180	23415	7000	7993	0
2021-05-07	23460	23820	23455	23625	15929	8311	0
2021-05-10	23605	23780	23490	23700	9533	8358	0
2021-05-11	23755	23815	23440	23755	8776	8149	0
2021-05-12	23845	24320	23795	24190	18270	9319	0
2021-05-13	24115	24195	23555	23750	11241	8420	0
2021-05-14	23715	23750	23295	23520	7317	8035	0
2021-05-17	23580	23665	23395	23485	7192	7923	0
2021-05-18	23540	23650	23475	23610	6587	8023	0
2021-05-19	23610	23635	23405	23445	8313	7831	0
2021-05-20	23345	23815	23205	23780	11958	7884	0
2021-05-21	23650	24000	23425	23895	14835	7713	0
2021-05-24	23935	23970	23315	23485	11271	7689	0
2021-05-25	23400	23550	23375	23440	6665	7719	0
2021-05-26	23395	23515	23200	23360	7832	7997	0
2021-05-27	23345	23420	23035	23060	7465	8030	0
2021-05-28	23155	23380	23085	23205	7083	7945	0
2021-05-31	23170	23280	23085	23210	6460	7962	0
2021-06-01	23235	23320	23165	23315	4215	7770	0
2021-06-02	23460	23580	23385	23470	9818	7720	0
2021-06-03	23505	23725	23390	23715	9756	7800	0
2021-06-04	23670	23720	23480	23695	7625	7800	0
2021-06-07	23760	23850	23585	23715	12407	8176	0
2021-06-08	23735	23785	23550	23785	9246	8347	0
2021-06-09	23795	23945	23720	23890	12643	8725	0
2021-06-10	23890	23905	23620	23655	9531	7987	0
2021-06-11	23710	24030	23705	23855	12612	8511	0
2021-06-15	23615	23735	23295	23440	8968	7672	0
2021-06-16	23520	23635	23425	23440	7786	8043	0
2021-06-17	23460	23550	23325	23430	8637	7850	0
2021-06-18	23355	23355	23050	23135	9890	7829	0
2021-06-21	23150	23445	23145	23215	9033	8015	0
2021-06-22	23210	23330	23120	23255	7373	8078	0
2021-06-23	23275	23600	23270	23595	11259	8265	0
2021-06-24	23620	23670	23580	23660	10694	8283	0
2021-06-25	23590	23730	23555	23715	10199	8732	0
2021-06-28	23655	23775	23585	23775	13814	8484	0
2021-06-29	23850	23910	23570	23815	12503	9064	0
2021-06-30	23825	23905	23645	23735	8617	8786	0
2021-07-01	23720	23775	23555	23695	7242	8692	0
2021-07-02	23820	24080	23810	24070	13016	9564	0
2021-07-05	24010	24320	23945	24225	10813	9771	0
2021-07-06	24280	24445	24160	24400	9726	9827	0
2021-07-07	24440	24480	23965	24260	11835	9726	0
2021-07-08	24250	24380	24160	24230	9117	9859	0
2021-07-09	24160	24185	24015	24120	6797	9336	0
2021-07-12	24230	24410	24205	24230	6601	9480	0
2021-07-13	24255	24500	24220	24475	4719	9841	0
2021-07-14	24425	24715	24360	24630	6832	9828	0
2021-07-15	24720	24860	24665	24760	7412	9958	0
2021-07-16	24765	24850	24585	24765	7545	9964	0
2021-07-19	24780	24815	24535	24575	8799	9676	0
2021-07-20	24380	24650	24305	24650	7079	9960	0
2021-07-21	24650	24815	24595	24635	6399	9879	0
2021-07-22	24695	25380	24665	25275	12089	11095	0
2021-07-23	25280	26060	25275	25810	16669	11442	0
2021-07-26	25810	26005	25555	25805	11952	10713	0
2021-07-27	25820	27315	25705	27170	44357	13304	0
2021-07-28	27230	27500	26870	27180	47593	13244	0
2021-07-29	27165	27385	27010	27165	26520	11811	0
2021-07-30	27180	27260	26405	26670	26233	8334	0
2021-08-02	26605	26955	26325	26805	15837	8418	0
2021-08-03	26805	27145	26480	26490	19764	9566	0
2021-08-04	26410	26740	26385	26620	11917	9991	0
2021-08-05	26585	26695	26400	26420	11041	10236	0
2021-08-06	26460	27020	26360	26965	14982	11671	0
2021-08-09	27010	27100	26735	26735	14280	11666	0
2021-08-10	26660	26950	26605	26850	8852	11055	0
2021-08-11	26940	26950	26665	26745	7897	10514	0
2021-08-12	26725	26760	26540	26550	5767	10098	0
2021-08-13	26510	26690	26230	26535	11095	9892	0
2021-08-16	26460	26665	26415	26625	7328	9756	0
2021-08-17	26680	27085	26620	26645	15696	10247	0
2021-08-18	26625	26925	26575	26630	6988	9980	0
2021-08-19	26735	26750	26250	26580	9824	9449	0
2021-08-20	26330	26330	25580	25730	13770	10022	0
2021-08-23	25715	26160	25650	26110	9442	9677	0
2021-08-24	26110	26110	25475	25535	9591	9663	0
2021-08-25	25645	25880	25645	25785	7197	9801	0
2021-08-26	25755	25955	25560	25695	9998	9897	0
2021-08-27	25715	25795	25395	25515	9651	9765	0
2021-08-30	25605	25620	24945	25030	16885	11123	0
2021-08-31	24985	25165	24735	24775	10750	11074	0
2021-09-01	24825	24875	24535	24565	9499	11820	0
2021-09-02	24590	24915	24435	24845	13883	13208	0
2021-09-03	24975	25500	24935	25455	12993	12378	0
2021-09-06	25385	25505	25290	25360	10387	12039	0
2021-09-07	25375	25490	25190	25445	8069	12248	0
2021-09-08	25355	25775	25345	25660	14484	12324	0
2021-09-09	25675	25850	25600	25605	15937	12379	0
2021-09-10	25595	25635	24760	24935	19144	12779	0
2021-09-13	25125	25125	24500	24595	13825	12900	0
2021-09-14	24655	24765	24580	24680	10346	12992	0
2021-09-15	24700	24945	24510	24870	10811	12464	0
2021-09-16	24925	25140	24825	25085	12907	12136	0
2021-09-17	24995	25175	24660	24750	11376	12061	0
2021-09-22	24265	24580	24235	24545	8426	12033	0
2021-09-23	24620	24700	24160	24270	10474	12263	0
2021-09-24	24355	24780	24255	24755	12656	12454	0
2021-09-27	24775	25985	24765	25690	27167	12067	0
2021-09-28	25700	26515	25590	26410	22560	11806	0
2021-09-29	26480	26925	26170	26720	28848	10584	0
2021-09-30	26865	27350	26805	27325	38443	9966	0
2021-10-08	29235	29240	29205	29240	1752	10197	0
2021-10-11	29490	29670	28340	29200	34943	9976	0
2021-10-12	28865	29180	28100	29155	27701	10524	0
2021-10-13	29045	29200	27645	28555	27501	10634	0
2021-10-14	28560	29170	28325	28785	31275	10247	0
2021-10-15	28945	30490	28905	30445	33635	12355	0
2021-10-18	30310	30435	28785	29480	39145	9910	0
2021-10-19	29415	29495	29065	29405	19763	9882	0
2021-10-20	29080	29400	28840	29080	24998	9116	0
2021-10-21	29115	29590	28715	28775	18353	9053	0
2021-10-22	28910	29050	28460	28930	18515	8725	0
2021-10-25	28995	29420	28640	29285	23464	9333	0
2021-10-26	29195	29220	28785	29005	11257	9068	0
2021-10-27	29030	29285	28700	28845	18241	8775	0
2021-10-28	28870	29455	28560	29235	29497	9149	0
2021-10-29	29415	29830	29130	29195	22711	9226	0
2021-11-01	29270	29675	29175	29560	19563	9859	0
2021-11-02	29680	29890	29240	29485	24404	9656	0
2021-11-03	29545	29560	28840	29160	18679	9399	0
2021-11-04	29160	29235	28925	28970	14932	9286	0
2021-11-05	29040	29250	28885	29075	15036	9207	0
2021-11-08	29015	29225	28315	29155	19878	8814	0
2021-11-09	29135	29185	28930	29010	9808	8640	0
2021-11-10	29135	29215	28885	29080	13514	8829	0
2021-11-11	29080	29325	28935	29020	13205	8676	0
2021-11-12	28950	29125	28815	28995	10483	8525	0
2021-11-15	28940	29350	28930	29310	13054	8725	0
2021-11-16	29225	29710	29205	29670	16211	9398	0
2021-11-17	29650	29735	29565	29625	13631	9691	0
2021-11-18	29625	29795	29595	29715	8441	9662	0
2021-11-19	29640	29685	29460	29670	11892	9630	0
2021-11-22	29570	29740	29495	29525	11228	9641	0
2021-11-23	29545	29580	29100	29100	14993	9283	0
2021-11-24	29155	29415	29050	29415	14771	9000	0
2021-11-25	29410	29415	29155	29230	11341	9034	0
2021-11-26	29215	29305	29160	29200	9833	9020	0
2021-11-29	29030	29105	28155	28245	24884	7378	0
2021-11-30	28335	28360	26935	27095	25053	5334	0
2021-12-01	27225	27820	26780	27445	10307	4529	0
2021-12-02	27330	27435	26885	27220	6785	4381	0
2021-12-03	27185	27355	27040	27160	5854	4168	0
2021-12-06	27365	27375	26950	27090	3919	4042	0
2021-12-07	27135	27550	26755	26770	3733	4150	0
2021-12-08	26785	26815	26295	26470	7177	4093	0
2021-12-09	26470	26725	26160	26305	4167	4160	0
2021-12-10	26135	26375	26065	26195	3047	4125	0
2021-12-13	26235	26515	26020	26035	4084	4289	0
2021-12-14	25945	26255	25860	25985	3694	4871	0
2021-12-15	26095	26360	25945	26240	3250	4940	0
2021-12-16	26185	26630	25925	26615	4020	4144	0
2021-12-17	26570	26995	26510	26990	3620	3775	0
2021-12-20	27010	27015	26620	26780	2533	3607	0
2021-12-21	26705	27030	26630	26995	3289	3140	0
2021-12-22	26975	27060	26860	26960	1910	2664	0
2021-12-23	26915	26990	26665	26935	2376	2689	0
2021-12-24	26925	27035	26865	26920	1196	2760	0
2021-12-27	26940	27005	26780	26885	1284	2748	0
2021-12-28	26905	27340	26860	27265	2827	2772	0
2021-12-29	27245	27265	27095	27125	2324	2610	0
2021-12-30	27220	27575	27155	27555	4005	3005	0
2021-12-31	27475	27790	27400	27770	2501	2928	0
2022-01-04	27825	27945	27700	27900	1701	2906	0
2022-01-05	27850	28175	27850	28090	3086	3088	0
2022-01-06	28110	28200	28030	28055	2088	3154	0
2022-01-07	28115	28475	28075	28455	2077	3432	0
2022-01-10	28410	28550	28360	28510	1280	3493	0
2022-01-11	28435	28500	28305	28420	1779	3583	0
2022-01-12	28485	28690	28390	28620	2473	4118	0
2022-01-13	28660	28850	28635	28805	2642	4431	0
2022-01-14	28815	28870	28515	28685	1859	4348	0
2022-01-17	28730	28955	28660	28935	2512	4732	0
2022-01-18	28820	28890	28535	28705	2863	4317	0
2022-01-19	28830	29145	28770	29125	2732	4535	0
2022-01-20	29165	29185	29005	29060	1471	4539	0
2022-01-21	29005	29185	28865	29060	2314	4463	0
2022-01-24	29050	29130	28845	28980	1739	4549	0
2022-01-25	29100	29110	28830	28940	1475	4500	0
2022-01-26	28860	29235	28815	28985	2597	4694	0
2022-01-27	29110	29180	28650	28895	3336	4464	0
2022-01-28	28855	28905	28715	28800	2127	4080	0
2022-02-07	29135	29530	29130	29255	2057	4376	0
2022-02-08	29375	29375	28950	28995	2513	4372	0
2022-02-09	29005	29125	28950	29010	2034	4691	0
2022-02-10	28995	29100	28920	29000	1666	4493	0
2022-02-11	29110	29255	29055	29075	2519	4466	0
2022-02-14	29185	29265	29045	29115	2040	4349	0
2022-02-15	29050	29060	28600	28710	3314	4153	0
2022-02-16	28690	28760	28435	28440	3903	4016	0
2022-02-17	28375	28560	28150	28455	3896	4126	0
2022-02-18	28425	28425	28215	28350	2391	4199	0
2022-02-21	28350	28575	28310	28325	1890	4107	0
2022-02-22	28280	28380	28245	28305	1572	4074	0
2022-02-23	28330	28435	28250	28385	924	4027	0
2022-02-24	28375	28605	28230	28605	2019	3994	0
2022-02-25	28645	28650	28025	28030	4317	3782	0
2022-02-28	27850	28140	27690	27755	2600	3781	0
2022-03-01	27790	28125	27685	28025	3366	3775	0
2022-03-02	28265	28630	28165	28490	3174	3569	0
2022-03-03	28425	28505	28100	28325	1776	3572	0
2022-03-04	28325	28355	28090	28150	2037	3595	0
2022-03-07	28225	28405	28090	28320	2300	3522	0
2022-03-08	28290	28570	28035	28555	3663	3205	0
2022-03-09	28275	28735	28245	28720	2998	3435	0
2022-03-10	28710	28710	28275	28450	2341	3412	0
2022-03-11	28475	28555	28390	28535	1683	3569	0
2022-03-14	28435	28545	28190	28205	2419	3309	0
2022-03-15	28280	28285	27755	27775	3570	3485	0
2022-03-16	27695	28185	27695	28160	2848	3181	0
2022-03-17	28165	28200	28005	28140	1571	3180	0
2022-03-18	28195	28415	28180	28375	1480	3096	0
2022-03-21	28490	28690	28345	28555	2663	3337	0
2022-03-22	28625	28820	28595	28755	2355	4008	0
2022-03-23	28755	28755	28470	28710	2110	4026	0
2022-03-24	28720	28720	28560	28600	1572	4092	0
2022-03-25	28685	28890	28660	28850	1664	4337	0
2022-03-28	28895	28985	28745	28815	2131	4226	0
2022-03-29	28590	28690	28430	28475	3100	4093	0
2022-03-30	28335	28505	28335	28440	3127	4229	0
2022-03-31	28360	28410	28215	28220	2829	4171	0
2022-04-01	28355	28490	28170	28275	2343	3889	0
2022-04-06	28445	28485	28215	28265	1359	3803	0
2022-04-07	28265	28290	27935	28005	2469	3938	0
2022-04-08	28050	28125	27780	27835	2556	3749	0
2022-04-11	27805	27835	27345	27415	3554	3310	0
2022-04-12	27255	27590	27175	27450	2652	3175	0
2022-04-13	27625	27725	27530	27580	2538	2713	0
2022-04-14	27695	27740	27555	27640	1394	2754	0
2022-04-15	27635	27750	27305	27750	2105	2749	0
2022-04-18	27765	27975	27765	27865	1450	2798	0
2022-04-19	27975	28050	27825	27985	1599	2752	0
2022-04-20	27845	27890	27480	27550	1845	2822	0
2022-04-21	27525	27650	27505	27650	1131	2795	0
2022-04-22	27700	27735	27555	27670	1323	2540	0
2022-04-25	27640	27685	27060	27060	2619	2631	0
2022-04-26	27090	27170	26835	26900	1682	2591	0
2022-04-27	27005	27075	26865	26945	1663	2444	0
2022-04-28	26985	27660	26920	27425	2529	2429	0
2022-04-29	27495	27700	27335	27660	2869	2433	0
2022-05-05	27710	28155	27700	27970	2094	2528	0
2022-05-06	27855	27915	27365	27490	2310	2380	0
2022-05-09	27495	27520	27170	27255	1473	2274	0
2022-05-10	27340	27460	27290	27345	1541	2331	0
2022-05-11	27405	27615	27340	27580	995	2358	0
2022-05-12	27505	27610	27435	27475	831	2331	0
2022-05-13	27590	27700	27455	27505	1352	2236	0
2022-05-16	27480	27570	27435	27570	1018	2093	0
2022-05-17	27600	27760	27490	27760	1203	2152	0
2022-05-18	27660	27680	27560	27590	608	2166	0
数据来源:通达信
