EBL9 苯乙烯指数 日线 前复权
      日期	    开盘	    最高	    最低	    收盘	    成交量	    持仓量	    结算价
2019-09-27	8024	8051	7886	7919	58286	29142	0
2019-09-30	7910	7955	7903	7941	18770	26302	0
2019-10-08	7916	7960	7891	7933	7772	26674	0
2019-10-09	7929	7982	7915	7927	16124	27734	0
2019-10-10	7939	7940	7824	7830	51316	30822	0
2019-10-11	7830	7861	7786	7818	31956	32278	0
2019-10-14	7818	7837	7752	7763	31792	38712	0
2019-10-15	7739	7742	7591	7645	66052	50980	0
2019-10-16	7654	7659	7491	7526	74658	58652	0
2019-10-17	7510	7517	7426	7475	80984	66278	0
2019-10-18	7484	7566	7465	7541	85522	62878	0
2019-10-21	7550	7576	7464	7489	53188	60834	0
2019-10-22	7457	7498	7427	7463	46986	64780	0
2019-10-23	7487	7495	7439	7446	36740	68698	0
2019-10-24	7442	7536	7437	7505	70196	68918	0
2019-10-25	7514	7523	7454	7455	30628	68002	0
2019-10-28	7458	7497	7413	7431	45492	72746	0
2019-10-29	7440	7455	7374	7384	50602	78392	0
2019-10-30	7381	7398	7328	7338	79686	95608	0
2019-10-31	7326	7354	7319	7326	47276	101076	0
2019-11-01	7322	7350	7246	7250	92156	111146	0
2019-11-04	7263	7320	7256	7313	63472	115124	0
2019-11-05	7329	7372	7309	7332	74280	110190	0
2019-11-06	7349	7361	7325	7331	40890	114406	0
2019-11-07	7329	7338	7232	7258	70344	125810	0
2019-11-08	7290	7290	7074	7089	145992	152408	0
2019-11-11	7082	7098	6957	6966	160598	158194	0
2019-11-12	6973	6984	6909	6955	141412	165104	0
2019-11-13	6951	7069	6946	6967	217662	159648	0
2019-11-14	6972	6984	6877	6942	152372	162306	0
2019-11-15	6955	6993	6928	6952	127838	157452	0
2019-11-18	6945	7021	6940	7006	124656	155116	0
2019-11-19	6997	7021	6914	6955	122892	157972	0
2019-11-20	6950	6951	6892	6933	116278	168046	0
2019-11-21	6946	6993	6915	6976	120690	179206	0
2019-11-22	6999	7045	6965	6988	141654	185008	0
2019-11-25	7000	7086	6989	7086	137460	188132	0
2019-11-26	7077	7155	7038	7150	196998	189148	0
2019-11-27	7144	7235	7127	7142	274434	200158	0
2019-11-28	7166	7194	7109	7152	162452	201074	0
2019-11-29	7156	7158	7072	7125	135976	200670	0
2019-12-02	7119	7144	7015	7056	154990	204294	0
2019-12-03	7069	7191	7058	7167	192420	194408	0
2019-12-04	7172	7259	7157	7176	219264	195690	0
2019-12-05	7219	7322	7201	7300	222016	190994	0
2019-12-06	7323	7342	7282	7326	128990	190782	0
2019-12-09	7333	7490	7271	7276	304514	162634	0
2019-12-10	7277	7380	7271	7375	251126	160620	0
2019-12-11	7374	7441	7246	7268	302136	169574	0
2019-12-12	7262	7330	7221	7325	190918	175544	0
2019-12-13	7355	7386	7261	7322	217856	171778	0
2019-12-16	7335	7382	7302	7346	185052	168156	0
2019-12-17	7349	7445	7345	7429	172686	168044	0
2019-12-18	7448	7476	7343	7363	165772	160554	0
2019-12-19	7376	7441	7344	7433	142052	168272	0
2019-12-20	7437	7465	7394	7403	140314	167632	0
2019-12-23	7409	7418	7315	7349	170976	169178	0
2019-12-24	7356	7379	7323	7360	103506	168096	0
2019-12-25	7360	7391	7346	7352	91560	167070	0
2019-12-26	7349	7375	7319	7365	80288	170800	0
2019-12-27	7367	7418	7352	7407	134060	165798	0
2019-12-30	7412	7425	7374	7375	126246	159842	0
2019-12-31	7385	7397	7238	7275	212508	172476	0
2020-01-02	7287	7334	7262	7290	38935	86755	0
2020-01-03	7288	7346	7272	7321	50002	84935	0
2020-01-06	7333	7407	7318	7387	60320	80477	0
2020-01-07	7371	7375	7282	7318	51307	80727	0
2020-01-08	7321	7429	7303	7375	73547	74606	0
2020-01-09	7329	7385	7268	7307	59436	73427	0
2020-01-10	7309	7428	7263	7428	73535	74588	0
2020-01-13	7426	7565	7424	7539	157257	87006	0
2020-01-14	7528	7584	7478	7539	90732	89820	0
2020-01-15	7548	7549	7480	7530	84963	91390	0
2020-01-16	7536	7537	7402	7465	86326	81137	0
2020-01-17	7462	7496	7440	7459	50607	81021	0
2020-01-20	7474	7528	7463	7513	60220	80974	0
2020-01-21	7511	7536	7421	7433	53227	74249	0
2020-01-22	7409	7436	7310	7393	58381	65581	0
2020-01-23	7390	7390	7268	7282	31982	63859	0
2020-02-03	6921	6935	6889	6889	25318	58238	0
2020-02-04	6628	6878	6611	6868	55186	55884	0
2020-02-05	6821	7006	6821	6944	55998	58518	0
2020-02-06	6979	7026	6929	6999	36116	59789	0
2020-02-07	6975	6994	6953	6982	21794	60186	0
2020-02-10	6945	7000	6936	6976	20031	62445	0
2020-02-11	6960	6992	6927	6948	32343	65248	0
2020-02-12	6948	6956	6829	6879	53423	70269	0
2020-02-13	6900	6906	6844	6889	34631	72628	0
2020-02-14	6892	6922	6853	6897	33554	72562	0
2020-02-17	6907	6997	6881	6964	36097	73571	0
2020-02-18	6968	7013	6941	6949	37276	76487	0
2020-02-19	6967	7036	6948	7008	39302	80432	0
2020-02-20	7034	7075	6993	7036	45714	84857	0
2020-02-21	7036	7084	7024	7054	41587	87691	0
2020-02-24	7021	7039	6966	7037	35856	85694	0
2020-02-25	6983	7030	6971	7021	28397	85634	0
2020-02-26	6993	7051	6921	6925	48070	86334	0
2020-02-27	6906	6906	6839	6855	32581	87054	0
2020-02-28	6822	6842	6698	6710	46720	83967	0
2020-03-02	6703	6798	6670	6773	45217	86350	0
2020-03-03	6813	6861	6720	6721	53258	92316	0
2020-03-04	6772	6800	6734	6777	41996	91235	0
2020-03-05	6776	6793	6743	6769	38527	89860	0
2020-03-06	6751	6764	6686	6735	47647	87742	0
2020-03-09	6499	6499	6465	6466	1835	86920	0
2020-03-10	6094	6353	6037	6305	68998	82994	0
2020-03-11	6223	6369	6212	6221	39019	84646	0
2020-03-12	6198	6226	6051	6155	56086	86336	0
2020-03-13	6077	6134	5968	6121	60204	85124	0
2020-03-16	6092	6110	5981	5983	66602	84619	0
2020-03-17	5966	5987	5813	5815	112770	93205	0
2020-03-18	5760	5760	5486	5487	148168	95746	0
2020-03-19	5281	5325	5143	5153	99367	88263	0
2020-03-20	5320	5364	5045	5235	224522	90543	0
2020-03-23	4906	5017	4779	4896	158195	93036	0
2020-03-24	4940	4970	4646	4852	175210	95313	0
2020-03-25	4767	4817	4592	4652	259161	123172	0
2020-03-26	4649	4799	4566	4713	279610	144291	0
2020-03-27	4734	4790	4629	4749	236103	157235	0
2020-03-30	4681	4689	4458	4461	270295	149897	0
2020-03-31	4533	4711	4487	4552	265939	157281	0
2020-04-01	4552	4611	4514	4557	128579	157367	0
2020-04-02	4543	4921	4537	4817	264112	163917	0
2020-04-03	4785	5060	4769	5037	211948	152573	0
2020-04-07	4987	5148	4987	5095	218171	140932	0
2020-04-08	5060	5204	4955	5139	190643	132041	0
2020-04-09	5160	5524	5160	5498	356375	140316	0
2020-04-10	5389	5570	5333	5422	510590	138114	0
2020-04-13	5501	5724	5430	5485	357387	133684	0
2020-04-14	5568	5568	5253	5349	282421	130601	0
2020-04-15	5268	5435	5190	5367	243486	128470	0
2020-04-16	5313	5442	5313	5376	202210	129248	0
2020-04-17	5435	5596	5410	5485	240891	129729	0
2020-04-20	5378	5507	5344	5504	156915	132641	0
2020-04-21	5437	5499	5036	5167	335210	126543	0
2020-04-22	4942	5005	4795	4795	261267	129734	0
2020-04-23	4886	5293	4886	5280	316359	133854	0
2020-04-24	5311	5365	5180	5276	270473	131535	0
2020-04-27	5266	5404	5210	5304	220519	128536	0
2020-04-28	5272	5395	5248	5335	199782	132409	0
2020-04-29	5376	5471	5376	5440	142694	129738	0
2020-04-30	5561	5561	5451	5521	104184	125366	0
2020-05-06	5769	5790	5662	5718	123330	131787	0
2020-05-07	5661	5722	5515	5527	210189	140246	0
2020-05-08	5607	5609	5440	5532	197301	136106	0
2020-05-11	5535	5570	5426	5448	124260	138983	0
2020-05-12	5455	5494	5396	5452	111264	135749	0
2020-05-13	5503	5562	5360	5487	192824	133642	0
2020-05-14	5508	5541	5437	5508	118918	134105	0
2020-05-15	5498	5626	5476	5588	134031	136531	0
2020-05-18	5602	5797	5552	5725	167448	143736	0
2020-05-19	5766	5886	5687	5733	209271	142233	0
2020-05-20	5748	5816	5712	5771	126585	143481	0
2020-05-21	5799	5814	5734	5762	149504	141399	0
2020-05-22	5782	5833	5588	5602	193976	135422	0
2020-05-25	5623	5726	5568	5694	119033	134550	0
2020-05-26	5710	5738	5670	5683	85281	135243	0
2020-05-27	5711	5766	5641	5730	117646	131488	0
2020-05-28	5717	5743	5610	5668	130872	130234	0
2020-05-29	5680	5738	5649	5670	111431	127870	0
2020-06-01	5658	5804	5644	5792	121667	125781	0
2020-06-02	5800	5846	5750	5801	87918	126818	0
2020-06-03	5815	5985	5802	5949	154222	141139	0
2020-06-04	5922	5932	5793	5815	120444	133462	0
2020-06-05	5812	5892	5811	5878	78289	134143	0
2020-06-08	5942	5945	5867	5908	89110	133246	0
2020-06-09	5897	5920	5828	5853	78382	134416	0
2020-06-10	5851	5899	5821	5857	68223	133891	0
2020-06-11	5852	5875	5771	5786	82505	135109	0
2020-06-12	5754	5754	5592	5687	111794	130653	0
2020-06-15	5727	5785	5636	5673	91794	128568	0
2020-06-16	5679	5802	5673	5798	81812	125715	0
2020-06-17	5835	5861	5749	5773	69817	126301	0
2020-06-18	5775	5821	5751	5803	55296	125993	0
2020-06-19	5819	5888	5793	5846	62932	124639	0
2020-06-22	5849	5868	5743	5766	82752	126323	0
2020-06-23	5770	5808	5727	5778	68452	125623	0
2020-06-24	5777	5786	5745	5764	46824	123665	0
2020-06-29	5661	5723	5632	5648	58698	128303	0
2020-06-30	5682	5704	5657	5670	50152	127334	0
2020-07-01	5657	5691	5564	5671	129086	131784	0
2020-07-02	5659	5713	5617	5699	84875	130304	0
2020-07-03	5692	5764	5676	5732	87422	128089	0
2020-07-06	5719	5790	5653	5763	160755	127952	0
2020-07-07	5761	5809	5700	5719	138239	126268	0
2020-07-08	5737	5766	5697	5734	78032	125192	0
2020-07-09	5744	5758	5678	5701	89032	131684	0
2020-07-10	5693	5697	5520	5521	178244	154765	0
2020-07-13	5556	5655	5553	5605	124494	147558	0
2020-07-14	5605	5643	5487	5617	152815	141942	0
2020-07-15	5611	5704	5611	5688	148087	128863	0
2020-07-16	5701	5719	5641	5652	106957	124959	0
2020-07-17	5648	5675	5548	5580	117167	128248	0
2020-07-20	5595	5647	5554	5620	120235	128501	0
2020-07-21	5606	5647	5574	5596	89297	127975	0
2020-07-22	5647	5672	5605	5619	106940	124751	0
2020-07-23	5604	5734	5551	5727	172311	131686	0
2020-07-24	5716	5782	5660	5706	192037	131886	0
2020-07-27	5728	5761	5690	5758	107861	130302	0
2020-07-28	5762	5769	5673	5703	115131	130919	0
2020-07-29	5695	5745	5692	5726	83203	132288	0
2020-07-30	5739	5743	5625	5668	125660	128962	0
2020-07-31	5671	5673	5604	5611	130456	132139	0
2020-08-03	5590	5619	5565	5572	107064	132470	0
2020-08-04	5599	5665	5577	5603	104108	129085	0
2020-08-05	5593	5655	5586	5620	98825	127869	0
2020-08-06	5657	5658	5596	5635	97286	128903	0
2020-08-07	5648	5655	5501	5516	149565	140099	0
2020-08-10	5519	5521	5404	5516	144290	139550	0
2020-08-11	5521	5597	5493	5534	107090	132668	0
2020-08-12	5530	5557	5483	5532	102383	130044	0
2020-08-13	5548	5559	5502	5546	74098	127523	0
2020-08-14	5551	5574	5486	5489	84352	131434	0
2020-08-17	5486	5496	5440	5456	100637	140272	0
2020-08-18	5446	5481	5411	5418	121845	146079	0
2020-08-19	5415	5416	5302	5314	161082	151808	0
2020-08-20	5312	5441	5311	5367	136815	136908	0
2020-08-21	5376	5520	5342	5519	157096	129713	0
2020-08-24	5526	5632	5495	5631	141655	124315	0
2020-08-25	5632	5655	5604	5630	96079	122023	0
2020-08-26	5633	5643	5550	5571	130680	121182	0
2020-08-27	5574	5685	5562	5678	136293	124674	0
2020-08-28	5694	5713	5615	5669	156805	121009	0
2020-08-31	5675	5746	5673	5733	83857	119260	0
2020-09-01	5728	5751	5674	5738	90109	120116	0
2020-09-02	5761	5837	5761	5791	143798	121460	0
2020-09-03	5787	5807	5721	5739	125539	117139	0
2020-09-04	5730	5746	5664	5701	128648	109401	0
2020-09-07	5720	5772	5636	5650	147737	110899	0
2020-09-08	5657	5681	5600	5609	126341	110226	0
2020-09-09	5590	5625	5493	5578	187528	105549	0
2020-09-10	5564	5714	5556	5680	192052	117735	0
2020-09-11	5680	5707	5627	5663	109884	116327	0
2020-09-14	5682	5733	5610	5714	117569	122464	0
2020-09-15	5716	5750	5676	5684	137384	122330	0
2020-09-16	5749	5758	5679	5754	173065	126663	0
2020-09-17	5764	5767	5698	5719	146646	126193	0
2020-09-18	5729	5831	5714	5789	177551	137826	0
2020-09-21	5778	5787	5710	5723	117361	131799	0
2020-09-22	5708	5716	5552	5612	147300	118340	0
2020-09-23	5646	5656	5585	5649	128622	117649	0
2020-09-24	5658	5660	5560	5574	128171	117669	0
2020-09-25	5555	5641	5554	5611	209261	111641	0
2020-09-28	5631	5711	5596	5635	136248	104155	0
2020-09-29	5662	5707	5633	5656	98116	103168	0
2020-09-30	5656	5659	5533	5588	127208	94763	0
2020-10-09	5648	5733	5630	5644	64265	99553	0
2020-10-12	5648	5739	5631	5734	108681	111313	0
2020-10-13	5769	5965	5751	5939	238179	145376	0
2020-10-14	5934	6300	5927	6164	567639	175476	0
2020-10-15	6203	6237	6106	6183	272835	172342	0
2020-10-16	6155	6253	6109	6165	266513	166277	0
2020-10-19	6205	6572	6192	6310	461425	174286	0
2020-10-20	6345	6451	6317	6402	234097	174322	0
2020-10-21	6439	6653	6365	6382	436064	169130	0
2020-10-22	6371	6503	6278	6478	287073	175617	0
2020-10-23	6433	6453	6245	6251	503027	165335	0
2020-10-26	6294	6439	6284	6335	359705	164287	0
2020-10-27	6344	6480	6288	6408	449689	173194	0
2020-10-28	6482	6598	6439	6570	503887	183187	0
2020-10-29	6560	6819	6521	6786	625392	216527	0
2020-10-30	6724	6884	6641	6686	705772	191869	0
2020-11-02	6724	6938	6631	6923	391622	204183	0
2020-11-03	6940	6970	6821	6892	296846	192940	0
2020-11-04	6982	7231	6956	7207	514883	216282	0
2020-11-05	7190	7326	6999	7001	581673	205195	0
2020-11-06	7055	7088	6856	6902	502577	194332	0
2020-11-09	6995	7293	6990	7287	614815	215407	0
2020-11-10	7441	7456	7171	7277	616024	210366	0
2020-11-11	7285	7486	7208	7485	369553	225906	0
2020-11-12	7487	7574	7377	7457	645223	232368	0
2020-11-13	7434	7704	7411	7693	781347	255367	0
2020-11-16	7714	8198	7669	8064	1092113	265698	0
2020-11-17	7951	7952	7701	7759	1193465	231831	0
2020-11-18	7712	7759	7454	7467	999907	227660	0
2020-11-19	7467	7682	7299	7308	1211072	227352	0
2020-11-20	7333	7397	7253	7341	856539	222468	0
2020-11-23	7392	7544	7262	7430	947108	219861	0
2020-11-24	7388	7465	7095	7155	718102	219815	0
2020-11-25	7160	7223	7130	7183	392462	204428	0
2020-11-26	7145	7337	7130	7181	711483	214214	0
2020-11-27	7181	7328	7087	7326	578310	208729	0
2020-11-30	7336	7541	7267	7408	768720	209655	0
2020-12-01	7447	7471	7200	7200	533074	201898	0
2020-12-02	7212	7229	7052	7082	567030	210231	0
2020-12-03	7064	7215	6989	7142	376104	198964	0
2020-12-04	7130	7130	6898	6953	507865	196603	0
2020-12-07	6964	7169	6904	7157	350999	181188	0
2020-12-08	7184	7190	6990	7011	315956	174923	0
2020-12-09	6983	7091	6833	6855	349452	172383	0
2020-12-10	6877	6900	6635	6698	461198	168805	0
2020-12-11	6725	6809	6641	6788	277469	153289	0
2020-12-14	6813	6880	6719	6807	345987	145709	0
2020-12-15	6800	6912	6678	6863	476649	141918	0
2020-12-16	6906	6938	6663	6682	464652	146570	0
2020-12-17	6689	6888	6607	6886	424055	143990	0
2020-12-18	6884	7141	6880	6978	524322	138629	0
2020-12-21	6952	7000	6688	6724	396326	133210	0
2020-12-22	6650	6793	6490	6531	452650	128095	0
2020-12-23	6556	6590	6389	6456	378725	131451	0
2020-12-24	6505	6643	6479	6555	257020	120573	0
2020-12-25	6532	6689	6500	6511	253208	116826	0
2020-12-28	6465	6465	6179	6205	431993	141940	0
2020-12-29	6211	6221	6093	6150	390155	137291	0
2020-12-30	6185	6298	6152	6255	327820	120416	0
2020-12-31	6256	6420	6197	6414	195542	101602	0
2021-01-04	6403	6454	6304	6426	118021	101891	0
2021-01-05	6427	6571	6404	6481	281131	100494	0
2021-01-06	6542	6708	6504	6646	397065	106724	0
2021-01-07	6607	6766	6533	6719	339476	113814	0
2021-01-08	6667	6843	6613	6772	349732	109705	0
2021-01-11	6746	6929	6656	6747	463193	105553	0
2021-01-12	6792	6849	6622	6808	383433	107515	0
2021-01-13	6810	7011	6806	6947	337056	117729	0
2021-01-14	6976	7014	6736	6765	340936	108359	0
2021-01-15	6813	6920	6753	6849	199605	114343	0
2021-01-18	6851	7102	6794	6894	246504	121756	0
2021-01-19	6893	7160	6882	7080	327369	141434	0
2021-01-20	7127	7212	7040	7102	282145	142966	0
2021-01-21	7088	7165	6866	6909	292925	140056	0
2021-01-22	6977	6980	6774	6866	341188	141010	0
2021-01-25	6827	6958	6791	6909	264699	133398	0
2021-01-26	6911	7086	6911	7030	395325	137667	0
2021-01-27	7122	7385	7120	7382	532364	190738	0
2021-01-28	7349	7353	7058	7075	613694	146834	0
2021-01-29	7108	7278	6964	7273	630477	150540	0
2021-02-01	7297	7342	7211	7317	496352	159091	0
2021-02-02	7430	7476	7340	7425	375286	164167	0
2021-02-03	7476	7476	7302	7398	262222	162388	0
2021-02-04	7399	7606	7333	7600	357031	182561	0
2021-02-05	7572	7663	7551	7647	348958	190487	0
2021-02-08	7667	7822	7607	7673	453174	180228	0
2021-02-09	7670	7852	7636	7823	345609	178543	0
2021-02-10	7803	7810	7568	7613	331061	143211	0
2021-02-18	8087	8475	8087	8470	264714	172627	0
2021-02-19	8558	8694	8403	8583	582791	163846	0
2021-02-22	8652	9250	8582	9140	648751	172649	0
2021-02-23	9065	9403	8912	9081	707548	160999	0
2021-02-24	9038	9203	8956	9145	546165	166334	0
2021-02-25	9165	9661	9067	9481	754778	166048	0
2021-02-26	9574	9852	9329	9744	808403	181015	0
2021-03-01	9541	9896	9243	9336	814155	160636	0
2021-03-02	9292	9297	8819	8998	650907	150655	0
2021-03-03	9183	9256	8834	8970	523279	149090	0
2021-03-04	9165	9392	8964	9078	610023	161217	0
2021-03-05	9112	9319	8986	9137	557722	159748	0
2021-03-08	9200	9712	9166	9309	504371	163745	0
2021-03-09	9275	9332	8720	8730	425486	157393	0
2021-03-10	8869	8927	8556	8796	348247	154887	0
2021-03-11	8896	8933	8656	8890	311483	156585	0
2021-03-12	8940	8971	8696	8715	274617	156744	0
2021-03-15	8690	8955	8529	8692	400632	163534	0
2021-03-16	8607	8770	8505	8528	255238	159237	0
2021-03-17	8468	8490	8273	8295	301785	171686	0
2021-03-18	8256	8359	8172	8307	249764	156961	0
2021-03-19	8293	8320	7778	7833	307851	174229	0
2021-03-22	7858	8098	7800	8038	236096	151573	0
2021-03-23	8051	8101	7828	7936	173879	153324	0
2021-03-24	7862	8152	7849	8120	265501	151308	0
2021-03-25	8161	8259	8087	8129	241090	147296	0
2021-03-26	8131	8326	8085	8300	271784	156264	0
2021-03-29	8318	8425	8120	8156	217571	145522	0
2021-03-30	8215	8353	8176	8345	176529	141294	0
2021-03-31	8303	8460	8300	8427	222790	145987	0
2021-04-01	8485	8823	8485	8823	333293	193762	0
2021-04-02	8746	8841	8612	8770	316859	184426	0
2021-04-06	8714	9024	8685	8985	211924	207789	0
2021-04-07	9003	9070	8799	8859	291669	209920	0
2021-04-08	8852	8895	8556	8600	335669	204438	0
2021-04-09	8626	8626	8441	8448	312986	193347	0
2021-04-12	8507	8531	8359	8410	280387	187355	0
2021-04-13	8595	8601	8259	8497	380954	195905	0
2021-04-14	8542	8750	8478	8747	317581	205229	0
2021-04-15	8724	8822	8703	8773	278356	218466	0
2021-04-16	8744	8898	8693	8781	324252	224406	0
2021-04-19	8846	9025	8761	8987	385643	244089	0
2021-04-20	9012	9158	8925	9112	378593	256134	0
2021-04-21	9113	9221	8931	9148	390065	281086	0
2021-04-22	9099	9120	8925	9003	512709	258319	0
2021-04-23	9066	9112	8904	9086	423983	263698	0
2021-04-26	9011	9257	8892	8965	479628	263949	0
2021-04-27	8959	8970	8775	8923	383260	241446	0
2021-04-28	8962	9020	8818	8897	284096	242196	0
2021-04-29	8897	9119	8875	8946	342464	236932	0
2021-04-30	9006	9055	8762	8818	312750	212979	0
2021-05-06	8927	9211	8863	9200	267484	234562	0
2021-05-07	9210	9573	9165	9572	394100	266361	0
2021-05-10	9517	9883	9436	9760	346161	257842	0
2021-05-11	9703	9746	9482	9604	291311	252418	0
2021-05-12	9525	9866	9515	9720	363924	254052	0
2021-05-13	9737	10022	9415	9541	478692	241228	0
2021-05-14	9511	9603	9320	9501	402346	237547	0
2021-05-17	9647	9842	9580	9687	366372	254197	0
2021-05-18	9689	9938	9646	9794	355379	260069	0
2021-05-19	9809	9813	9497	9633	355716	252264	0
2021-05-20	9397	9559	9239	9450	396801	250997	0
2021-05-21	9405	9405	9077	9077	400009	243803	0
2021-05-24	9122	9156	8971	8990	413123	227509	0
2021-05-25	9008	9161	8976	9087	328893	225624	0
2021-05-26	9073	9106	8819	8928	334788	226982	0
2021-05-27	8867	8869	8480	8494	390627	230773	0
2021-05-28	8475	8793	8393	8443	409717	225188	0
2021-05-31	8482	8654	8455	8640	312944	206205	0
2021-06-01	8707	8821	8623	8777	318472	194465	0
2021-06-02	8914	9036	8771	8771	303988	196998	0
2021-06-03	8847	9061	8809	8919	311844	204557	0
2021-06-04	8887	8906	8656	8752	305115	209178	0
2021-06-07	8798	8834	8451	8481	333085	227015	0
2021-06-08	8487	8521	8241	8469	424946	234918	0
2021-06-09	8405	8449	8278	8406	351578	244967	0
2021-06-10	8404	8412	8163	8196	345922	261630	0
2021-06-11	8220	8384	8178	8305	400782	244377	0
2021-06-15	8344	8444	8092	8360	311003	245682	0
2021-06-16	8381	8470	8329	8428	301399	244443	0
2021-06-17	8427	8451	8206	8391	399503	245219	0
2021-06-18	8322	8395	8184	8308	386680	246014	0
2021-06-21	8281	8347	8122	8156	389239	265693	0
2021-06-22	8181	8513	8138	8511	415259	255076	0
2021-06-23	8543	8785	8475	8730	442792	269021	0
2021-06-24	8751	8847	8636	8706	370077	270564	0
2021-06-25	8665	8898	8658	8786	337424	276398	0
2021-06-28	8819	8929	8716	8920	378722	291888	0
2021-06-29	8892	8896	8741	8827	322875	278926	0
2021-06-30	8951	9081	8941	8990	445932	299290	0
2021-07-01	9023	9184	9002	9179	372260	315698	0
2021-07-02	9318	9355	9163	9289	398481	312228	0
2021-07-05	9305	9394	9147	9215	412345	300313	0
2021-07-06	9182	9315	8986	8996	484161	284814	0
2021-07-07	8936	8967	8810	8964	382630	269074	0
2021-07-08	8918	9005	8830	8975	344715	265776	0
2021-07-09	9010	9026	8863	8988	327009	268948	0
2021-07-12	9048	9183	8874	8908	429523	261755	0
2021-07-13	8871	8948	8798	8948	351695	255404	0
2021-07-14	8889	9174	8815	9125	480708	263035	0
2021-07-15	9138	9156	8919	9010	386731	259424	0
2021-07-16	9019	9112	8923	9021	401649	258382	0
2021-07-19	9125	9238	9017	9188	457606	268920	0
2021-07-20	8949	8951	8696	8757	493099	255738	0
2021-07-21	8773	8938	8730	8868	350926	240176	0
2021-07-22	9022	9135	8927	9100	405494	252993	0
2021-07-23	9089	9282	9087	9181	348472	275049	0
2021-07-26	9232	9332	9130	9152	270091	272491	0
2021-07-27	9141	9365	9139	9237	288378	282752	0
2021-07-28	9171	9248	9081	9208	261984	272381	0
2021-07-29	9187	9262	9064	9083	324933	260663	0
2021-07-30	9039	9159	8885	8930	358400	245123	0
2021-08-02	9003	9067	8763	8795	364719	232474	0
2021-08-03	8751	8785	8521	8530	345540	246559	0
2021-08-04	8518	8752	8487	8704	357246	236342	0
2021-08-05	8670	8731	8510	8530	317652	241136	0
2021-08-06	8505	8638	8440	8596	281134	237214	0
2021-08-09	8651	8652	8387	8474	322681	244035	0
2021-08-10	8491	8630	8475	8591	320793	240458	0
2021-08-11	8566	8789	8514	8742	346801	249295	0
2021-08-12	8681	8884	8667	8729	355341	243308	0
2021-08-13	8734	8813	8664	8710	279501	248500	0
2021-08-16	8748	8838	8662	8698	304480	244926	0
2021-08-17	8652	8715	8511	8514	336438	248767	0
2021-08-18	8571	8582	8457	8569	303729	249121	0
2021-08-19	8559	8615	8274	8298	348815	264378	0
2021-08-20	8284	8416	8241	8388	254275	253376	0
2021-08-23	8278	8611	8275	8573	292295	236391	0
2021-08-24	8545	8618	8520	8555	221616	236775	0
2021-08-25	8606	8644	8430	8446	278373	242896	0
2021-08-26	8478	8478	8325	8327	268158	248242	0
2021-08-27	8375	8617	8350	8588	299894	241859	0
2021-08-30	8573	8737	8557	8640	281395	235220	0
2021-08-31	8659	8808	8615	8808	275602	244204	0
2021-09-01	8769	8838	8662	8772	292089	233271	0
2021-09-02	8792	8867	8717	8784	281095	244161	0
2021-09-03	8801	8927	8741	8815	329287	241513	0
2021-09-06	8794	8875	8671	8807	330877	242113	0
2021-09-07	8789	8906	8721	8795	353975	234246	0
2021-09-08	8751	9290	8728	9212	524262	273575	0
2021-09-09	9212	9428	9082	9082	492244	277584	0
2021-09-10	9095	9173	9002	9084	377711	262951	0
2021-09-13	9165	9459	9104	9375	391033	271522	0
2021-09-14	9405	9536	9390	9449	398759	273878	0
2021-09-15	9475	9494	9291	9454	350408	270904	0
2021-09-16	9526	9746	9387	9404	493446	258519	0
2021-09-17	9232	9297	9034	9108	406205	232259	0
2021-09-22	9032	9137	8934	9034	259356	231639	0
2021-09-23	9035	9095	8958	8994	400987	229246	0
2021-09-24	8980	9136	8842	9008	461174	218464	0
2021-09-27	9041	9298	8890	8958	489610	217432	0
2021-09-28	9013	9370	8947	9329	455306	215444	0
2021-09-29	9280	9310	8979	8998	354761	185998	0
2021-09-30	9066	9290	9055	9260	262113	173156	0
2021-10-08	9413	9652	9320	9599	219085	185459	0
2021-10-11	9534	10076	9526	10002	354166	207846	0
2021-10-12	9955	10240	9797	9838	391814	202776	0
2021-10-13	9851	9927	9386	9542	340289	197170	0
2021-10-14	9563	9651	9466	9651	264332	189758	0
2021-10-15	9713	9845	9600	9794	342285	203934	0
2021-10-18	9802	9823	9582	9746	300794	200867	0
2021-10-19	9765	9795	9484	9558	327793	206234	0
2021-10-20	9515	9562	9105	9395	358998	193020	0
2021-10-21	9415	9611	9372	9397	279992	188754	0
2021-10-22	9406	9533	9130	9278	388043	191460	0
2021-10-25	9364	9696	9344	9639	371695	190172	0
2021-10-26	9674	9716	9363	9380	386171	182623	0
2021-10-27	9364	9370	8984	9007	390612	188343	0
2021-10-28	9079	9149	8836	9073	375146	179974	0
2021-10-29	9090	9330	9049	9246	300258	185546	0
2021-11-01	9180	9403	9151	9169	295430	186841	0
2021-11-02	9168	9280	8992	9068	265281	184593	0
2021-11-03	9099	9188	8865	9173	322485	181676	0
2021-11-04	9085	9110	8901	9084	286643	185706	0
2021-11-05	9188	9205	8884	8918	261533	196875	0
2021-11-08	8918	9160	8918	9145	257205	196466	0
2021-11-09	9075	9075	8755	8843	386180	213960	0
2021-11-10	8797	8973	8766	8953	269790	198406	0
2021-11-11	8887	8889	8560	8686	406654	216570	0
2021-11-12	8696	8769	8622	8680	241169	207991	0
2021-11-15	8629	8681	8435	8442	301808	217947	0
2021-11-16	8430	8591	8363	8510	262582	212667	0
2021-11-17	8515	8516	8247	8277	287741	224560	0
2021-11-18	8311	8334	8105	8117	281420	231664	0
2021-11-19	8172	8445	8079	8352	342038	214955	0
2021-11-22	8198	8504	8182	8311	384085	205046	0
2021-11-23	8265	8337	8136	8141	301353	208220	0
2021-11-24	8134	8232	8000	8198	346148	212859	0
2021-11-25	8184	8188	8035	8049	274756	228990	0
2021-11-26	8021	8021	7747	7760	315533	262421	0
2021-11-29	7631	7722	7503	7596	360603	251347	0
2021-11-30	7632	7755	7538	7552	338676	235726	0
2021-12-01	7579	7815	7512	7799	332622	221191	0
2021-12-02	7821	7910	7726	7738	327580	218143	0
2021-12-03	7781	7987	7684	7986	367073	213864	0
2021-12-06	8002	8076	7863	7880	311750	210591	0
2021-12-07	7903	8088	7885	8064	290759	206455	0
2021-12-08	8104	8107	7983	8058	244875	202859	0
2021-12-09	8044	8057	7830	7884	304124	201312	0
2021-12-10	7883	8135	7862	8061	355966	211274	0
2021-12-13	8102	8180	8038	8145	309004	210421	0
2021-12-14	8177	8248	8059	8246	284603	216717	0
2021-12-15	8227	8238	8128	8173	226340	207920	0
2021-12-16	8128	8228	8053	8158	302561	203223	0
2021-12-17	8129	8234	7999	8042	397966	209465	0
2021-12-20	8006	8006	7845	7919	340535	198141	0
2021-12-21	7889	7902	7759	7824	270792	199785	0
2021-12-22	7813	7853	7736	7763	257302	211312	0
2021-12-23	7779	7996	7743	7991	271340	188377	0
2021-12-24	8081	8362	8081	8290	458659	209041	0
2021-12-27	8313	8339	8139	8148	252221	199774	0
2021-12-28	8179	8353	8165	8314	267388	203077	0
2021-12-29	8329	8355	8238	8355	224230	199346	0
2021-12-30	8426	8532	8320	8488	290415	209349	0
2021-12-31	8503	8601	8458	8544	276298	216167	0
2022-01-04	8541	8781	8539	8611	210231	217580	0
2022-01-05	8557	8654	8420	8449	274348	210731	0
2022-01-06	8469	8527	8388	8445	230645	202846	0
2022-01-07	8464	8738	8427	8655	307563	209486	0
2022-01-10	8594	8607	8337	8368	305000	187412	0
2022-01-11	8410	8514	8380	8493	206471	189119	0
2022-01-12	8510	8738	8494	8645	312287	204831	0
2022-01-13	8632	8692	8511	8527	290982	196849	0
2022-01-14	8488	8769	8461	8742	337417	214931	0
2022-01-17	8743	8806	8658	8754	244169	215504	0
2022-01-18	8704	8706	8500	8628	357006	192243	0
2022-01-19	8650	8892	8634	8693	366379	197537	0
2022-01-20	8662	8706	8563	8634	318095	190156	0
2022-01-21	8595	8621	8395	8396	340701	204406	0
2022-01-24	8446	8559	8439	8496	283495	188852	0
2022-01-25	8643	8703	8537	8601	352667	179581	0
2022-01-26	8599	8947	8599	8908	365860	228375	0
2022-01-27	8964	9103	8946	9051	289921	219200	0
2022-01-28	9145	9257	9020	9069	288606	193129	0
2022-02-07	9363	9540	9254	9283	220936	198425	0
2022-02-08	9236	9333	9177	9276	232387	192632	0
2022-02-09	9053	9062	8942	9013	230913	187767	0
2022-02-10	8968	9079	8929	8989	199439	192111	0
2022-02-11	9039	9134	8956	9012	349033	201335	0
2022-02-14	9137	9329	9043	9101	356027	204069	0
2022-02-15	9045	9179	9012	9133	251390	206473	0
2022-02-16	8928	9001	8863	8941	269018	203603	0
2022-02-17	8945	8956	8723	8793	257810	200629	0
2022-02-18	8844	8933	8810	8911	199436	186562	0
2022-02-21	8829	9009	8821	8989	236335	191804	0
2022-02-22	8975	9174	8969	9122	275398	195748	0
2022-02-23	9135	9204	9070	9152	231103	194327	0
2022-02-24	9186	9495	9169	9338	335028	202133	0
2022-02-25	9449	9485	9167	9234	253702	197641	0
2022-02-28	9259	9371	9187	9243	211825	188312	0
2022-03-01	9158	9189	9024	9163	246804	182952	0
2022-03-02	9257	9498	9209	9490	250806	198911	0
2022-03-03	9528	9868	9473	9798	290252	196908	0
2022-03-04	9761	9830	9606	9702	253974	187295	0
2022-03-07	9861	10322	9845	10181	340644	190690	0
2022-03-08	10133	10401	9935	10373	317202	197436	0
2022-03-09	10211	10519	10205	10447	289082	198136	0
2022-03-10	10171	10184	9784	9985	319374	178359	0
2022-03-11	10067	10142	9794	9890	216958	178730	0
2022-03-14	9813	9864	9597	9611	177064	180195	0
2022-03-15	9621	9720	9496	9501	239158	188848	0
2022-03-16	9375	9496	9286	9465	264012	185276	0
2022-03-17	9514	9594	9361	9475	240742	187405	0
2022-03-18	9564	9685	9511	9669	255964	194768	0
2022-03-21	9565	9641	9473	9561	255938	187173	0
2022-03-22	9600	9739	9559	9627	198335	190244	0
2022-03-23	9641	9801	9623	9747	217766	201774	0
2022-03-24	9855	10017	9830	9859	194729	203222	0
2022-03-25	9926	9994	9862	9954	168741	200568	0
2022-03-28	9862	9958	9812	9865	213833	197032	0
2022-03-29	9801	9888	9704	9845	186997	195537	0
2022-03-30	9732	9880	9682	9848	208167	194340	0
2022-03-31	9882	9882	9612	9651	212103	183024	0
2022-04-01	9674	9819	9668	9703	194523	179149	0
2022-04-06	9745	9963	9650	9931	204083	196950	0
2022-04-07	9983	10095	9866	9923	243438	210361	0
2022-04-08	9938	9998	9801	9998	229085	216202	0
2022-04-11	10003	10016	9696	9729	252695	202845	0
2022-04-12	9692	9843	9639	9842	187508	204496	0
2022-04-13	9782	9837	9659	9663	200922	205258	0
2022-04-14	9737	9828	9688	9707	202490	203530	0
2022-04-15	9643	9644	9467	9509	299136	219061	0
2022-04-18	9523	9678	9464	9646	215325	211804	0
2022-04-19	9622	9632	9521	9530	227594	224291	0
2022-04-20	9498	9725	9483	9706	285236	213095	0
2022-04-21	9775	9883	9736	9744	391210	197524	0
2022-04-22	9782	9849	9740	9756	217865	191380	0
2022-04-25	9775	9775	9368	9400	305542	203979	0
2022-04-26	9419	9569	9326	9459	210917	199271	0
2022-04-27	9498	9731	9470	9714	255198	194955	0
2022-04-28	9652	9664	9562	9618	201314	193551	0
2022-04-29	9663	9893	9641	9881	237341	190415	0
2022-05-05	9940	9997	9858	9966	146789	203046	0
2022-05-06	10039	10170	9958	10083	272646	218985	0
2022-05-09	10003	10106	9952	9985	260805	223367	0
2022-05-10	9880	9918	9638	9651	328244	197978	0
2022-05-11	9740	9867	9615	9848	240077	195589	0
2022-05-12	9806	10023	9771	10013	308718	223784	0
2022-05-13	10010	10152	9963	10125	275321	241942	0
2022-05-16	10195	10199	9987	10018	219007	236729	0
2022-05-17	10063	10156	10008	10106	186612	241261	0
2022-05-18	10059	10201	10024	10138	201557	247196	0
数据来源:通达信
