EGL9 乙二醇指数 日线 前复权
      日期	    开盘	    最高	    最低	    收盘	    成交量	    持仓量	    结算价
2018-12-11	5628	5666	5492	5534	490798	92862	0
2018-12-12	5566	5590	5506	5537	307662	99736	0
2018-12-13	5521	5634	5470	5584	363740	101278	0
2018-12-14	5633	5659	5579	5601	192314	105616	0
2018-12-17	5590	5630	5573	5613	126264	111070	0
2018-12-18	5587	5622	5566	5620	124446	107592	0
2018-12-19	5582	5627	5546	5613	152004	100926	0
2018-12-20	5611	5614	5558	5569	101524	102734	0
2018-12-21	5561	5567	5315	5412	555924	125250	0
2018-12-24	5370	5374	5301	5326	255140	137042	0
2018-12-25	5180	5226	5122	5167	321952	133756	0
2018-12-26	5205	5221	5119	5138	287718	139102	0
2018-12-27	5307	5308	5124	5124	323980	161676	0
2018-12-28	5126	5154	5078	5122	337724	146000	0
2019-01-02	5108	5120	5039	5043	250318	165252	0
2019-01-03	5071	5143	5061	5118	276008	171618	0
2019-01-04	5137	5172	5087	5144	290922	171624	0
2019-01-07	5153	5191	5122	5128	226190	195132	0
2019-01-08	5139	5155	5063	5075	337636	219514	0
2019-01-09	5111	5184	5109	5121	366746	227998	0
2019-01-10	5153	5164	5087	5092	299556	250402	0
2019-01-11	5088	5129	5067	5111	315776	263010	0
2019-01-14	5114	5167	5093	5137	338442	266004	0
2019-01-15	5135	5231	5123	5217	501394	279194	0
2019-01-16	5220	5236	5191	5220	284492	282276	0
2019-01-17	5194	5219	5152	5155	256774	295518	0
2019-01-18	5152	5176	5117	5158	437546	339376	0
2019-01-21	5206	5322	5191	5278	734680	360606	0
2019-01-22	5287	5455	5264	5281	764948	355928	0
2019-01-23	5254	5283	5226	5258	364078	361096	0
2019-01-24	5249	5277	5213	5252	340224	362566	0
2019-01-25	5296	5331	5241	5242	431946	357018	0
2019-01-28	5258	5271	5182	5187	342806	354512	0
2019-01-29	5151	5206	5147	5165	257364	345282	0
2019-01-30	5187	5244	5178	5213	267784	318102	0
2019-01-31	5246	5293	5243	5284	223866	302690	0
2019-02-01	5289	5333	5271	5326	180788	292784	0
2019-02-11	5285	5303	5225	5232	177000	315418	0
2019-02-12	5248	5281	5237	5243	209842	339922	0
2019-02-13	5192	5231	5164	5174	275116	369234	0
2019-02-14	5189	5205	5148	5180	206018	386040	0
2019-02-15	5171	5178	5107	5141	269216	385040	0
2019-02-18	5181	5193	5043	5049	415406	433482	0
2019-02-19	5053	5082	5018	5075	286620	430516	0
2019-02-20	5070	5092	5056	5065	189750	431894	0
2019-02-21	5113	5156	5097	5135	317358	414948	0
2019-02-22	5134	5180	5128	5155	205622	410022	0
2019-02-25	5183	5200	5133	5146	184184	409316	0
2019-02-26	5114	5180	5114	5171	189168	403520	0
2019-02-27	5177	5194	5159	5166	127232	401662	0
2019-02-28	5177	5227	5167	5189	232690	403132	0
2019-03-01	5207	5307	5200	5301	269620	390032	0
2019-03-04	5298	5430	5279	5363	402788	390780	0
2019-03-05	5330	5360	5315	5343	187870	383554	0
2019-03-06	5333	5444	5330	5440	320886	399666	0
2019-03-07	5422	5432	5315	5346	315442	384096	0
2019-03-08	5282	5330	5264	5309	261186	380192	0
2019-03-11	5329	5333	5257	5280	192592	382758	0
2019-03-12	5287	5313	5268	5284	180994	382644	0
2019-03-13	5286	5300	5242	5257	176622	386984	0
2019-03-14	5277	5284	5234	5237	171518	397376	0
2019-03-15	5207	5216	5130	5154	307306	392912	0
2019-03-18	5153	5173	5132	5143	224454	404406	0
2019-03-19	5153	5161	5111	5124	190296	410672	0
2019-03-20	5109	5163	5108	5163	163858	411406	0
2019-03-21	5183	5192	5166	5175	151246	413920	0
2019-03-22	5170	5179	5130	5146	199590	421554	0
2019-03-25	5091	5142	5076	5130	221052	420374	0
2019-03-26	5139	5145	5081	5083	161192	438618	0
2019-03-27	5084	5094	4997	5002	358286	495416	0
2019-03-28	4984	4994	4835	4837	595872	519772	0
2019-03-29	4862	4927	4858	4863	458282	502576	0
2019-04-01	4878	4908	4836	4896	485612	513504	0
2019-04-02	4896	4924	4854	4868	471516	534822	0
2019-04-03	4870	4900	4854	4879	454276	529718	0
2019-04-04	4874	4935	4792	4923	1190310	527782	0
2019-04-08	4947	4997	4878	4892	750896	580306	0
2019-04-09	4900	4945	4889	4911	506112	592074	0
2019-04-10	4916	4940	4898	4910	408444	575472	0
2019-04-11	4915	4916	4851	4868	533762	618476	0
2019-04-12	4861	4874	4805	4869	587980	616236	0
2019-04-15	4880	4881	4792	4816	528316	649206	0
2019-04-16	4811	4820	4727	4755	642074	674818	0
2019-04-17	4759	4784	4745	4753	337258	674988	0
2019-04-18	4758	4781	4708	4753	674016	673384	0
2019-04-19	4765	4785	4756	4773	464342	676950	0
2019-04-22	4778	4840	4771	4785	686942	631290	0
2019-04-23	4794	4802	4769	4785	319332	653154	0
2019-04-24	4773	4778	4718	4733	500456	690380	0
2019-04-25	4741	4749	4680	4683	539818	714224	0
2019-04-26	4686	4696	4588	4608	718564	719266	0
2019-04-29	4612	4705	4612	4699	616670	657460	0
2019-04-30	4702	4712	4675	4681	358602	641238	0
2019-05-06	4617	4685	4606	4656	317764	628096	0
2019-05-07	4659	4678	4644	4665	400974	636354	0
2019-05-08	4660	4696	4658	4694	422924	634996	0
2019-05-09	4690	4694	4656	4664	378900	624152	0
2019-05-10	4668	4719	4667	4682	467032	603616	0
2019-05-13	4675	4675	4548	4549	711420	661472	0
2019-05-14	4554	4580	4385	4410	954782	627286	0
2019-05-15	4437	4466	4414	4430	510180	613900	0
2019-05-16	4430	4492	4409	4463	691358	628382	0
2019-05-17	4466	4478	4378	4386	639168	671444	0
2019-05-20	4386	4453	4378	4405	656302	679844	0
2019-05-21	4404	4450	4396	4434	447450	667002	0
2019-05-22	4438	4452	4349	4397	802738	662694	0
2019-05-23	4390	4417	4365	4396	476670	655208	0
2019-05-24	4408	4519	4400	4517	1011670	610266	0
2019-05-27	4528	4556	4486	4499	686276	586100	0
2019-05-28	4506	4518	4424	4455	782412	608246	0
2019-05-29	4465	4515	4460	4486	490832	590982	0
2019-05-30	4458	4500	4453	4484	465672	589724	0
2019-05-31	4480	4528	4466	4493	642004	583474	0
2019-06-03	4499	4501	4387	4422	744852	549390	0
2019-06-04	4444	4492	4412	4454	590032	547506	0
2019-06-05	4464	4469	4339	4353	846842	630584	0
2019-06-06	4353	4392	4326	4380	783020	563960	0
2019-06-10	4417	4429	4378	4399	308584	567594	0
2019-06-11	4406	4434	4383	4420	365056	553538	0
2019-06-12	4427	4443	4376	4396	416490	548056	0
2019-06-13	4376	4427	4374	4415	453260	556054	0
2019-06-14	4424	4434	4345	4384	593706	559466	0
2019-06-17	4392	4403	4366	4384	318670	553884	0
2019-06-18	4397	4454	4394	4430	596700	561972	0
2019-06-19	4444	4517	4430	4473	609472	541970	0
2019-06-20	4475	4507	4465	4501	365114	536586	0
2019-06-21	4515	4524	4440	4452	543996	555334	0
2019-06-24	4469	4592	4464	4579	645900	570842	0
2019-06-25	4579	4606	4528	4544	538806	572190	0
2019-06-26	4547	4569	4488	4557	515874	572106	0
2019-06-27	4561	4592	4494	4508	721472	576496	0
2019-06-28	4508	4534	4403	4427	672976	569710	0
2019-07-01	4441	4483	4402	4461	572404	561000	0
2019-07-02	4471	4542	4424	4520	695776	556670	0
2019-07-03	4494	4516	4412	4456	647110	551006	0
2019-07-04	4463	4504	4419	4496	690652	542406	0
2019-07-05	4497	4533	4477	4508	648766	561038	0
2019-07-08	4522	4526	4441	4456	601064	596642	0
2019-07-09	4458	4470	4261	4262	1061492	634570	0
2019-07-10	4241	4304	4179	4292	877862	549578	0
2019-07-11	4298	4332	4240	4305	755218	550262	0
2019-07-12	4301	4316	4266	4298	448732	549696	0
2019-07-15	4290	4344	4288	4320	527392	543492	0
2019-07-16	4328	4338	4269	4295	482906	560100	0
2019-07-17	4313	4380	4305	4365	676590	551198	0
2019-07-18	4356	4393	4330	4377	525414	538654	0
2019-07-19	4382	4526	4353	4484	1103868	571600	0
2019-07-22	4492	4546	4410	4465	1131396	559380	0
2019-07-23	4461	4506	4388	4388	897124	556594	0
2019-07-24	4375	4436	4368	4420	608906	546192	0
2019-07-25	4421	4463	4420	4437	613366	551282	0
2019-07-26	4441	4468	4404	4448	652388	549412	0
2019-07-29	4467	4543	4464	4520	1015206	608260	0
2019-07-30	4533	4639	4443	4466	1909400	617364	0
2019-07-31	4476	4504	4451	4461	791564	593530	0
2019-08-01	4469	4477	4419	4428	673384	583140	0
2019-08-02	4430	4440	4343	4398	681460	524410	0
2019-08-05	4404	4429	4265	4299	913196	507406	0
2019-08-06	4303	4363	4288	4351	450454	470360	0
2019-08-07	4345	4363	4323	4351	348746	461568	0
2019-08-08	4352	4383	4324	4381	401144	456700	0
2019-08-09	4389	4443	4329	4443	628504	461940	0
2019-08-12	4447	4497	4430	4462	560234	448606	0
2019-08-13	4469	4480	4441	4456	350400	441726	0
2019-08-14	4469	4539	4431	4454	714940	432456	0
2019-08-15	4460	4509	4428	4509	525216	454592	0
2019-08-16	4508	4575	4491	4556	815360	471642	0
2019-08-19	4551	4589	4526	4550	571478	449762	0
2019-08-20	4562	4573	4530	4561	370694	456138	0
2019-08-21	4565	4575	4488	4564	675844	429434	0
2019-08-22	4569	4595	4525	4548	585478	424148	0
2019-08-23	4548	4571	4503	4542	552798	432924	0
2019-08-26	4535	4626	4534	4616	767682	472100	0
2019-08-27	4615	4633	4556	4569	553168	461372	0
2019-08-28	4570	4619	4527	4609	555276	462276	0
2019-08-29	4610	4650	4571	4577	702170	459522	0
2019-08-30	4588	4621	4558	4570	500260	444128	0
2019-09-02	4571	4616	4565	4612	408368	436188	0
2019-09-03	4612	4614	4563	4576	402916	428664	0
2019-09-04	4569	4585	4538	4579	434348	431776	0
2019-09-05	4582	4684	4574	4624	797544	442686	0
2019-09-06	4634	4715	4630	4658	714440	452740	0
2019-09-09	4665	4742	4654	4741	579906	493300	0
2019-09-10	4738	4780	4698	4719	698596	491880	0
2019-09-11	4724	4758	4675	4755	634456	523496	0
2019-09-12	4753	4764	4701	4730	582756	518246	0
2019-09-16	4926	4968	4833	4968	894790	568466	0
2019-09-17	5105	5305	5097	5254	2120722	605852	0
2019-09-18	5253	5256	4973	5028	2768842	589214	0
2019-09-19	4968	5051	4968	5000	1274156	572536	0
2019-09-20	5036	5050	4939	4953	1276564	558324	0
2019-09-23	4956	5025	4930	5008	771238	549782	0
2019-09-24	4997	5050	4972	5020	892654	572580	0
2019-09-25	5014	5115	5006	5109	1187498	633732	0
2019-09-26	5100	5122	4857	4913	1802800	539980	0
2019-09-27	4900	4925	4852	4896	914244	485088	0
2019-09-30	4874	4923	4871	4906	537922	447404	0
2019-10-08	4865	4911	4845	4903	298258	462306	0
2019-10-09	4896	4911	4876	4899	427734	482744	0
2019-10-10	4912	4912	4749	4760	1080930	508524	0
2019-10-11	4762	4778	4680	4728	1063242	513872	0
2019-10-14	4711	4735	4631	4648	996990	528130	0
2019-10-15	4647	4670	4598	4625	858382	522672	0
2019-10-16	4639	4644	4559	4563	790926	552866	0
2019-10-17	4577	4580	4501	4535	860340	545548	0
2019-10-18	4538	4567	4533	4545	601620	509630	0
2019-10-21	4551	4560	4451	4497	888712	535092	0
2019-10-22	4493	4530	4481	4513	514862	517634	0
2019-10-23	4521	4544	4491	4511	688514	528120	0
2019-10-24	4512	4568	4512	4560	742276	522048	0
2019-10-25	4575	4604	4540	4547	736554	533130	0
2019-10-28	4554	4631	4551	4581	785198	541236	0
2019-10-29	4596	4609	4511	4530	765866	548318	0
2019-10-30	4527	4579	4507	4556	664082	546396	0
2019-10-31	4554	4561	4525	4543	461222	518454	0
2019-11-01	4534	4542	4486	4533	726122	505376	0
2019-11-04	4539	4560	4511	4515	477780	512132	0
2019-11-05	4525	4554	4508	4528	449600	508628	0
2019-11-06	4535	4548	4457	4458	707768	544600	0
2019-11-07	4465	4470	4406	4443	836860	530774	0
2019-11-08	4457	4469	4426	4430	502550	506528	0
2019-11-11	4424	4459	4407	4437	620134	501970	0
2019-11-12	4433	4498	4418	4491	716900	509034	0
2019-11-13	4492	4573	4481	4502	1339170	526000	0
2019-11-14	4502	4558	4481	4552	783634	566028	0
2019-11-15	4569	4588	4525	4532	782302	566326	0
2019-11-18	4534	4576	4489	4538	772414	565254	0
2019-11-19	4539	4553	4514	4546	574328	575280	0
2019-11-20	4536	4559	4488	4549	880158	597250	0
2019-11-21	4567	4584	4505	4506	879576	602200	0
2019-11-22	4512	4546	4442	4468	1129430	603042	0
2019-11-25	4471	4490	4454	4486	590702	591060	0
2019-11-26	4488	4514	4447	4455	742420	581058	0
2019-11-27	4462	4534	4448	4497	856286	597814	0
2019-11-28	4507	4576	4500	4574	1011848	649436	0
2019-11-29	4575	4596	4531	4541	881746	638322	0
2019-12-02	4540	4577	4517	4566	707728	627310	0
2019-12-03	4586	4676	4569	4634	1376458	628848	0
2019-12-04	4629	4666	4611	4615	727188	619368	0
2019-12-05	4632	4641	4551	4561	986214	581774	0
2019-12-06	4579	4607	4572	4606	545054	567268	0
2019-12-09	4630	4714	4629	4680	1095726	545502	0
2019-12-10	4679	4754	4663	4714	835420	537450	0
2019-12-11	4748	4753	4690	4701	745800	541178	0
2019-12-12	4704	4785	4659	4784	865494	565922	0
2019-12-13	4776	4776	4631	4652	1165418	541832	0
2019-12-16	4672	4693	4646	4677	647696	518026	0
2019-12-17	4685	4787	4667	4767	871240	528918	0
2019-12-18	4753	4809	4705	4717	1016646	537626	0
2019-12-19	4725	4732	4650	4697	736964	515448	0
2019-12-20	4691	4703	4637	4644	719164	510304	0
2019-12-23	4646	4660	4587	4598	675840	514552	0
2019-12-24	4603	4641	4587	4634	478746	497470	0
2019-12-25	4630	4635	4566	4567	664560	538492	0
2019-12-26	4570	4581	4536	4574	491540	499502	0
2019-12-27	4575	4625	4561	4593	580842	472914	0
2019-12-30	4602	4657	4587	4647	514056	458686	0
2019-12-31	4644	4655	4578	4595	492390	420728	0
2020-01-02	4600	4638	4589	4635	164144	216905	0
2020-01-03	4630	4685	4617	4658	278855	217499	0
2020-01-06	4671	4784	4636	4753	312980	217597	0
2020-01-07	4726	4735	4679	4711	210501	208211	0
2020-01-08	4713	4927	4704	4788	424416	196438	0
2020-01-09	4766	4822	4728	4765	345074	195826	0
2020-01-10	4772	4893	4759	4882	359076	222037	0
2020-01-13	4874	4954	4851	4904	359567	212936	0
2020-01-14	4883	4892	4828	4854	271843	204195	0
2020-01-15	4844	4844	4776	4807	277537	199464	0
2020-01-16	4811	4820	4727	4754	248107	194077	0
2020-01-17	4746	4780	4743	4762	153816	194987	0
2020-01-20	4769	4783	4705	4722	279661	208777	0
2020-01-21	4707	4721	4633	4680	279362	196555	0
2020-01-22	4678	4683	4603	4672	217271	181307	0
2020-01-23	4664	4687	4599	4665	168529	164734	0
2020-02-03	4418	4423	4374	4374	110504	172086	0
2020-02-04	4262	4399	4262	4371	177709	163393	0
2020-02-05	4374	4466	4367	4387	218091	170506	0
2020-02-06	4401	4426	4381	4416	146579	174787	0
2020-02-07	4398	4435	4349	4423	159448	172349	0
2020-02-10	4412	4442	4406	4417	120170	174603	0
2020-02-11	4412	4458	4412	4424	172811	176490	0
2020-02-12	4428	4466	4401	4428	226372	183145	0
2020-02-13	4445	4457	4425	4441	158268	182951	0
2020-02-14	4442	4453	4410	4433	135300	181069	0
2020-02-17	4443	4489	4430	4487	203128	181739	0
2020-02-18	4479	4501	4436	4448	194404	189200	0
2020-02-19	4461	4480	4452	4469	126486	195374	0
2020-02-20	4488	4515	4450	4505	240087	192333	0
2020-02-21	4501	4540	4490	4532	214779	197866	0
2020-02-24	4509	4525	4450	4477	217808	195404	0
2020-02-25	4456	4502	4428	4500	168216	195546	0
2020-02-26	4481	4512	4434	4436	202480	198234	0
2020-02-27	4427	4439	4398	4412	158722	201053	0
2020-02-28	4381	4405	4308	4356	243734	194793	0
2020-03-02	4346	4409	4343	4390	191740	198861	0
2020-03-03	4412	4439	4370	4388	178310	204787	0
2020-03-04	4404	4430	4364	4379	175514	209217	0
2020-03-05	4390	4395	4356	4368	175163	219342	0
2020-03-06	4347	4348	4285	4315	258487	232405	0
2020-03-09	4152	4152	4103	4104	14567	226736	0
2020-03-10	3872	4187	3862	4155	385622	195899	0
2020-03-11	4137	4175	4074	4090	199749	197064	0
2020-03-12	4070	4084	3948	4033	285332	203421	0
2020-03-13	4000	4053	3964	4041	254821	202016	0
2020-03-16	4014	4026	3939	3940	252453	209087	0
2020-03-17	3949	3949	3820	3881	353476	213653	0
2020-03-18	3848	3886	3735	3742	340258	214079	0
2020-03-19	3723	3725	3633	3638	270455	210322	0
2020-03-20	3723	3755	3652	3716	302570	200670	0
2020-03-23	3635	3635	3511	3532	312769	204582	0
2020-03-24	3582	3598	3273	3427	662001	227133	0
2020-03-25	3424	3468	3350	3383	462981	247618	0
2020-03-26	3376	3442	3321	3359	471735	255679	0
2020-03-27	3360	3370	3201	3244	661778	280137	0
2020-03-30	3198	3198	3014	3025	565481	301473	0
2020-03-31	3080	3270	3050	3210	716140	262337	0
2020-04-01	3189	3219	3134	3207	447523	261303	0
2020-04-02	3198	3457	3198	3453	644302	236447	0
2020-04-03	3372	3465	3328	3445	560839	232042	0
2020-04-07	3483	3545	3447	3483	421560	237258	0
2020-04-08	3469	3524	3380	3477	499223	237933	0
2020-04-09	3482	3559	3482	3543	412622	241800	0
2020-04-10	3499	3584	3423	3573	559729	238456	0
2020-04-13	3619	3690	3449	3454	568277	245312	0
2020-04-14	3465	3544	3442	3529	459665	239505	0
2020-04-15	3472	3574	3459	3513	443305	241100	0
2020-04-16	3491	3548	3469	3512	358563	242667	0
2020-04-17	3535	3659	3535	3602	525073	250123	0
2020-04-20	3588	3692	3567	3679	449996	277749	0
2020-04-21	3631	3683	3414	3486	752810	242129	0
2020-04-22	3374	3421	3251	3277	617230	237474	0
2020-04-23	3348	3556	3348	3503	521439	228634	0
2020-04-24	3520	3535	3377	3396	482841	239295	0
2020-04-27	3392	3483	3366	3446	374384	231371	0
2020-04-28	3423	3494	3402	3494	373404	230522	0
2020-04-29	3526	3622	3526	3597	393274	223785	0
2020-04-30	3673	3683	3580	3663	287573	209350	0
2020-05-06	3760	3775	3665	3696	279968	215422	0
2020-05-07	3692	3739	3663	3690	295019	218385	0
2020-05-08	3720	3732	3634	3666	301614	215496	0
2020-05-11	3676	3683	3587	3610	313619	227965	0
2020-05-12	3608	3630	3566	3597	218133	226943	0
2020-05-13	3624	3647	3543	3609	369880	225421	0
2020-05-14	3609	3681	3587	3679	326064	233994	0
2020-05-15	3677	3749	3648	3733	381096	236607	0
2020-05-18	3730	3751	3670	3697	335731	229085	0
2020-05-19	3706	3780	3675	3704	360624	231097	0
2020-05-20	3721	3793	3712	3750	312173	233474	0
2020-05-21	3763	3839	3753	3804	416498	235725	0
2020-05-22	3806	3823	3689	3709	373745	221010	0
2020-05-25	3737	3770	3708	3738	268669	222418	0
2020-05-26	3728	3766	3718	3739	219271	219450	0
2020-05-27	3751	3792	3713	3749	297008	221171	0
2020-05-28	3735	3756	3675	3752	344186	216693	0
2020-05-29	3766	3772	3708	3724	270139	218901	0
2020-06-01	3721	3803	3716	3800	272185	227127	0
2020-06-02	3783	3813	3758	3773	242415	229140	0
2020-06-03	3773	3854	3762	3826	325951	229204	0
2020-06-04	3801	3818	3765	3776	227583	222377	0
2020-06-05	3781	3796	3736	3747	277512	245082	0
2020-06-08	3770	3808	3748	3782	366959	238434	0
2020-06-09	3779	3779	3706	3719	342182	262398	0
2020-06-10	3718	3754	3714	3736	214339	243768	0
2020-06-11	3744	3751	3685	3698	267623	249314	0
2020-06-12	3685	3686	3572	3660	346557	248798	0
2020-06-15	3677	3701	3607	3627	289512	254691	0
2020-06-16	3636	3694	3627	3678	230355	247696	0
2020-06-17	3686	3695	3633	3660	223327	257991	0
2020-06-18	3659	3698	3645	3695	208099	249733	0
2020-06-19	3690	3767	3677	3749	315848	256737	0
2020-06-22	3743	3754	3704	3721	226124	252149	0
2020-06-23	3733	3742	3703	3728	199769	250825	0
2020-06-24	3733	3740	3692	3701	197624	248909	0
2020-06-29	3664	3687	3610	3621	236470	269292	0
2020-06-30	3636	3652	3629	3632	167096	272701	0
2020-07-01	3623	3645	3598	3628	196619	271699	0
2020-07-02	3627	3652	3568	3642	322657	276698	0
2020-07-03	3642	3670	3633	3644	214511	279861	0
2020-07-06	3652	3683	3614	3660	288662	286139	0
2020-07-07	3658	3659	3552	3576	433428	339760	0
2020-07-08	3592	3621	3583	3596	248796	313043	0
2020-07-09	3600	3615	3566	3603	251546	312933	0
2020-07-10	3602	3604	3493	3509	443355	337569	0
2020-07-13	3533	3561	3530	3561	258489	313737	0
2020-07-14	3561	3582	3499	3576	344726	302557	0
2020-07-15	3565	3633	3565	3619	345237	285659	0
2020-07-16	3612	3623	3598	3609	241291	273750	0
2020-07-17	3620	3646	3566	3596	334565	261235	0
2020-07-20	3623	3665	3598	3618	363098	258822	0
2020-07-21	3620	3655	3614	3640	194013	257068	0
2020-07-22	3656	3700	3650	3682	310318	269092	0
2020-07-23	3664	3718	3630	3708	345314	268345	0
2020-07-24	3710	3782	3678	3755	563406	271554	0
2020-07-27	3749	3790	3746	3776	300838	279591	0
2020-07-28	3792	3806	3740	3764	328976	272390	0
2020-07-29	3760	3798	3742	3785	245898	273206	0
2020-07-30	3787	3794	3730	3765	265358	262861	0
2020-07-31	3766	3826	3728	3804	432766	277631	0
2020-08-03	3796	3808	3753	3765	277070	259970	0
2020-08-04	3776	3854	3773	3823	355812	272575	0
2020-08-05	3820	3873	3818	3859	373789	293289	0
2020-08-06	3888	3888	3822	3836	319357	276298	0
2020-08-07	3851	3870	3802	3839	321627	278503	0
2020-08-10	3848	3851	3781	3822	313447	267534	0
2020-08-11	3830	3850	3796	3798	255604	263247	0
2020-08-12	3811	3825	3770	3800	336953	248943	0
2020-08-13	3807	3857	3767	3844	388820	256097	0
2020-08-14	3858	3859	3824	3849	234504	255916	0
2020-08-17	3864	3946	3855	3929	426109	285522	0
2020-08-18	3926	3956	3902	3937	356780	278961	0
2020-08-19	3936	3944	3886	3888	334897	260373	0
2020-08-20	3899	3913	3847	3870	283588	254378	0
2020-08-21	3871	3898	3843	3875	247348	246518	0
2020-08-24	3875	3888	3854	3863	211417	253073	0
2020-08-25	3863	3906	3846	3895	241849	246802	0
2020-08-26	3901	3911	3872	3906	230897	247988	0
2020-08-27	3906	3939	3905	3933	301909	255092	0
2020-08-28	3938	3947	3911	3937	309127	248308	0
2020-08-31	3937	4033	3936	4033	368525	288577	0
2020-09-01	4046	4074	4007	4074	281972	305173	0
2020-09-02	4080	4095	4047	4069	275904	296671	0
2020-09-03	4072	4082	4019	4043	312062	294221	0
2020-09-04	4050	4050	4010	4042	343269	297219	0
2020-09-07	4051	4072	4005	4029	467465	296062	0
2020-09-08	4034	4076	4026	4052	303098	308970	0
2020-09-09	4018	4035	3934	3987	461119	264013	0
2020-09-10	4007	4014	3938	3938	374394	267967	0
2020-09-11	3942	3961	3919	3935	337707	265013	0
2020-09-14	3939	4037	3934	4036	362176	268906	0
2020-09-15	4021	4055	4015	4021	306818	269590	0
2020-09-16	4026	4045	3968	3972	296873	260370	0
2020-09-17	3981	3985	3897	3905	337202	278950	0
2020-09-18	3919	3945	3901	3919	233601	276701	0
2020-09-21	3914	3928	3858	3870	337067	282421	0
2020-09-22	3879	3882	3763	3798	431060	274738	0
2020-09-23	3809	3822	3752	3762	271803	276094	0
2020-09-24	3781	3802	3740	3787	320962	270578	0
2020-09-25	3789	3802	3757	3770	292632	269810	0
2020-09-28	3763	3788	3720	3753	310484	257348	0
2020-09-29	3762	3775	3712	3745	297304	254905	0
2020-09-30	3742	3754	3681	3732	269499	245149	0
2020-10-09	3805	3819	3764	3784	177675	247910	0
2020-10-12	3786	3875	3786	3864	428570	240522	0
2020-10-13	3880	3898	3841	3887	443400	242527	0
2020-10-14	3888	3976	3869	3969	391434	254935	0
2020-10-15	3972	3974	3899	3931	517173	236561	0
2020-10-16	3899	3948	3896	3941	319859	236554	0
2020-10-19	3946	4018	3935	3958	385071	234829	0
2020-10-20	3959	3998	3948	3998	225858	238363	0
2020-10-21	3987	4029	3966	3974	363913	246371	0
2020-10-22	3968	3970	3917	3953	244667	237140	0
2020-10-23	3954	3966	3885	3886	250358	230076	0
2020-10-26	3913	3947	3889	3896	334230	223939	0
2020-10-27	3895	3902	3840	3844	314846	227213	0
2020-10-28	3863	3868	3828	3836	249534	229508	0
2020-10-29	3798	3835	3776	3804	278135	234095	0
2020-10-30	3774	3822	3724	3756	321490	226193	0
2020-11-02	3757	3819	3751	3809	316262	232599	0
2020-11-03	3829	3871	3811	3850	281012	230841	0
2020-11-04	3868	3899	3842	3879	333842	233067	0
2020-11-05	3885	3892	3740	3740	668477	252368	0
2020-11-06	3745	3760	3683	3687	516374	265673	0
2020-11-09	3681	3743	3663	3729	334325	259212	0
2020-11-10	3773	3831	3750	3778	353590	245141	0
2020-11-11	3779	3836	3777	3822	298365	255074	0
2020-11-12	3814	3849	3738	3739	345300	263534	0
2020-11-13	3735	3748	3635	3659	469043	300116	0
2020-11-16	3669	3730	3654	3716	322693	283272	0
2020-11-17	3733	3740	3669	3673	311243	283001	0
2020-11-18	3700	3796	3686	3794	478344	271453	0
2020-11-19	3796	3826	3760	3822	417316	273798	0
2020-11-20	3822	3893	3821	3877	540365	286083	0
2020-11-23	3874	3923	3840	3887	596582	290815	0
2020-11-24	3889	3924	3824	3908	382454	290959	0
2020-11-25	3902	3944	3891	3912	369818	296782	0
2020-11-26	3913	3938	3849	3862	340141	294988	0
2020-11-27	3858	3933	3843	3930	286469	303469	0
2020-11-30	3926	3963	3867	3873	394126	298581	0
2020-12-01	3890	3912	3869	3901	334838	288911	0
2020-12-02	3890	3919	3830	3841	470846	275558	0
2020-12-03	3845	3897	3834	3843	460212	273798	0
2020-12-04	3847	3941	3786	3940	656485	275010	0
2020-12-07	3942	4045	3927	4034	639461	306224	0
2020-12-08	4009	4029	3976	3990	493385	299428	0
2020-12-09	3992	4032	3961	3998	403727	292849	0
2020-12-10	4017	4063	3914	3915	510316	277955	0
2020-12-11	3942	4011	3930	3999	416016	266334	0
2020-12-14	4021	4152	4020	4090	810196	289514	0
2020-12-15	4087	4127	4057	4124	408902	298769	0
2020-12-16	4138	4147	4091	4112	551294	295237	0
2020-12-17	4111	4206	4099	4194	731524	314049	0
2020-12-18	4198	4262	4159	4196	559244	302411	0
2020-12-21	4203	4230	4114	4171	458307	280967	0
2020-12-22	4175	4321	4132	4202	718415	271915	0
2020-12-23	4213	4218	4138	4199	399273	270135	0
2020-12-24	4229	4283	4212	4225	578951	280073	0
2020-12-25	4202	4337	4197	4332	469510	296678	0
2020-12-28	4346	4411	4231	4268	641246	287371	0
2020-12-29	4283	4284	4153	4174	534400	265031	0
2020-12-30	4196	4232	4152	4225	442475	259177	0
2020-12-31	4239	4401	4226	4392	589295	272023	0
2021-01-04	4425	4502	4353	4499	277420	292673	0
2021-01-05	4490	4521	4397	4419	327050	280253	0
2021-01-06	4452	4487	4404	4448	293355	280209	0
2021-01-07	4433	4507	4407	4438	369345	277011	0
2021-01-08	4426	4490	4373	4416	370741	265018	0
2021-01-11	4436	4475	4324	4432	466022	248959	0
2021-01-12	4431	4547	4396	4545	628436	302589	0
2021-01-13	4550	4584	4511	4549	416451	298180	0
2021-01-14	4557	4575	4405	4407	446783	274653	0
2021-01-15	4403	4455	4380	4441	316730	272043	0
2021-01-18	4435	4464	4364	4456	371133	255710	0
2021-01-19	4460	4502	4412	4440	339919	255761	0
2021-01-20	4458	4521	4422	4489	404338	264067	0
2021-01-21	4485	4509	4429	4448	373868	261452	0
2021-01-22	4449	4461	4300	4302	473713	273830	0
2021-01-25	4300	4396	4260	4375	365871	253313	0
2021-01-26	4367	4375	4310	4316	255275	252362	0
2021-01-27	4335	4446	4328	4435	338711	272709	0
2021-01-28	4442	4498	4416	4490	328755	281765	0
2021-01-29	4511	4666	4501	4650	570067	318922	0
2021-02-01	4671	4720	4623	4636	377733	311513	0
2021-02-02	4677	4783	4661	4742	400551	319758	0
2021-02-03	4753	4775	4643	4691	386483	304996	0
2021-02-04	4701	4720	4638	4689	332186	297343	0
2021-02-05	4687	4715	4581	4621	419157	287851	0
2021-02-08	4651	4767	4604	4678	355249	284348	0
2021-02-09	4673	4676	4593	4603	301027	278032	0
2021-02-10	4600	4603	4531	4538	285607	257809	0
2021-02-18	4869	4911	4746	4909	332498	267969	0
2021-02-19	4934	5020	4864	4952	455632	281899	0
2021-02-22	4936	5353	4915	5328	591019	306858	0
2021-02-23	5306	5507	5191	5238	838223	314489	0
2021-02-24	5223	5386	5160	5325	765200	326002	0
2021-02-25	5376	5740	5372	5681	917553	331549	0
2021-02-26	5683	5813	5499	5750	928003	343052	0
2021-03-01	5680	6022	5619	5771	1268563	345515	0
2021-03-02	5712	5719	5390	5391	1117577	340793	0
2021-03-03	5484	5564	5323	5414	964542	341440	0
2021-03-04	5457	5521	5390	5402	702407	346310	0
2021-03-05	5374	5641	5323	5523	982410	342455	0
2021-03-08	5565	5776	5528	5656	654807	345538	0
2021-03-09	5617	5621	5282	5292	762553	325540	0
2021-03-10	5342	5354	5205	5234	865708	308234	0
2021-03-11	5277	5296	5064	5103	872496	298301	0
2021-03-12	5123	5207	5029	5096	861326	297080	0
2021-03-15	5114	5197	5030	5071	741083	294740	0
2021-03-16	5026	5109	5026	5054	547058	295240	0
2021-03-17	5030	5101	4988	5023	631810	294612	0
2021-03-18	5001	5020	4948	4973	538655	300220	0
2021-03-19	4967	5038	4779	4844	790401	283047	0
2021-03-22	4859	4956	4807	4923	542495	277285	0
2021-03-23	4932	4952	4862	4898	416517	277945	0
2021-03-24	4865	5006	4859	4979	581222	281142	0
2021-03-25	4996	5044	4912	4915	554778	285528	0
2021-03-26	4914	4927	4811	4881	588193	286619	0
2021-03-29	4902	5006	4816	4825	555336	294685	0
2021-03-30	4868	4953	4851	4935	462821	289316	0
2021-03-31	4906	5028	4848	4881	737038	296947	0
2021-04-01	4900	4937	4847	4928	531449	296162	0
2021-04-02	4945	5054	4894	5022	575971	302393	0
2021-04-06	4976	5092	4957	5046	414991	327244	0
2021-04-07	5058	5118	5015	5049	448328	338439	0
2021-04-08	5077	5096	4934	4952	587031	331184	0
2021-04-09	4963	4963	4832	4842	548055	328001	0
2021-04-12	4852	4862	4726	4757	685037	327854	0
2021-04-13	4796	4798	4704	4763	462142	333019	0
2021-04-14	4791	4830	4729	4801	481296	329494	0
2021-04-15	4811	4916	4799	4909	509727	325906	0
2021-04-16	4880	4942	4858	4892	489448	329338	0
2021-04-19	4919	4939	4771	4829	564726	331651	0
2021-04-20	4827	4848	4705	4730	548503	345931	0
2021-04-21	4717	4719	4604	4624	529907	351218	0
2021-04-22	4593	4685	4587	4642	454285	339637	0
2021-04-23	4653	4661	4596	4651	340450	338889	0
2021-04-26	4630	4674	4548	4590	438652	344640	0
2021-04-27	4588	4688	4568	4642	398169	333395	0
2021-04-28	4645	4692	4597	4691	391213	329947	0
2021-04-29	4693	4734	4683	4697	335547	328835	0
2021-04-30	4733	4779	4660	4708	443609	309000	0
2021-05-06	4729	4824	4718	4807	275417	318021	0
2021-05-07	4837	4934	4817	4933	435405	326268	0
2021-05-10	4893	5031	4877	5019	506521	320438	0
2021-05-11	5010	5013	4896	4972	409639	308308	0
2021-05-12	4974	5247	4929	5230	581083	326870	0
2021-05-13	5194	5293	4968	5057	731787	316176	0
2021-05-14	5029	5054	4868	4921	576431	310212	0
2021-05-17	4944	4983	4891	4903	384798	309896	0
2021-05-18	4897	5005	4874	4943	381058	320427	0
2021-05-19	4942	4943	4830	4896	453415	308976	0
2021-05-20	4842	4930	4747	4902	702227	292372	0
2021-05-21	4913	4970	4861	4909	596975	296353	0
2021-05-24	4944	4954	4830	4847	508577	290275	0
2021-05-25	4859	4921	4818	4848	447800	299834	0
2021-05-26	4857	5026	4837	5015	467906	318385	0
2021-05-27	4963	4979	4862	4876	456209	311122	0
2021-05-28	4872	5006	4856	4937	444276	318659	0
2021-05-31	4960	5034	4937	4992	510964	348301	0
2021-06-01	5035	5120	5007	5088	421651	381431	0
2021-06-02	5125	5133	4976	5003	427322	367191	0
2021-06-03	5018	5080	4961	5018	361508	368988	0
2021-06-04	4998	5030	4968	5023	340949	360695	0
2021-06-07	5052	5066	4815	4824	551761	347315	0
2021-06-08	4851	4863	4763	4775	346276	335363	0
2021-06-09	4770	4806	4736	4782	307929	333265	0
2021-06-10	4784	4792	4709	4782	333354	330684	0
2021-06-11	4791	4832	4753	4826	354300	312386	0
2021-06-15	4830	4863	4762	4794	244949	315893	0
2021-06-16	4804	4892	4799	4864	303915	313275	0
2021-06-17	4877	4900	4815	4883	357621	314590	0
2021-06-18	4865	4886	4748	4776	375432	305099	0
2021-06-21	4787	4802	4689	4689	336278	333274	0
2021-06-22	4699	4835	4680	4822	322799	311744	0
2021-06-23	4791	4927	4789	4925	389019	311015	0
2021-06-24	4904	4964	4904	4929	310689	329498	0
2021-06-25	4919	5037	4903	5009	437534	339976	0
2021-06-28	5013	5017	4930	4966	339923	342639	0
2021-06-29	4990	5008	4919	4950	386009	343704	0
2021-06-30	4959	4994	4912	4926	371198	340302	0
2021-07-01	4937	4978	4906	4927	398883	345183	0
2021-07-02	5001	5088	4971	5084	564110	392149	0
2021-07-05	5062	5173	5054	5148	425311	403491	0
2021-07-06	5165	5253	5145	5176	389958	412372	0
2021-07-07	5141	5141	4960	5035	511717	371655	0
2021-07-08	5039	5040	4973	5003	336202	364251	0
2021-07-09	5003	5028	4971	5001	283553	367891	0
2021-07-12	5024	5135	5020	5043	395135	369797	0
2021-07-13	5039	5149	5021	5139	299890	381657	0
2021-07-14	5136	5262	5135	5242	395761	411819	0
2021-07-15	5260	5289	5144	5214	377327	416325	0
2021-07-16	5230	5370	5196	5271	470860	414775	0
2021-07-19	5270	5382	5250	5357	388990	420317	0
2021-07-20	5281	5417	5213	5302	585100	429152	0
2021-07-21	5334	5390	5279	5362	425356	439368	0
2021-07-22	5387	5516	5356	5370	610785	442655	0
2021-07-23	5392	5402	5292	5320	434751	421416	0
2021-07-26	5334	5359	5276	5327	376591	415488	0
2021-07-27	5350	5395	5241	5278	484867	401160	0
2021-07-28	5279	5312	5205	5293	346034	388404	0
2021-07-29	5322	5410	5294	5383	422436	421841	0
2021-07-30	5404	5476	5321	5388	523275	432889	0
2021-08-02	5371	5423	5260	5280	461149	420757	0
2021-08-03	5268	5273	5172	5197	470188	386617	0
2021-08-04	5192	5363	5185	5285	569356	394245	0
2021-08-05	5271	5324	5257	5271	377341	401669	0
2021-08-06	5277	5362	5260	5346	455760	428585	0
2021-08-09	5415	5444	5286	5359	603606	445273	0
2021-08-10	5341	5363	5232	5275	510054	419600	0
2021-08-11	5286	5313	5223	5225	422417	420526	0
2021-08-12	5216	5234	5175	5196	463134	407773	0
2021-08-13	5187	5187	5107	5108	426866	405437	0
2021-08-16	5117	5120	5028	5079	436035	405584	0
2021-08-17	5099	5099	5023	5045	363663	413442	0
2021-08-18	5044	5062	4993	5045	400119	404654	0
2021-08-19	5066	5079	4916	4926	440008	408079	0
2021-08-20	4902	4957	4833	4927	431457	406473	0
2021-08-23	4901	5011	4900	4991	415511	400078	0
2021-08-24	4988	5045	4970	4978	354230	402546	0
2021-08-25	4984	5011	4940	4995	301736	403169	0
2021-08-26	4994	5013	4901	4903	331188	420588	0
2021-08-27	4910	5097	4886	5096	491225	401327	0
2021-08-30	5087	5142	5020	5030	411111	395443	0
2021-08-31	5051	5060	5002	5029	279328	381070	0
2021-09-01	5025	5042	4939	5034	372433	344311	0
2021-09-02	5060	5163	5012	5142	424582	365214	0
2021-09-03	5117	5198	5104	5168	316029	378331	0
2021-09-06	5200	5219	5159	5210	302163	375798	0
2021-09-07	5210	5299	5206	5293	304045	394671	0
2021-09-08	5277	5334	5219	5286	446566	400656	0
2021-09-09	5304	5328	5212	5257	381196	396511	0
2021-09-10	5239	5405	5205	5264	535463	399670	0
2021-09-13	5273	5394	5243	5342	400304	417557	0
2021-09-14	5348	5479	5325	5452	513012	438861	0
2021-09-15	5456	5523	5410	5428	513213	420058	0
2021-09-16	5477	5555	5428	5462	524364	419559	0
2021-09-17	5462	5599	5393	5434	622302	398314	0
2021-09-22	5427	5439	5340	5439	325014	390637	0
2021-09-23	5423	5558	5377	5552	507364	412187	0
2021-09-24	5555	5728	5543	5637	720544	429404	0
2021-09-27	5644	6021	5624	5884	650842	417030	0
2021-09-28	5933	6218	5897	6141	706809	425441	0
2021-09-29	6131	6220	5907	6040	710757	394549	0
2021-09-30	6068	6435	6011	6435	543739	388145	0
2021-10-08	6657	6680	6294	6373	378853	359082	0
2021-10-11	6444	6921	6399	6863	646454	375143	0
2021-10-12	6853	7077	6801	6844	759218	381847	0
2021-10-13	6803	6972	6370	6370	915653	364908	0
2021-10-14	6412	6605	6286	6563	764799	362269	0
2021-10-15	6636	6921	6449	6916	974015	380763	0
2021-10-18	6952	7345	6846	7345	946607	420286	0
2021-10-19	7402	7506	7093	7274	957944	386134	0
2021-10-20	7131	7187	6713	6713	413381	372427	0
2021-10-21	6366	6826	6365	6457	850166	364250	0
2021-10-22	6540	6596	6098	6272	1115565	337603	0
2021-10-25	6307	6371	6054	6224	1128323	334694	0
2021-10-26	6226	6230	5915	6032	1190717	326998	0
2021-10-27	6043	6058	5554	5554	1074456	333495	0
2021-10-28	5528	5954	5313	5750	1387685	307778	0
2021-10-29	5757	5766	5392	5456	891887	322340	0
2021-11-01	5445	5705	5441	5620	778167	321988	0
2021-11-02	5642	5772	5496	5666	896376	328785	0
2021-11-03	5719	5777	5581	5637	806486	333794	0
2021-11-04	5598	5614	5360	5507	777552	328882	0
2021-11-05	5592	5639	5311	5359	609347	342774	0
2021-11-08	5377	5536	5360	5426	438316	338414	0
2021-11-09	5424	5490	5299	5342	447438	356770	0
2021-11-10	5334	5428	5189	5393	627077	369499	0
2021-11-11	5385	5419	5274	5376	504076	396257	0
2021-11-12	5329	5339	5079	5123	631334	444541	0
2021-11-15	5081	5264	5080	5129	514283	407264	0
2021-11-16	5127	5207	5066	5161	338071	404597	0
2021-11-17	5135	5158	5023	5087	474548	424633	0
2021-11-18	5092	5103	4934	4948	435529	442416	0
2021-11-19	4962	5092	4855	5056	474099	445579	0
2021-11-22	4952	5132	4929	5093	386001	435380	0
2021-11-23	5138	5198	5078	5153	303994	420710	0
2021-11-24	5173	5237	5132	5175	302515	418551	0
2021-11-25	5194	5306	5165	5228	436309	440524	0
2021-11-26	5209	5215	5016	5017	343156	420160	0
2021-11-29	4927	5045	4897	4913	411730	443898	0
2021-11-30	4944	5030	4850	4856	393963	416243	0
2021-12-01	4876	4973	4796	4949	390911	427852	0
2021-12-02	4961	5010	4861	4900	327221	412897	0
2021-12-03	4890	4890	4730	4831	414949	445932	0
2021-12-06	4821	4860	4731	4751	378143	459695	0
2021-12-07	4777	4884	4767	4846	384174	442910	0
2021-12-08	4887	4929	4852	4868	347520	428739	0
2021-12-09	4858	4991	4858	4924	392802	427103	0
2021-12-10	4912	4931	4787	4787	346739	429841	0
2021-12-13	4793	4950	4793	4932	338037	426585	0
2021-12-14	4918	4980	4856	4978	349270	424449	0
2021-12-15	4966	4969	4865	4904	347943	428657	0
2021-12-16	4919	4973	4870	4961	376696	426202	0
2021-12-17	4945	5027	4931	4957	393342	422730	0
2021-12-20	4953	4988	4743	4745	609516	454239	0
2021-12-21	4725	4767	4691	4731	385925	468363	0
2021-12-22	4724	4786	4707	4747	371446	462892	0
2021-12-23	4766	4780	4712	4738	332484	461453	0
2021-12-24	4749	4885	4744	4859	487003	418356	0
2021-12-27	4878	4892	4765	4777	363538	413002	0
2021-12-28	4770	4851	4727	4812	421010	422383	0
2021-12-29	4840	4871	4793	4854	354820	422311	0
2021-12-30	4854	4919	4812	4898	379926	419614	0
2021-12-31	4906	4954	4883	4931	394445	408517	0
2022-01-04	4951	5148	4951	5038	268683	404769	0
2022-01-05	5023	5122	5018	5047	365833	408269	0
2022-01-06	5051	5134	4997	5130	418725	409346	0
2022-01-07	5158	5290	5135	5267	418026	423482	0
2022-01-10	5262	5269	5159	5180	364684	410812	0
2022-01-11	5127	5164	5047	5092	405547	398664	0
2022-01-12	5089	5138	5056	5128	354937	403547	0
2022-01-13	5137	5252	5133	5191	384708	403134	0
2022-01-14	5228	5377	5228	5351	500639	422265	0
2022-01-17	5321	5365	5280	5306	386774	410876	0
2022-01-18	5292	5321	5157	5305	479860	407923	0
2022-01-19	5304	5440	5294	5329	441088	418316	0
2022-01-20	5345	5401	5278	5377	385670	417555	0
2022-01-21	5374	5391	5200	5230	467842	408734	0
2022-01-24	5264	5412	5264	5330	448410	410799	0
2022-01-25	5324	5324	5157	5193	417885	397323	0
2022-01-26	5178	5376	5178	5362	412329	403369	0
2022-01-27	5366	5506	5356	5499	446146	421765	0
2022-01-28	5522	5584	5413	5435	357195	403637	0
2022-02-07	5531	5654	5509	5530	324495	432364	0
2022-02-08	5549	5638	5478	5487	424769	442011	0
2022-02-09	5401	5401	5265	5285	484073	444946	0
2022-02-10	5303	5319	5238	5266	320844	457308	0
2022-02-11	5312	5410	5142	5142	546557	456717	0
2022-02-14	5182	5277	5116	5231	386885	449767	0
2022-02-15	5186	5361	5125	5272	490174	439557	0
2022-02-16	5194	5219	5129	5134	424893	461455	0
2022-02-17	5155	5165	5005	5011	436667	488682	0
2022-02-18	4981	5091	4979	5053	345129	482574	0
2022-02-21	5016	5075	4989	5017	318555	500131	0
2022-02-22	5030	5106	5015	5021	361123	502748	0
2022-02-23	5013	5069	4969	5030	327081	505551	0
2022-02-24	5049	5198	5041	5134	420514	481589	0
2022-02-25	5165	5235	4996	5019	465619	473741	0
2022-02-28	5007	5013	4887	4904	458395	513596	0
2022-03-01	4885	5056	4881	5046	425497	495857	0
2022-03-02	5124	5306	5081	5280	588393	447942	0
2022-03-03	5334	5541	5251	5509	633578	438603	0
2022-03-04	5506	5552	5323	5429	600335	429988	0
2022-03-07	5444	5772	5422	5703	558941	429196	0
2022-03-08	5685	5715	5468	5584	616931	407481	0
2022-03-09	5518	5907	5492	5798	707147	419008	0
2022-03-10	5674	5713	5305	5471	562392	392731	0
2022-03-11	5467	5570	5347	5431	464542	401938	0
2022-03-14	5384	5429	5152	5158	387199	409792	0
2022-03-15	5164	5207	5082	5082	394958	414196	0
2022-03-16	5075	5250	5058	5213	376475	418838	0
2022-03-17	5232	5257	5115	5168	373004	423485	0
2022-03-18	5246	5341	5192	5336	398088	430706	0
2022-03-21	5268	5328	5213	5247	335020	431356	0
2022-03-22	5248	5304	5184	5202	382562	446869	0
2022-03-23	5195	5222	5131	5184	330761	453652	0
2022-03-24	5242	5293	5126	5128	415748	463143	0
2022-03-25	5117	5272	5100	5272	485277	457715	0
2022-03-28	5269	5416	5267	5297	701898	454567	0
2022-03-29	5312	5375	5269	5316	505275	451174	0
2022-03-30	5227	5318	5207	5291	467287	445475	0
2022-03-31	5312	5350	5166	5174	521124	450137	0
2022-04-01	5169	5198	5100	5120	433243	449707	0
2022-04-06	5128	5154	5022	5116	275954	466588	0
2022-04-07	5114	5137	5041	5111	414627	466350	0
2022-04-08	5128	5164	5069	5099	435123	463826	0
2022-04-11	5105	5107	4881	4882	561824	524451	0
2022-04-12	4862	4959	4849	4953	425124	520197	0
2022-04-13	4946	4962	4845	4846	410654	538651	0
2022-04-14	4873	4912	4858	4878	362256	532012	0
2022-04-15	4883	4957	4863	4879	464827	540043	0
2022-04-18	4874	4989	4822	4974	558204	520552	0
2022-04-19	4994	5048	4979	5007	508122	493230	0
2022-04-20	4989	5077	4989	5039	456342	474872	0
2022-04-21	5021	5041	4959	5004	475642	488031	0
2022-04-22	5000	5047	4956	5022	592878	474914	0
2022-04-25	5061	5063	4724	4755	753750	502575	0
2022-04-26	4770	4780	4650	4657	673272	522799	0
2022-04-27	4675	4702	4613	4663	576258	532701	0
2022-04-28	4630	4856	4597	4829	732424	496101	0
2022-04-29	4862	4985	4857	4949	576469	439638	0
2022-05-05	4962	5080	4962	5061	319446	425985	0
2022-05-06	5108	5109	5006	5016	422332	427746	0
2022-05-09	5011	5046	4943	4958	514881	427967	0
2022-05-10	4929	4991	4831	4991	548820	437205	0
2022-05-11	5020	5061	4879	5019	500390	428358	0
2022-05-12	4999	5075	4956	4999	543407	422916	0
2022-05-13	4979	5200	4975	5188	609994	447522	0
2022-05-16	5188	5214	5092	5134	446474	443906	0
2022-05-17	5154	5177	5100	5128	368445	446282	0
2022-05-18	5116	5137	5046	5114	364348	446337	0
数据来源:通达信
