FBL9 纤板指数 日线 前复权
      日期	    开盘	    最高	    最低	    收盘	    成交量	    持仓量	    结算价
2019-12-03	1485.5	1485.5	1410.5	1411.0	16684	4320	0.0
2019-12-04	1401.5	1405.5	1351.0	1372.0	109946	15874	0.0
2019-12-05	1379.5	1435.5	1376.0	1435.5	166700	17512	0.0
2019-12-06	1449.5	1466.0	1431.5	1453.0	121086	14034	0.0
2019-12-09	1467.5	1508.5	1461.5	1498.0	95618	15794	0.0
2019-12-10	1511.5	1538.0	1474.0	1535.0	129118	17768	0.0
2019-12-11	1529.5	1544.5	1495.5	1499.0	97732	13998	0.0
2019-12-12	1502.0	1538.5	1497.5	1534.0	117572	17352	0.0
2019-12-13	1541.5	1547.5	1517.0	1520.5	78192	15688	0.0
2019-12-16	1507.5	1517.0	1472.0	1478.0	138366	17462	0.0
2019-12-17	1483.0	1503.0	1475.0	1480.0	54688	16412	0.0
2019-12-18	1477.0	1495.0	1462.5	1462.5	45102	16634	0.0
2019-12-19	1472.0	1478.5	1461.0	1471.5	44172	15034	0.0
2019-12-20	1476.0	1521.5	1475.5	1504.0	100942	14894	0.0
2019-12-23	1510.5	1519.5	1486.0	1493.5	55936	14400	0.0
2019-12-24	1494.5	1500.5	1477.0	1483.5	29184	13946	0.0
2019-12-25	1487.0	1511.5	1487.0	1501.5	44880	15260	0.0
2019-12-26	1509.0	1515.5	1490.5	1495.5	34588	16996	0.0
2019-12-27	1505.5	1507.0	1455.0	1455.5	52516	22360	0.0
2019-12-30	1459.5	1462.5	1424.5	1438.0	112952	23650	0.0
2019-12-31	1441.0	1452.0	1432.5	1439.5	38064	25666	0.0
2020-01-02	1443.0	1462.0	1431.0	1458.0	19728	11675	0.0
2020-01-03	1464.5	1468.0	1448.0	1453.5	16320	10391	0.0
2020-01-06	1456.5	1457.0	1435.0	1437.0	11320	10786	0.0
2020-01-07	1433.5	1454.5	1427.5	1451.0	18886	9925	0.0
2020-01-08	1450.5	1466.0	1449.5	1466.0	9674	9621	0.0
2020-01-09	1469.5	1472.5	1440.5	1440.5	8946	9410	0.0
2020-01-10	1443.0	1452.0	1433.0	1450.0	10763	8810	0.0
2020-01-13	1455.5	1465.5	1451.0	1457.5	7194	8811	0.0
2020-01-14	1448.0	1452.0	1438.0	1448.0	6191	8390	0.0
2020-01-15	1451.5	1482.5	1448.5	1474.5	20605	10003	0.0
2020-01-16	1475.5	1488.5	1469.0	1475.5	12582	10227	0.0
2020-01-17	1470.5	1470.5	1436.5	1438.0	16079	11659	0.0
2020-01-20	1441.0	1444.5	1430.0	1437.0	11190	11892	0.0
2020-01-21	1437.0	1444.0	1401.0	1405.0	27985	11877	0.0
2020-01-22	1403.5	1411.0	1394.5	1401.0	13438	11540	0.0
2020-01-23	1399.0	1418.5	1395.0	1407.5	12989	9351	0.0
2020-02-03	1352.5	1399.0	1352.0	1365.0	13047	9079	0.0
2020-02-04	1366.0	1389.0	1366.0	1377.0	8243	8348	0.0
2020-02-05	1384.0	1391.0	1378.0	1380.5	5278	8169	0.0
2020-02-06	1382.5	1388.5	1376.0	1388.5	5329	7962	0.0
2020-02-07	1393.5	1398.0	1383.0	1385.0	4553	7930	0.0
2020-02-10	1382.5	1387.0	1376.0	1385.0	3661	7678	0.0
2020-02-11	1388.0	1405.0	1386.5	1403.0	7034	7895	0.0
2020-02-12	1401.5	1402.0	1371.0	1376.0	11565	7691	0.0
2020-02-13	1375.5	1377.5	1360.5	1365.0	9980	7830	0.0
2020-02-14	1380.5	1386.0	1370.5	1377.0	6642	7177	0.0
2020-02-17	1378.0	1385.0	1373.0	1382.0	5152	6456	0.0
2020-02-18	1383.0	1387.0	1367.0	1378.0	4933	6742	0.0
2020-02-19	1372.5	1384.0	1371.0	1377.0	5842	6929	0.0
2020-02-20	1377.0	1403.5	1377.0	1396.0	7713	6682	0.0
2020-02-21	1404.5	1431.5	1393.0	1412.5	15264	6762	0.0
2020-02-24	1420.5	1429.0	1390.5	1401.0	8296	6643	0.0
2020-02-25	1392.0	1413.0	1387.0	1405.0	5828	6430	0.0
2020-02-26	1406.0	1406.5	1373.5	1376.0	4244	6169	0.0
2020-02-27	1369.5	1372.5	1358.5	1363.0	4643	6362	0.0
2020-02-28	1340.5	1347.0	1309.5	1323.0	10525	6539	0.0
2020-03-02	1333.5	1351.5	1330.0	1333.0	6947	7120	0.0
2020-03-03	1346.5	1351.0	1333.0	1337.5	4183	7469	0.0
2020-03-04	1337.5	1350.0	1334.0	1342.0	3769	7125	0.0
2020-03-05	1347.5	1347.5	1336.5	1340.0	3956	6935	0.0
2020-03-06	1336.0	1340.5	1328.5	1333.5	4970	7373	0.0
2020-03-09	1316.5	1332.5	1310.5	1325.5	7326	6519	0.0
2020-03-10	1329.0	1342.5	1327.5	1335.5	3654	6068	0.0
2020-03-11	1338.0	1370.0	1336.5	1362.5	8514	5218	0.0
2020-03-12	1353.5	1360.5	1323.0	1343.0	4953	5106	0.0
2020-03-13	1334.5	1358.0	1328.0	1345.0	5137	4695	0.0
2020-03-16	1355.0	1361.5	1336.0	1337.5	2557	4526	0.0
2020-03-17	1338.5	1353.0	1333.5	1353.0	2274	4126	0.0
2020-03-18	1350.5	1362.5	1338.0	1340.5	4776	4599	0.0
2020-03-19	1338.5	1350.0	1316.0	1339.5	6547	4683	0.0
2020-03-20	1344.0	1351.0	1334.0	1337.5	2851	3778	0.0
2020-03-23	1334.5	1338.0	1298.5	1320.0	4108	4056	0.0
2020-03-24	1329.5	1355.5	1325.0	1350.0	2863	3790	0.0
2020-03-25	1361.5	1364.0	1350.5	1361.0	3203	2980	0.0
2020-03-26	1358.0	1374.5	1353.0	1356.5	2695	2776	0.0
2020-03-27	1355.0	1375.5	1353.0	1367.5	2177	2725	0.0
2020-03-30	1368.0	1369.5	1353.5	1362.5	1876	2713	0.0
2020-03-31	1363.5	1375.0	1358.0	1361.0	1705	2498	0.0
2020-04-01	1359.0	1360.0	1330.0	1337.5	2409	2162	0.0
2020-04-02	1334.0	1352.0	1329.5	1349.0	2045	1889	0.0
2020-04-03	1356.5	1368.5	1341.0	1358.5	1979	1823	0.0
2020-04-07	1361.0	1366.5	1359.0	1365.5	939	1900	0.0
2020-04-08	1363.5	1365.0	1357.5	1359.0	793	1747	0.0
2020-04-09	1355.0	1355.0	1300.5	1344.0	1483	1686	0.0
2020-04-10	1343.5	1351.0	1328.0	1331.0	1385	1515	0.0
2020-04-14	1334.5	1341.5	1325.5	1338.0	914	1235	0.0
2020-04-15	1343.5	1343.5	1329.5	1336.0	925	1130	0.0
2020-04-16	1338.5	1342.5	1333.0	1334.0	618	973	0.0
2020-04-17	1335.0	1341.5	1333.0	1334.5	719	754	0.0
2020-04-20	1333.5	1402.5	1322.5	1390.0	10184	3275	0.0
2020-04-21	1392.5	1428.0	1344.5	1351.0	12374	1781	0.0
2020-04-22	1351.5	1355.0	1317.0	1330.5	3009	1119	0.0
2020-04-23	1333.5	1361.5	1330.0	1339.0	2095	1037	0.0
2020-04-24	1342.0	1352.0	1323.0	1323.5	1857	1031	0.0
2020-04-27	1321.0	1324.0	1273.0	1273.5	3654	1133	0.0
2020-04-28	1236.0	1268.0	1236.0	1244.0	3229	878	0.0
2020-04-29	1243.0	1274.5	1205.0	1238.5	4686	797	0.0
2020-04-30	1249.0	1264.5	1223.5	1239.5	4225	541	0.0
2020-05-06	1219.0	1276.5	1215.5	1270.0	712	648	0.0
2020-05-07	1267.0	1267.0	1267.0	1267.0	1326	732	0.0
2020-05-08	1344.5	1350.5	1331.5	1334.5	8547	1176	0.0
2020-05-11	1315.5	1315.5	1315.5	1315.5	2408	990	0.0
2020-05-13	1308.0	1308.0	1308.0	1308.0	1336	996	0.0
2020-06-04	1343.5	1346.5	1343.0	1346.5	445	562	0.0
2020-06-15	1338.0	1339.5	1330.0	1335.0	101	539	0.0
2020-06-18	1339.5	1354.5	1339.5	1342.5	938	597	0.0
2020-06-22	1337.5	1343.5	1333.5	1333.5	187	603	0.0
2020-07-20	1335.0	1335.0	1317.0	1319.0	156	619	0.0
2020-07-27	1319.5	1337.0	1319.5	1320.0	252	552	0.0
2020-08-03	1318.5	1325.0	1316.0	1317.0	99	520	0.0
2020-08-10	1319.0	1319.0	1302.0	1306.0	207	709	0.0
2020-08-17	1240.0	1240.0	1221.0	1230.0	688	945	0.0
2020-08-24	1233.5	1235.0	1224.0	1228.0	318	804	0.0
2020-08-31	1166.5	1222.0	1128.0	1132.5	3326	326	0.0
2020-09-01	1130.0	1168.0	1130.0	1168.0	244	194	0.0
2020-09-02	1310.5	1310.5	1310.5	1310.5	237	85	0.0
2020-09-14	1228.0	1236.5	1219.0	1224.5	1185	660	0.0
2020-10-09	1234.5	1234.5	1234.5	1234.5	687	433	0.0
2020-10-12	1237.0	1270.0	1232.5	1251.0	2449	813	0.0
2020-10-13	1232.5	1232.5	1232.5	1232.5	1098	769	0.0
2020-10-14	1225.5	1228.0	1203.5	1210.5	1315	791	0.0
2020-10-15	1210.0	1220.5	1209.5	1218.0	726	848	0.0
2020-10-16	1222.0	1270.0	1215.0	1269.5	3340	1567	0.0
2020-10-19	1283.5	1283.5	1283.5	1283.5	15704	3326	0.0
2020-10-20	1264.5	1269.0	1251.0	1252.0	12265	3108	0.0
2020-10-21	1287.5	1287.5	1287.5	1287.5	10285	3009	0.0
2020-10-22	1278.0	1278.0	1278.0	1278.0	16831	3065	0.0
2020-10-23	1276.5	1305.0	1250.0	1250.0	12169	2608	0.0
2020-10-26	1225.0	1225.0	1225.0	1225.0	9055	2698	0.0
2020-10-27	1234.0	1234.0	1234.0	1234.0	11659	2472	0.0
2020-10-28	1231.5	1231.5	1231.5	1231.5	8262	1870	0.0
2020-10-29	1210.0	1221.0	1191.0	1197.5	8110	1941	0.0
2020-10-30	1205.0	1275.5	1195.5	1272.5	10427	920	0.0
2020-11-02	1283.5	1288.0	1267.5	1285.5	1413	948	0.0
2020-11-03	1318.5	1318.5	1318.5	1318.5	7320	1979	0.0
2020-11-04	1325.0	1326.0	1298.5	1301.0	7042	1652	0.0
2020-11-05	1305.0	1322.0	1304.0	1310.0	3289	1764	0.0
2020-11-06	1325.5	1337.0	1308.0	1313.0	5439	1752	0.0
2020-11-09	1308.5	1308.5	1308.5	1308.5	2725	1435	0.0
2020-11-10	1308.0	1319.5	1303.0	1310.0	2356	1672	0.0
2020-11-11	1323.5	1333.5	1318.5	1322.0	3982	1969	0.0
2020-11-12	1326.5	1331.5	1310.5	1318.5	3214	1758	0.0
2020-11-13	1318.0	1321.0	1306.5	1309.0	1735	1472	0.0
2020-11-16	1315.0	1315.0	1315.0	1315.0	2000	1412	0.0
2020-11-17	1316.5	1322.5	1301.5	1303.0	2890	1400	0.0
2020-11-18	1287.5	1287.5	1287.5	1287.5	2605	1280	0.0
2020-11-19	1294.5	1294.5	1294.5	1294.5	2329	1256	0.0
2020-11-20	1319.5	1319.5	1319.5	1319.5	4886	1611	0.0
2020-11-23	1323.0	1337.0	1307.0	1314.0	6578	2583	0.0
2020-11-24	1316.0	1323.5	1303.5	1310.0	3236	2492	0.0
2020-11-25	1310.5	1321.5	1300.5	1306.0	3379	2064	0.0
2020-11-26	1308.5	1321.0	1308.0	1314.5	3474	2357	0.0
2020-11-27	1319.5	1382.0	1311.0	1378.5	11716	4946	0.0
2020-11-30	1374.0	1389.5	1331.5	1364.0	13815	4854	0.0
2020-12-01	1401.5	1429.0	1392.5	1426.0	24277	6522	0.0
2020-12-02	1432.5	1432.5	1432.5	1432.5	18079	6996	0.0
2020-12-03	1439.5	1446.0	1411.0	1437.5	14058	7150	0.0
2020-12-04	1434.5	1459.0	1421.5	1429.5	11347	7162	0.0
2020-12-07	1433.0	1463.0	1419.0	1441.5	8973	7567	0.0
2020-12-08	1456.0	1469.0	1423.5	1439.0	11921	7624	0.0
2020-12-09	1429.5	1445.0	1412.0	1437.5	5702	7475	0.0
2020-12-10	1443.0	1444.5	1421.5	1421.5	4134	6957	0.0
2020-12-11	1425.0	1436.0	1387.0	1422.5	7202	6965	0.0
2020-12-14	1413.5	1417.0	1401.5	1413.5	5087	6583	0.0
2020-12-15	1395.5	1429.0	1395.5	1414.0	5022	6496	0.0
2020-12-16	1433.0	1433.5	1414.5	1419.0	3465	6337	0.0
2020-12-17	1422.5	1423.0	1404.5	1404.5	1914	6060	0.0
2020-12-18	1413.0	1414.5	1341.5	1341.5	11079	4644	0.0
2020-12-21	1330.5	1338.5	1272.0	1288.5	12453	3396	0.0
2020-12-22	1287.5	1287.5	1287.5	1287.5	6245	3266	0.0
2020-12-23	1291.0	1297.5	1247.5	1250.5	7752	2767	0.0
2020-12-24	1261.5	1272.5	1249.0	1259.5	5023	2837	0.0
2020-12-25	1268.5	1277.0	1252.5	1257.0	5288	2808	0.0
2020-12-28	1259.0	1260.5	1219.0	1246.5	5321	2284	0.0
2020-12-29	1249.5	1280.0	1242.5	1268.0	8481	2128	0.0
2020-12-30	1279.5	1282.0	1249.0	1265.5	5060	1566	0.0
2020-12-31	1269.0	1309.0	1268.0	1302.5	4242	848	0.0
2021-01-04	1323.5	1323.5	1323.5	1323.5	1003	925	0.0
2021-01-05	1320.5	1374.5	1320.5	1368.0	6363	1628	0.0
2021-01-06	1378.5	1394.0	1369.5	1376.5	5961	1961	0.0
2021-01-07	1381.0	1388.5	1351.0	1351.5	5288	2014	0.0
2021-01-08	1354.0	1370.0	1338.5	1348.5	3743	2042	0.0
2021-01-11	1348.0	1349.5	1296.5	1297.5	3654	1984	0.0
2021-01-12	1298.0	1308.5	1286.5	1298.5	3249	1967	0.0
2021-01-13	1302.5	1312.5	1295.5	1297.5	2655	2092	0.0
2021-01-14	1294.5	1295.0	1266.5	1267.5	3797	2016	0.0
2021-01-15	1273.0	1279.0	1255.5	1265.0	3164	1842	0.0
2021-01-18	1271.5	1296.0	1270.5	1294.0	2807	1666	0.0
2021-01-19	1297.5	1307.0	1289.5	1294.0	3233	1876	0.0
2021-01-20	1296.0	1302.0	1281.0	1285.5	2031	1863	0.0
2021-01-21	1289.0	1297.5	1276.0	1294.5	2528	1717	0.0
2021-01-22	1296.5	1297.0	1280.0	1284.0	2288	1584	0.0
2021-01-25	1286.0	1290.0	1252.0	1280.5	2337	1307	0.0
2021-01-26	1283.0	1297.0	1280.0	1283.0	1775	1170	0.0
2021-01-27	1291.0	1294.0	1278.0	1279.0	1396	1130	0.0
2021-01-28	1276.5	1289.0	1274.0	1287.0	1508	986	0.0
2021-01-29	1285.5	1294.5	1270.0	1280.0	2011	975	0.0
2021-02-01	1282.0	1286.5	1276.0	1282.5	603	1031	0.0
2021-02-02	1283.5	1288.5	1278.0	1278.5	664	1105	0.0
2021-02-03	1282.0	1282.0	1267.0	1271.0	1153	1255	0.0
2021-02-04	1271.5	1275.5	1263.0	1263.5	1192	1291	0.0
2021-02-05	1260.0	1264.0	1247.0	1260.0	2474	1338	0.0
2021-02-08	1265.0	1276.0	1247.5	1254.0	2930	1307	0.0
2021-02-09	1257.0	1257.5	1235.5	1248.5	2836	1258	0.0
2021-02-10	1246.0	1250.5	1228.0	1232.0	2655	1303	0.0
2021-02-18	1243.5	1265.0	1234.5	1247.5	3670	1496	0.0
2021-02-19	1253.5	1264.5	1247.5	1256.5	4101	1785	0.0
2021-02-22	1262.0	1272.5	1257.0	1263.5	3876	2058	0.0
2021-02-23	1265.5	1276.0	1250.5	1256.5	4497	2040	0.0
2021-02-24	1254.5	1264.0	1220.5	1239.0	6627	1748	0.0
2021-02-25	1246.5	1282.5	1227.0	1281.0	7427	1919	0.0
2021-02-26	1268.5	1319.5	1256.5	1319.5	4645	1089	0.0
2021-03-01	1307.5	1327.0	1285.5	1285.5	2739	1189	0.0
2021-03-02	1269.0	1272.0	1248.0	1253.0	1822	1108	0.0
2021-03-03	1251.5	1272.5	1244.0	1258.5	2752	1201	0.0
2021-03-04	1257.0	1327.0	1257.0	1299.5	7947	1797	0.0
2021-03-05	1297.5	1322.0	1291.0	1293.5	4764	1747	0.0
2021-03-08	1298.5	1331.0	1297.0	1321.5	5267	1921	0.0
2021-03-09	1320.0	1403.0	1320.0	1402.5	9365	4239	0.0
2021-03-10	1423.5	1469.0	1398.0	1438.5	56042	6435	0.0
2021-03-11	1442.0	1463.5	1432.5	1444.0	23544	7519	0.0
2021-03-12	1454.0	1454.5	1418.5	1447.5	17903	7278	0.0
2021-03-15	1463.5	1513.0	1459.0	1503.0	29875	9902	0.0
2021-03-16	1505.0	1530.5	1451.0	1462.0	32151	8440	0.0
2021-03-17	1466.5	1475.0	1428.5	1437.0	18952	8108	0.0
2021-03-18	1444.0	1452.0	1375.0	1375.5	24067	7123	0.0
2021-03-19	1371.5	1379.0	1334.0	1353.0	15833	6006	0.0
2021-03-22	1348.5	1390.0	1342.0	1377.5	15625	6780	0.0
2021-03-23	1383.5	1385.5	1352.5	1367.5	10787	6592	0.0
2021-03-24	1361.0	1365.0	1342.0	1350.5	7607	6176	0.0
2021-03-25	1355.5	1360.5	1331.5	1340.5	10037	6014	0.0
2021-03-26	1341.0	1364.0	1338.5	1342.0	10401	5815	0.0
2021-03-29	1349.0	1360.0	1337.5	1343.0	8663	5880	0.0
2021-03-30	1347.0	1353.5	1312.0	1322.0	8454	6014	0.0
2021-03-31	1323.0	1323.0	1285.0	1293.5	9277	6027	0.0
2021-04-01	1297.0	1307.0	1287.5	1294.0	9133	5142	0.0
2021-04-02	1296.5	1319.5	1295.0	1308.5	8292	4926	0.0
2021-04-06	1311.0	1324.5	1308.5	1315.0	6130	5068	0.0
2021-04-07	1319.0	1325.0	1305.5	1306.5	5575	5165	0.0
2021-04-08	1301.0	1309.0	1293.0	1299.5	5486	5308	0.0
2021-04-09	1303.5	1309.0	1292.0	1298.5	4696	5348	0.0
2021-04-12	1302.0	1304.5	1272.5	1288.5	5793	5010	0.0
2021-04-13	1290.5	1290.5	1275.0	1281.0	3592	4902	0.0
2021-04-14	1284.0	1286.5	1275.5	1279.0	2985	5133	0.0
2021-04-15	1294.0	1312.5	1284.0	1308.5	7944	4364	0.0
2021-04-16	1313.0	1321.5	1303.5	1310.0	5463	4499	0.0
2021-04-19	1308.5	1309.5	1289.0	1298.5	4948	4088	0.0
2021-04-20	1301.0	1301.0	1282.0	1289.0	4514	4155	0.0
2021-04-21	1283.5	1300.0	1279.0	1295.0	4806	4233	0.0
2021-04-22	1297.0	1340.5	1296.5	1323.0	10248	4702	0.0
2021-04-23	1333.5	1340.5	1300.5	1300.5	7145	4192	0.0
2021-04-26	1293.5	1308.5	1290.5	1297.5	5625	4271	0.0
2021-04-27	1299.5	1319.0	1290.5	1298.0	8308	3716	0.0
2021-04-28	1299.5	1299.5	1264.0	1266.5	8065	3142	0.0
2021-04-29	1260.5	1280.0	1257.0	1266.0	7156	2356	0.0
2021-04-30	1264.0	1333.5	1254.5	1327.0	7767	1769	0.0
2021-05-06	1343.0	1362.5	1334.0	1362.0	3349	2034	0.0
2021-05-07	1375.0	1390.5	1345.5	1349.5	7247	2556	0.0
2021-05-10	1357.5	1381.0	1352.0	1369.0	6279	3055	0.0
2021-05-11	1350.5	1360.5	1343.0	1348.0	4262	2398	0.0
2021-05-12	1352.0	1359.5	1346.5	1351.0	3942	2519	0.0
2021-05-13	1346.0	1378.5	1336.5	1367.0	9241	2516	0.0
2021-05-14	1370.5	1407.0	1335.5	1387.5	17008	2992	0.0
2021-05-17	1395.5	1407.0	1379.0	1391.0	8680	3136	0.0
2021-05-18	1395.0	1398.5	1377.0	1381.0	6498	2911	0.0
2021-05-19	1378.0	1394.0	1369.0	1384.0	6239	3021	0.0
2021-05-20	1373.5	1380.0	1361.5	1370.5	6220	2897	0.0
2021-05-21	1371.0	1397.0	1370.5	1386.5	6529	2962	0.0
2021-05-24	1391.5	1412.5	1375.0	1378.5	7491	2907	0.0
2021-05-25	1384.5	1386.0	1367.0	1377.5	4269	2984	0.0
2021-05-26	1379.5	1396.5	1376.5	1391.0	4297	2950	0.0
2021-05-27	1393.0	1395.5	1376.5	1381.5	3348	2766	0.0
2021-05-28	1390.0	1398.0	1380.5	1398.0	3724	2434	0.0
2021-05-31	1396.5	1417.5	1379.0	1388.5	6900	1461	0.0
2021-06-01	1386.5	1402.0	1384.5	1402.0	3722	1745	0.0
2021-06-02	1401.5	1429.0	1396.5	1421.5	9098	2446	0.0
2021-06-03	1426.0	1445.5	1408.5	1420.0	8489	2636	0.0
2021-06-04	1414.5	1417.0	1400.0	1410.0	4295	2378	0.0
2021-06-07	1416.5	1475.5	1416.5	1465.0	12050	4366	0.0
2021-06-08	1468.5	1494.5	1458.0	1479.5	19618	5645	0.0
2021-06-09	1492.5	1492.5	1462.0	1468.0	11692	5557	0.0
2021-06-10	1454.0	1459.5	1424.5	1427.0	9309	4333	0.0
2021-06-11	1399.5	1426.5	1378.0	1387.5	11501	3607	0.0
2021-06-15	1418.0	1430.5	1390.0	1403.5	8527	3246	0.0
2021-06-16	1412.0	1415.5	1386.0	1405.5	5516	3144	0.0
2021-06-17	1399.0	1413.5	1399.0	1402.5	4847	3190	0.0
2021-06-18	1401.0	1401.5	1386.0	1389.0	3338	3114	0.0
2021-06-21	1393.0	1411.5	1393.0	1398.0	2982	3066	0.0
2021-06-22	1404.5	1406.0	1330.5	1330.5	15164	7494	0.0
2021-06-23	1315.5	1330.0	1266.0	1272.0	66980	19675	0.0
2021-06-24	1278.5	1338.5	1276.0	1332.0	64936	16196	0.0
2021-06-25	1338.0	1370.5	1335.5	1363.0	40531	11270	0.0
2021-06-28	1357.5	1368.5	1320.0	1354.5	27646	8380	0.0
2021-06-29	1358.0	1371.5	1347.5	1359.5	22398	6843	0.0
2021-06-30	1357.5	1374.0	1355.5	1369.0	13015	6439	0.0
2021-07-01	1370.0	1376.5	1362.0	1373.5	9120	6239	0.0
2021-07-02	1375.0	1387.0	1366.0	1377.5	10231	5723	0.0
2021-07-05	1382.0	1383.0	1355.5	1358.5	9205	5967	0.0
2021-07-06	1360.5	1374.0	1349.0	1350.0	7332	5517	0.0
2021-07-07	1335.5	1355.0	1334.5	1354.5	9218	5585	0.0
2021-07-08	1353.5	1361.0	1344.5	1355.0	6547	5549	0.0
2021-07-09	1355.0	1363.0	1354.0	1359.5	4589	5233	0.0
2021-07-12	1364.5	1373.5	1358.5	1364.0	6253	4785	0.0
2021-07-13	1366.5	1374.5	1353.0	1358.5	6117	4768	0.0
2021-07-14	1360.0	1364.5	1345.5	1348.0	5677	4953	0.0
2021-07-15	1347.0	1354.5	1344.5	1354.0	3775	4556	0.0
2021-07-16	1353.0	1357.5	1331.0	1336.5	6078	4767	0.0
2021-07-19	1337.5	1346.0	1331.0	1336.5	4345	4884	0.0
2021-07-20	1324.5	1344.0	1322.5	1333.0	5537	4367	0.0
2021-07-21	1334.5	1339.5	1324.5	1333.0	3335	4328	0.0
2021-07-22	1334.0	1347.5	1326.0	1331.5	4768	4754	0.0
2021-07-23	1336.0	1339.5	1318.0	1320.0	4522	4766	0.0
2021-07-26	1323.0	1326.5	1312.5	1319.0	3265	4708	0.0
2021-07-27	1324.0	1326.5	1314.5	1319.5	2684	4742	0.0
2021-07-28	1327.5	1327.5	1316.5	1321.0	2806	4688	0.0
2021-07-29	1322.0	1325.5	1317.5	1322.0	2583	4937	0.0
2021-07-30	1325.5	1327.5	1312.0	1315.5	3517	4725	0.0
2021-08-02	1311.0	1317.0	1304.0	1316.5	2951	4594	0.0
2021-08-03	1316.0	1328.0	1311.0	1315.5	4418	4672	0.0
2021-08-04	1317.5	1320.0	1306.5	1306.5	3242	4802	0.0
2021-08-05	1305.5	1314.5	1301.0	1302.5	4743	4614	0.0
2021-08-06	1298.0	1303.5	1292.0	1293.5	3612	4703	0.0
2021-08-09	1292.0	1294.5	1284.0	1290.5	2412	4730	0.0
2021-08-10	1296.5	1317.5	1291.5	1294.0	6597	4926	0.0
2021-08-11	1299.0	1310.5	1295.5	1301.0	3280	4828	0.0
2021-08-12	1305.5	1305.5	1271.0	1274.5	3855	4573	0.0
2021-08-13	1277.0	1280.5	1263.5	1265.0	6302	4361	0.0
2021-08-16	1266.5	1284.0	1255.0	1259.5	4423	4439	0.0
2021-08-17	1262.0	1277.5	1260.0	1275.5	3321	4256	0.0
2021-08-18	1274.5	1277.0	1261.0	1264.0	3839	4293	0.0
2021-08-19	1260.0	1263.5	1255.5	1263.5	3371	4036	0.0
2021-08-20	1261.5	1300.5	1261.0	1268.5	7237	3765	0.0
2021-08-23	1271.0	1288.5	1270.5	1276.5	3826	3646	0.0
2021-08-24	1282.5	1287.0	1258.5	1271.0	4408	3686	0.0
2021-08-25	1272.0	1274.0	1251.5	1254.0	3848	3429	0.0
2021-08-26	1255.5	1272.0	1252.5	1267.5	4051	3208	0.0
2021-08-27	1263.0	1277.5	1260.5	1275.5	3900	3191	0.0
2021-08-30	1280.5	1288.0	1270.0	1275.0	2824	2558	0.0
2021-08-31	1273.5	1349.5	1243.0	1344.0	6535	827	0.0
2021-09-01	1344.5	1355.5	1312.5	1337.5	1368	882	0.0
2021-09-02	1336.0	1344.5	1324.0	1336.0	2461	1109	0.0
2021-09-03	1310.0	1343.0	1305.5	1341.0	2079	1123	0.0
2021-09-06	1321.0	1330.5	1314.5	1320.5	2977	1691	0.0
2021-09-07	1320.0	1320.0	1299.0	1304.5	3432	1471	0.0
2021-09-08	1301.0	1308.0	1299.0	1305.5	2384	1265	0.0
2021-09-09	1306.5	1310.5	1298.0	1301.0	1920	1162	0.0
2021-09-10	1304.0	1320.5	1301.5	1315.0	2631	1097	0.0
2021-09-13	1317.0	1317.0	1307.0	1313.5	2058	1125	0.0
2021-09-14	1313.5	1333.0	1312.0	1323.5	2983	1295	0.0
2021-09-15	1354.5	1364.5	1334.5	1334.5	2801	1037	0.0
2021-09-16	1335.0	1370.0	1325.0	1366.5	4308	963	0.0
2021-09-17	1366.0	1367.5	1353.5	1361.5	2649	1044	0.0
2021-09-22	1358.0	1378.5	1358.0	1366.0	2676	1339	0.0
2021-09-23	1369.5	1371.0	1363.0	1366.0	1349	1252	0.0
2021-09-24	1365.5	1373.5	1352.5	1360.5	2221	715	0.0
2021-09-27	1375.5	1375.5	1358.0	1367.0	2052	720	0.0
2021-09-28	1370.0	1382.0	1359.5	1381.0	1227	698	0.0
2021-09-29	1383.0	1404.0	1383.0	1403.0	3275	775	0.0
2021-09-30	1402.0	1448.0	1402.0	1445.0	4466	645	0.0
2021-10-08	1436.5	1436.5	1436.5	1436.5	2224	792	0.0
2021-10-11	1444.0	1489.5	1444.0	1458.5	4012	1277	0.0
2021-10-12	1465.0	1491.0	1441.0	1445.0	3893	1443	0.0
2021-10-13	1447.5	1458.5	1431.5	1454.5	4000	1401	0.0
2021-10-14	1457.5	1458.0	1433.0	1443.5	2830	1372	0.0
2021-10-15	1447.0	1447.0	1431.0	1440.5	2512	1305	0.0
2021-10-18	1450.5	1484.0	1435.0	1481.5	6737	2001	0.0
2021-10-19	1458.0	1502.5	1439.5	1443.0	7816	2199	0.0
2021-10-20	1426.0	1449.0	1424.5	1437.5	3700	1858	0.0
2021-10-21	1445.5	1462.5	1416.5	1422.0	6209	1739	0.0
2021-10-22	1426.0	1430.0	1402.0	1415.0	4276	1447	0.0
2021-10-25	1421.0	1431.5	1415.5	1425.0	2608	1484	0.0
2021-10-26	1425.5	1429.0	1406.0	1409.5	2922	1568	0.0
2021-10-27	1409.0	1435.5	1394.0	1427.5	3602	1545	0.0
2021-10-28	1424.5	1428.5	1397.0	1412.0	4217	1518	0.0
2021-10-29	1416.0	1431.5	1414.5	1427.0	2887	1481	0.0
2021-11-01	1430.5	1468.0	1430.0	1454.5	6671	1860	0.0
2021-11-02	1460.0	1461.0	1432.5	1442.0	3736	1745	0.0
2021-11-03	1443.0	1458.0	1437.5	1451.0	3922	1757	0.0
2021-11-04	1435.0	1435.0	1412.0	1416.5	3129	1542	0.0
2021-11-05	1418.5	1419.0	1408.5	1414.5	2218	1468	0.0
2021-11-08	1420.5	1423.5	1393.5	1394.5	2516	1619	0.0
2021-11-09	1393.0	1401.5	1386.5	1401.5	2635	1572	0.0
2021-11-10	1400.5	1434.5	1400.5	1418.0	3241	1400	0.0
2021-11-11	1414.5	1420.0	1391.0	1391.0	2930	1667	0.0
2021-11-12	1390.0	1398.0	1351.0	1353.0	4862	2047	0.0
2021-11-15	1361.5	1370.0	1346.5	1353.5	3918	2261	0.0
2021-11-16	1358.5	1367.0	1335.5	1343.5	5360	2539	0.0
2021-11-17	1347.0	1351.5	1322.0	1324.0	5497	2679	0.0
2021-11-18	1325.5	1330.5	1312.0	1324.5	4551	2652	0.0
2021-11-19	1330.0	1342.5	1309.5	1310.0	6468	2770	0.0
2021-11-22	1317.5	1322.5	1307.5	1316.0	3843	2862	0.0
2021-11-23	1317.0	1326.5	1307.0	1318.0	4952	3067	0.0
2021-11-24	1322.5	1325.5	1316.0	1319.0	3823	3210	0.0
2021-11-25	1324.5	1338.5	1324.0	1329.5	4165	3256	0.0
2021-11-26	1318.0	1322.5	1307.5	1309.0	2933	3258	0.0
2021-11-29	1288.5	1315.0	1287.0	1289.0	3424	3207	0.0
2021-11-30	1301.0	1303.5	1291.0	1296.0	2936	3215	0.0
2021-12-01	1293.5	1305.5	1292.5	1302.5	2775	3383	0.0
2021-12-02	1299.0	1304.5	1291.5	1303.5	2210	3348	0.0
2021-12-03	1304.0	1318.5	1288.5	1290.5	5001	3537	0.0
2021-12-06	1299.5	1303.0	1286.0	1291.0	3000	3652	0.0
2021-12-07	1297.0	1300.5	1293.0	1298.0	2365	3653	0.0
2021-12-08	1304.5	1307.0	1287.0	1290.0	2754	3673	0.0
2021-12-09	1293.0	1293.5	1271.0	1277.0	3975	3635	0.0
2021-12-10	1277.0	1283.5	1262.5	1265.0	3144	3518	0.0
2021-12-13	1267.5	1278.5	1262.5	1276.5	2715	3388	0.0
2021-12-14	1281.5	1300.0	1269.5	1273.0	3924	3589	0.0
2021-12-15	1275.5	1276.5	1264.5	1271.0	2535	3578	0.0
2021-12-16	1272.5	1275.0	1264.5	1267.5	2872	3701	0.0
2021-12-17	1271.5	1288.0	1267.5	1269.0	3182	3668	0.0
2021-12-20	1275.5	1277.5	1265.5	1271.5	2457	3416	0.0
2021-12-21	1270.5	1275.0	1269.0	1269.0	1654	3412	0.0
2021-12-22	1267.0	1271.0	1266.0	1267.5	1374	3325	0.0
2021-12-23	1271.0	1273.0	1256.5	1263.5	1991	3167	0.0
2021-12-24	1270.5	1275.5	1264.5	1268.0	2278	2978	0.0
2021-12-27	1267.0	1273.5	1257.0	1258.0	3198	2646	0.0
2021-12-28	1260.5	1262.5	1228.0	1230.5	5269	2437	0.0
2021-12-29	1234.0	1295.5	1227.0	1267.5	10816	1840	0.0
2021-12-30	1269.0	1285.0	1268.0	1271.5	4257	1481	0.0
2021-12-31	1279.0	1287.0	1266.5	1279.5	3874	1004	0.0
2022-01-04	1285.0	1314.5	1283.0	1308.0	1985	1119	0.0
2022-01-05	1307.5	1332.0	1307.5	1321.0	2484	1277	0.0
2022-01-06	1319.0	1332.5	1316.5	1329.0	1694	1294	0.0
2022-01-07	1329.5	1330.5	1312.5	1312.5	2198	1409	0.0
2022-01-10	1312.5	1313.5	1300.0	1305.0	1294	1342	0.0
2022-01-11	1306.0	1307.5	1301.5	1302.5	1477	1342	0.0
2022-01-12	1302.0	1307.0	1293.5	1296.0	2315	1431	0.0
2022-01-13	1297.5	1314.0	1293.0	1309.0	3253	1560	0.0
2022-01-14	1309.5	1309.5	1295.0	1304.0	3386	1304	0.0
2022-01-17	1284.0	1290.5	1281.5	1282.5	1932	1341	0.0
2022-01-18	1285.5	1286.5	1271.5	1273.5	2108	1263	0.0
2022-01-19	1276.0	1281.5	1266.5	1273.5	2267	1360	0.0
2022-01-20	1276.5	1282.5	1268.0	1282.0	1864	1293	0.0
2022-01-21	1283.5	1306.5	1283.0	1305.0	4640	1546	0.0
2022-01-24	1309.5	1330.5	1307.0	1320.5	4604	1691	0.0
2022-01-25	1316.5	1322.0	1309.0	1316.5	2266	1751	0.0
2022-01-26	1320.0	1327.0	1318.0	1324.5	2131	1516	0.0
2022-01-27	1318.5	1318.5	1299.0	1304.5	2783	1275	0.0
2022-01-28	1304.5	1321.5	1296.5	1321.5	2330	1053	0.0
2022-02-07	1333.5	1333.5	1319.0	1319.0	3385	1383	0.0
2022-02-08	1312.5	1312.5	1300.5	1308.5	2672	1322	0.0
2022-02-09	1310.0	1313.0	1306.5	1307.5	1742	1396	0.0
2022-02-10	1310.5	1314.0	1309.0	1310.5	1106	1410	0.0
2022-02-11	1309.5	1313.0	1308.0	1311.5	968	1418	0.0
2022-02-14	1311.0	1315.0	1303.0	1305.0	1752	1371	0.0
2022-02-15	1306.0	1307.0	1295.5	1299.0	1709	1372	0.0
2022-02-16	1295.0	1305.0	1292.0	1299.0	1511	1413	0.0
2022-02-17	1296.5	1298.0	1288.5	1292.5	1534	1432	0.0
2022-02-18	1289.5	1299.0	1288.5	1292.0	1510	1395	0.0
2022-02-21	1293.0	1312.5	1289.0	1307.0	2986	1780	0.0
2022-02-22	1312.5	1314.0	1298.0	1311.5	2478	1721	0.0
2022-02-23	1314.0	1317.5	1307.5	1317.5	1707	1925	0.0
2022-02-24	1323.0	1329.5	1313.0	1325.0	1478	1935	0.0
2022-02-25	1325.5	1326.5	1316.5	1323.0	1590	1853	0.0
2022-02-28	1326.5	1382.0	1325.5	1381.5	3378	1551	0.0
2022-03-01	1374.0	1389.0	1374.0	1388.0	1136	1667	0.0
2022-03-02	1389.5	1400.0	1380.5	1383.5	1802	1726	0.0
2022-03-03	1382.5	1401.0	1382.5	1390.5	2848	1764	0.0
2022-03-04	1388.5	1393.5	1387.0	1389.5	1598	1788	0.0
2022-03-07	1395.5	1418.5	1393.0	1408.0	3365	2046	0.0
2022-03-08	1407.0	1410.5	1397.5	1400.5	2445	1928	0.0
2022-03-09	1406.0	1411.5	1383.0	1385.5	3490	2003	0.0
2022-03-10	1378.0	1387.5	1372.0	1376.5	3483	2003	0.0
2022-03-11	1391.0	1397.0	1380.5	1380.5	3488	2151	0.0
2022-03-14	1382.0	1386.0	1370.0	1376.0	2523	2196	0.0
2022-03-15	1383.5	1385.5	1376.0	1378.5	2026	1938	0.0
2022-05-18	1378.5	1382.5	1377.0	1379.0	743	1908	0.0
数据来源:通达信
