HCL9 热卷指数 日线 前复权
      日期	    开盘	    最高	    最低	    收盘	    成交量	    持仓量	    结算价
2014-03-24	3314	3330	3272	3330	89546	52472	0
2014-03-25	3326	3402	3322	3380	122038	65590	0
2014-03-26	3370	3382	3356	3376	38298	64788	0
2014-03-27	3370	3388	3352	3364	41104	65646	0
2014-03-28	3376	3388	3362	3384	34574	67322	0
2014-03-31	3396	3424	3384	3412	61588	70046	0
2014-04-01	3414	3420	3398	3416	18060	68546	0
2014-04-02	3412	3428	3390	3392	29666	73502	0
2014-04-03	3388	3416	3386	3412	21934	72998	0
2014-04-04	3414	3442	3404	3442	22082	75086	0
2014-04-08	3450	3490	3442	3482	42346	87156	0
2014-04-09	3488	3488	3446	3454	33518	88156	0
2014-04-10	3452	3472	3444	3448	19900	87482	0
2014-04-11	3434	3454	3432	3436	13292	83066	0
2014-04-14	3434	3466	3434	3440	12996	83394	0
2014-04-15	3444	3450	3420	3450	21016	81956	0
2014-04-16	3446	3446	3412	3420	18956	74442	0
2014-04-18	3414	3414	3348	3356	52676	72444	0
2014-04-21	3344	3366	3342	3342	8542	70740	0
2014-04-22	3344	3364	3326	3356	24642	66632	0
2014-04-23	3358	3388	3338	3382	20384	64426	0
2014-04-24	3376	3396	3368	3392	12884	63564	0
2014-04-25	3398	3400	3374	3380	8704	64014	0
2014-04-28	3374	3374	3334	3338	17910	61812	0
2014-04-29	3336	3374	3336	3360	8882	60858	0
2014-04-30	3370	3370	3338	3344	10700	59738	0
2014-05-06	3342	3362	3336	3344	4774	57486	0
2014-05-07	3338	3356	3330	3332	10198	56930	0
2014-05-08	3330	3336	3310	3312	13612	53600	0
2014-05-09	3312	3330	3304	3318	9712	53272	0
2014-05-12	3330	3334	3300	3334	11650	52190	0
2014-05-13	3334	3344	3320	3326	6734	51758	0
2014-05-14	3326	3330	3314	3324	7768	48934	0
2014-05-15	3324	3326	3300	3302	4730	48690	0
2014-05-16	3296	3302	3242	3272	12518	48402	0
2014-05-19	3264	3284	3252	3266	7524	48062	0
2014-05-20	3262	3276	3256	3262	3324	47976	0
2014-05-21	3266	3284	3256	3274	5234	48198	0
2014-05-22	3272	3316	3272	3280	5804	48184	0
2014-05-23	3294	3294	3276	3282	2548	48014	0
2014-05-26	3288	3332	3288	3328	6632	48120	0
2014-05-27	3332	3368	3322	3340	17294	51956	0
2014-05-28	3304	3342	3304	3312	6768	51538	0
2014-05-29	3310	3324	3302	3308	5862	51136	0
2014-05-30	3302	3302	3254	3266	12056	50552	0
2014-06-03	3258	3290	3250	3270	11562	50138	0
2014-06-04	3270	3278	3262	3264	8020	50236	0
2014-06-05	3274	3284	3254	3272	13406	48248	0
2014-06-06	3278	3284	3262	3284	5374	47454	0
2014-06-09	3280	3284	3258	3264	11126	43948	0
2014-06-10	3264	3274	3234	3270	8970	43458	0
2014-06-11	3272	3278	3256	3262	5458	43430	0
2014-06-12	3256	3260	3234	3248	12880	43702	0
2014-06-13	3242	3260	3234	3250	13728	44724	0
2014-06-16	3252	3252	3220	3228	18920	49542	0
2014-06-17	3220	3248	3212	3240	8002	48266	0
2014-06-18	3242	3276	3234	3266	19186	49320	0
2014-06-19	3268	3280	3262	3266	17292	51578	0
2014-06-20	3270	3288	3256	3280	19290	54956	0
2014-06-23	3282	3304	3280	3300	8974	53616	0
2014-06-24	3300	3300	3278	3282	7028	52744	0
2014-06-25	3290	3292	3274	3288	6976	53120	0
2014-06-26	3296	3320	3288	3320	12112	49580	0
2014-06-27	3322	3326	3302	3304	5364	49830	0
2014-06-30	3298	3310	3288	3288	5130	48470	0
2014-07-01	3290	3296	3278	3296	3994	48180	0
2014-07-02	3294	3312	3280	3310	7584	46942	0
2014-07-03	3312	3328	3308	3312	6502	47602	0
2014-07-04	3310	3316	3298	3308	5926	46616	0
2014-07-07	3314	3314	3286	3296	5304	45366	0
2014-07-08	3296	3314	3288	3312	6858	46946	0
2014-07-09	3310	3318	3294	3300	5492	46844	0
2014-07-10	3304	3340	3298	3328	9846	46760	0
2014-07-11	3338	3344	3322	3342	7964	48246	0
2014-07-14	3348	3366	3344	3364	12414	48264	0
2014-07-15	3362	3386	3356	3360	7920	49180	0
2014-07-16	3358	3362	3344	3344	5204	47390	0
2014-07-17	3304	3346	3304	3328	6366	45058	0
2014-07-18	3328	3328	3272	3276	13482	41996	0
2014-07-21	3270	3294	3266	3284	4714	41738	0
2014-07-22	3272	3302	3272	3288	4356	40896	0
2014-07-23	3284	3290	3276	3278	3922	41214	0
2014-07-24	3280	3294	3278	3288	2882	41284	0
2014-07-25	3284	3306	3284	3294	5140	40320	0
2014-07-28	3288	3308	3282	3300	7656	38278	0
2014-08-19	3270	3286	3268	3276	2430	21240	0
2014-08-20	3260	3270	3254	3254	3954	19738	0
2014-08-21	3256	3260	3242	3254	2436	18698	0
2014-08-22	3256	3256	3214	3214	3804	19084	0
2014-08-25	3220	3228	3180	3188	4944	18762	0
2014-08-26	3190	3208	3158	3166	7718	20656	0
2014-08-27	3170	3180	3140	3146	9052	20110	0
2014-08-28	3146	3148	3108	3114	7014	20512	0
2014-08-29	3110	3154	3108	3150	10534	23392	0
2014-09-01	3150	3152	3116	3124	9884	23560	0
2014-09-02	3126	3128	3106	3112	11554	24594	0
2014-09-03	3102	3104	3068	3078	16116	30842	0
2014-09-04	3076	3078	3042	3042	9070	33060	0
2014-09-05	3036	3050	3032	3036	8548	32320	0
2014-09-09	3022	3022	2956	2960	14742	38922	0
2014-09-10	2946	3012	2912	2976	16604	37280	0
2014-09-11	2968	2974	2924	2940	14052	39912	0
2014-09-12	2942	2972	2928	2968	9906	39872	0
2014-09-15	2990	3000	2974	2998	10290	40410	0
2014-09-16	2996	3010	2948	2952	15534	40652	0
2014-09-17	2972	2976	2946	2962	11274	41590	0
2014-09-18	2954	2962	2932	2936	13322	40842	0
2014-09-19	2924	2934	2876	2884	18732	35820	0
2014-09-22	2860	2864	2794	2798	22660	32418	0
2014-09-23	2814	2854	2796	2812	16176	31422	0
2014-09-24	2824	2846	2822	2836	12916	33452	0
2014-09-25	2834	2838	2792	2796	21488	34908	0
2014-09-26	2800	2868	2786	2840	16054	34134	0
2014-09-29	2842	2844	2788	2806	13522	31998	0
2014-09-30	2818	2834	2814	2820	5182	31180	0
2014-10-08	2852	2852	2758	2774	9506	32614	0
2014-10-09	2774	2818	2756	2812	19418	35306	0
2014-10-10	2800	2860	2794	2840	24262	36818	0
2014-10-13	2858	2940	2858	2918	28898	37518	0
2014-10-14	2910	2916	2886	2894	10388	37394	0
2014-10-15	2894	2910	2882	2902	9370	37134	0
2014-10-16	2868	2888	2844	2868	15424	37460	0
2014-10-17	2874	2880	2848	2860	10370	36094	0
2014-10-20	2874	2902	2870	2896	12464	36914	0
2014-10-21	2902	2902	2874	2874	7006	38494	0
2014-10-22	2876	2886	2844	2866	11116	36418	0
2014-10-23	2856	2860	2832	2834	11682	35834	0
2014-10-24	2840	2870	2834	2858	9390	34562	0
2014-10-27	2868	2876	2850	2862	5832	34748	0
2014-10-28	2862	2864	2840	2842	9610	36180	0
2014-10-29	2840	2860	2840	2860	10586	37358	0
2014-10-30	2866	2872	2820	2852	10700	36652	0
2014-10-31	2852	2870	2842	2856	8420	36450	0
2014-11-03	2850	2856	2830	2830	7978	36612	0
2014-11-04	2826	2848	2822	2836	6998	36534	0
2014-11-05	2834	2840	2824	2826	6474	36448	0
2014-11-06	2832	2842	2824	2830	3870	36502	0
2014-11-07	2834	2844	2830	2834	5376	34978	0
2014-11-10	2874	2884	2860	2872	8164	36474	0
2014-11-11	2868	2874	2848	2866	4676	36718	0
2014-11-12	2880	2896	2874	2886	13600	38922	0
2014-11-13	2874	2876	2850	2868	5428	37886	0
2014-11-14	2852	2874	2852	2872	6054	37232	0
2014-11-17	2882	2886	2866	2868	3492	37008	0
2014-11-18	2864	2864	2852	2856	11634	39368	0
2014-11-19	2854	2866	2850	2852	5544	39176	0
2014-11-20	2854	2874	2852	2872	6862	40554	0
2014-11-21	2886	2886	2868	2872	8340	39132	0
2014-11-24	2890	2896	2860	2872	5964	37724	0
2014-11-25	2854	2882	2848	2874	3932	37444	0
2014-11-26	2876	2880	2862	2870	4778	37442	0
2014-11-27	2882	2970	2880	2962	11428	36834	0
2014-11-28	2930	2960	2920	2940	11594	33936	0
2014-12-01	2932	2982	2896	2958	10260	34172	0
2014-12-02	2982	2982	2940	2940	10766	33204	0
2014-12-03	2930	2948	2908	2946	13482	30868	0
2014-12-04	2944	2976	2928	2938	15560	28540	0
2014-12-05	2940	2956	2926	2952	5130	29072	0
2014-12-08	2954	2958	2944	2944	6076	28672	0
2014-12-09	2938	2950	2926	2938	7688	28386	0
2014-12-10	2948	2950	2932	2948	4560	28648	0
2014-12-11	2934	2966	2934	2956	5626	29344	0
2014-12-12	2960	2976	2952	2976	4790	29726	0
2014-12-15	2968	2976	2960	2966	4186	30078	0
2014-12-16	2946	2952	2932	2938	6566	29124	0
2014-12-17	2940	2940	2924	2928	5718	29010	0
2014-12-18	2934	2934	2920	2934	3598	28728	0
2014-12-19	2932	2942	2926	2938	3094	28404	0
2014-12-22	2926	2926	2902	2906	6452	27060	0
2014-12-23	2888	2896	2858	2858	7908	27268	0
2014-12-24	2858	2896	2858	2896	5614	26772	0
2014-12-25	2884	2892	2880	2880	2118	26870	0
2014-12-26	2894	2894	2872	2874	10838	26430	0
2014-12-29	2872	2908	2870	2902	4546	25988	0
2014-12-30	2896	2974	2896	2970	11372	26386	0
2014-12-31	2972	2974	2936	2944	6804	24948	0
2015-01-05	2954	2954	2920	2932	4074	24548	0
2015-01-06	2922	2980	2920	2948	7802	24860	0
2015-01-07	2940	2944	2926	2938	5474	24142	0
2015-01-08	2936	2942	2918	2920	3476	24166	0
2015-01-09	2922	2924	2886	2888	5056	24778	0
2015-01-12	2884	2888	2824	2824	10820	25018	0
2015-01-13	2824	2836	2776	2782	7724	26402	0
2015-01-14	2778	2782	2670	2700	20332	29920	0
2015-01-15	2666	2740	2658	2740	12340	31424	0
2015-01-16	2742	2750	2654	2684	11772	23118	0
2015-01-19	2674	2686	2652	2668	10338	24056	0
2015-01-20	2666	2676	2636	2644	10052	22642	0
2015-01-21	2646	2662	2632	2640	9096	21638	0
2015-01-22	2630	2656	2626	2632	8936	22224	0
2015-01-23	2632	2640	2606	2610	9434	24362	0
2015-01-26	2608	2612	2544	2560	18548	25340	0
2015-01-27	2560	2576	2546	2550	20588	32656	0
2015-01-28	2564	2620	2562	2594	38842	34028	0
2015-01-29	2598	2626	2586	2622	23444	38300	0
2015-01-30	2622	2624	2596	2600	11098	37650	0
2015-02-02	2620	2638	2578	2592	22818	40600	0
2015-02-03	2592	2602	2582	2586	13422	43936	0
2015-02-04	2594	2606	2572	2574	21076	50134	0
2015-02-05	2582	2588	2566	2578	18368	55680	0
2015-02-06	2576	2594	2574	2584	13124	59640	0
2015-02-09	2584	2584	2566	2574	10310	60348	0
2015-02-10	2572	2586	2572	2582	5198	59834	0
2015-02-11	2584	2606	2578	2602	7742	58710	0
2015-02-12	2598	2604	2580	2596	5846	58506	0
2015-02-13	2592	2620	2586	2610	11510	58496	0
2015-02-16	2618	2646	2610	2624	14314	58628	0
2015-02-17	2628	2628	2602	2610	6566	58842	0
2015-02-25	2614	2614	2572	2594	6510	58242	0
2015-02-26	2592	2614	2588	2610	10512	60096	0
2015-02-27	2614	2618	2582	2584	11924	61116	0
2015-03-02	2580	2606	2570	2594	16784	60736	0
2015-03-03	2592	2602	2578	2584	12690	61548	0
2015-03-04	2586	2594	2578	2590	7780	61522	0
2015-03-05	2590	2590	2554	2562	26400	59924	0
2015-03-06	2562	2572	2544	2548	17034	58220	0
2015-03-09	2542	2562	2516	2526	30226	54724	0
2015-03-10	2526	2532	2494	2498	17104	50696	0
2015-03-11	2488	2508	2486	2494	14640	48900	0
2015-03-12	2496	2552	2484	2510	15426	47768	0
2015-03-13	2514	2526	2500	2504	11150	47760	0
2015-03-16	2504	2532	2500	2530	9252	47796	0
2015-03-17	2524	2538	2522	2538	6664	46594	0
2015-03-18	2536	2540	2502	2508	15976	42194	0
2015-03-19	2508	2528	2504	2514	6992	42042	0
2015-03-20	2510	2528	2510	2514	7766	42464	0
2015-03-23	2516	2570	2506	2564	21230	43026	0
2015-03-24	2562	2588	2556	2564	13560	41664	0
2015-03-25	2562	2574	2546	2548	11712	39556	0
2015-03-26	2550	2556	2532	2536	13302	36690	0
2015-03-27	2530	2534	2472	2522	12830	34984	0
2015-03-30	2520	2530	2492	2502	7830	35154	0
2015-03-31	2500	2518	2492	2494	7972	35524	0
2015-04-01	2496	2506	2462	2466	14706	32100	0
2015-04-02	2456	2460	2426	2428	19442	33230	0
2015-04-03	2434	2444	2412	2414	11054	32120	0
2015-04-07	2420	2422	2364	2364	20140	36156	0
2015-04-08	2372	2390	2340	2378	15694	35646	0
2015-04-09	2374	2374	2346	2350	6506	35414	0
2015-04-10	2346	2350	2326	2334	7946	35076	0
2015-04-13	2332	2400	2332	2396	11540	34976	0
2015-04-14	2396	2404	2372	2390	9386	35478	0
2015-04-15	2392	2398	2362	2362	8518	34916	0
2015-04-16	2362	2394	2360	2380	8240	34948	0
2015-04-17	2380	2398	2376	2382	7000	35886	0
2015-04-20	2374	2378	2352	2352	12044	33578	0
2015-04-21	2352	2362	2342	2360	7606	32878	0
2015-04-22	2356	2410	2354	2406	13382	32080	0
2015-04-23	2392	2416	2390	2414	15980	31530	0
2015-04-24	2418	2476	2418	2472	31608	34408	0
2015-04-27	2470	2498	2456	2492	16700	34214	0
2015-04-28	2492	2512	2479	2484	20600	35374	0
2015-04-29	2486	2504	2433	2446	17794	35030	0
2015-04-30	2449	2476	2442	2470	13148	34336	0
2015-05-04	2470	2526	2465	2523	19086	36542	0
2015-05-05	2528	2559	2522	2550	26924	37582	0
2015-05-06	2543	2555	2525	2529	21708	42062	0
2015-05-07	2534	2535	2483	2492	19734	40254	0
2015-05-08	2495	2504	2468	2498	25790	41630	0
2015-05-11	2502	2514	2487	2508	13862	42938	0
2015-05-12	2506	2509	2462	2463	11140	42712	0
2015-05-13	2469	2495	2458	2478	12976	43824	0
2015-05-14	2480	2483	2447	2464	17402	44116	0
2015-05-15	2464	2469	2455	2464	10314	46016	0
2015-05-18	2463	2483	2458	2459	7776	42526	0
2015-05-19	2451	2456	2439	2444	8998	42558	0
2015-05-20	2436	2444	2408	2413	9092	40500	0
2015-05-21	2417	2449	2413	2440	9078	41700	0
2015-05-22	2440	2475	2428	2454	8436	42208	0
2015-05-25	2452	2463	2426	2455	7734	41266	0
2015-05-26	2455	2490	2442	2465	12856	40738	0
2015-05-27	2457	2475	2455	2470	5396	40392	0
2015-05-28	2463	2481	2444	2460	8092	39910	0
2015-05-29	2459	2469	2437	2461	7126	39238	0
2015-06-01	2462	2497	2458	2482	10758	38908	0
2015-06-02	2483	2489	2468	2479	9042	39438	0
2015-06-03	2480	2482	2461	2461	7906	37226	0
2015-06-04	2456	2464	2448	2460	6364	36316	0
2015-06-05	2462	2464	2434	2449	8008	33522	0
2015-06-08	2446	2447	2433	2441	4506	33982	0
2015-06-09	2439	2461	2437	2450	5024	34096	0
2015-06-10	2450	2462	2446	2461	4884	34412	0
2015-06-11	2465	2474	2459	2464	6934	35022	0
2015-06-12	2458	2463	2394	2403	12448	35264	0
2015-06-15	2401	2417	2382	2385	6748	34974	0
2015-06-16	2381	2391	2348	2350	8620	33772	0
2015-06-17	2351	2353	2317	2321	26442	39526	0
2015-06-18	2326	2347	2322	2338	10460	40532	0
2015-06-19	2337	2361	2333	2344	8632	39226	0
2015-06-23	2352	2352	2318	2332	6734	40612	0
2015-06-24	2334	2342	2326	2335	7204	42236	0
2015-06-25	2338	2338	2297	2298	15230	46668	0
2015-06-26	2296	2314	2290	2292	20740	51900	0
2015-06-29	2292	2305	2270	2274	13864	51004	0
2015-06-30	2268	2271	2190	2227	33320	47842	0
2015-07-01	2226	2229	2211	2214	11660	48376	0
2015-07-02	2212	2217	2185	2208	18336	47934	0
2015-07-03	2206	2241	2204	2217	18130	46940	0
2015-07-06	2210	2210	2115	2120	30260	48760	0
2015-07-07	2113	2120	2047	2049	40784	46756	0
2015-07-08	2051	2086	1983	1983	36082	45362	0
2015-07-09	1983	2140	1968	2074	45248	47944	0
2015-07-10	2090	2122	2062	2077	19918	51688	0
2015-07-13	2078	2093	2019	2045	24180	52526	0
2015-07-14	2053	2069	2035	2045	20210	55586	0
2015-07-15	2048	2059	2026	2031	13224	54844	0
2015-07-16	2034	2067	2010	2038	33044	52512	0
2015-07-17	2039	2049	2029	2044	10322	52188	0
2015-07-20	2035	2121	2027	2116	31972	51244	0
2015-07-21	2106	2128	2071	2084	22630	54074	0
2015-07-22	2074	2088	2018	2038	20324	53946	0
2015-07-23	2033	2057	2025	2049	13036	54670	0
2015-07-24	2056	2060	2037	2044	9454	54208	0
2015-07-27	2048	2087	2048	2065	15912	56230	0
2015-07-28	2061	2086	2048	2065	16870	57560	0
2015-07-29	2069	2093	2066	2081	19822	62166	0
2015-07-30	2083	2088	2051	2055	18214	62004	0
2015-07-31	2054	2059	2040	2057	19960	61520	0
2015-08-03	2062	2099	2057	2069	21292	58642	0
2015-08-04	2073	2087	2056	2086	18058	58130	0
2015-08-05	2085	2097	2081	2096	14560	56414	0
2015-08-06	2104	2105	2082	2092	15600	54944	0
2015-08-07	2086	2091	2068	2080	11800	53730	0
2015-08-10	2077	2083	2060	2072	12118	53052	0
2015-08-11	2071	2081	2064	2065	13336	53084	0
2015-08-12	2056	2076	2054	2076	14396	51672	0
2015-08-13	2085	2095	2082	2086	18660	51512	0
2015-08-14	2083	2093	2078	2092	11162	50960	0
2015-08-17	2092	2100	2069	2069	12296	50414	0
2015-08-18	2074	2077	2067	2071	9212	50014	0
2015-08-19	2069	2072	2044	2047	19338	52076	0
2015-08-20	2053	2058	2031	2035	23194	58152	0
2015-08-21	2035	2045	2029	2032	9192	58502	0
2015-08-24	2022	2052	1934	1938	35628	55142	0
2015-08-25	1946	1971	1924	1938	19372	53992	0
2015-08-26	1967	1968	1942	1942	14250	53696	0
2015-08-27	1939	1970	1935	1961	14358	54364	0
2015-08-28	1963	1996	1958	1974	18884	54332	0
2015-08-31	1956	1974	1943	1954	17048	54618	0
2015-09-01	1956	1966	1947	1958	13950	55422	0
2015-09-02	1956	1963	1951	1955	10656	53556	0
2015-09-07	1955	1956	1879	1933	10234	53110	0
2015-09-08	1931	1947	1924	1947	13654	56126	0
2015-09-09	1956	1974	1949	1951	25972	59470	0
2015-09-10	1953	1965	1944	1958	9830	59906	0
2015-09-11	1957	1967	1954	1955	14526	60450	0
2015-09-14	1956	1956	1936	1937	12954	59754	0
2015-09-15	1933	1937	1913	1915	17966	63088	0
2015-09-16	1917	1941	1917	1936	15702	63260	0
2015-09-17	1931	1952	1931	1934	14888	61998	0
2015-09-18	1936	1940	1930	1933	12376	61770	0
2015-09-21	1931	1937	1906	1918	12264	61470	0
2015-09-22	1915	1927	1897	1911	16478	61558	0
2015-09-23	1906	1919	1898	1917	14158	60600	0
2015-09-24	1918	1927	1907	1912	8342	61602	0
2015-09-25	1911	1927	1906	1911	10236	60812	0
2015-09-28	1906	1906	1878	1880	12134	60176	0
2015-09-29	1877	1886	1852	1864	15380	57388	0
2015-09-30	1866	1868	1845	1846	11188	55484	0
2015-10-08	1860	1878	1843	1854	8416	55448	0
2015-10-09	1854	1890	1854	1881	12500	55864	0
2015-10-12	1885	1896	1867	1880	13612	55702	0
2015-10-13	1880	1884	1864	1877	11826	53458	0
2015-10-14	1876	1882	1870	1876	7208	53820	0
2015-10-15	1875	1884	1871	1878	7626	54628	0
2015-10-16	1875	1878	1866	1872	7184	49908	0
2015-10-19	1869	1874	1844	1848	15648	51390	0
2015-10-20	1848	1857	1846	1851	7952	50588	0
2015-10-21	1853	1860	1832	1855	10158	50080	0
2015-10-22	1856	1861	1849	1850	7850	49896	0
2015-10-23	1852	1855	1827	1846	8080	50250	0
2015-10-26	1848	1850	1835	1838	7272	50576	0
2015-10-27	1835	1839	1823	1832	8090	51316	0
2015-10-28	1829	1834	1814	1820	6430	50734	0
2015-10-29	1822	1828	1814	1817	7036	51250	0
2015-10-30	1817	1823	1812	1821	8458	49646	0
2015-11-02	1822	1830	1816	1820	8278	50182	0
2015-11-03	1818	1825	1790	1791	11924	51194	0
2015-11-04	1792	1799	1785	1787	12166	52682	0
2015-11-05	1790	1794	1770	1772	15254	54502	0
2015-11-06	1774	1779	1764	1771	19202	54510	0
2015-11-09	1771	1793	1766	1792	21574	53900	0
2015-11-10	1792	1796	1782	1787	11016	53576	0
2015-11-11	1787	1788	1771	1772	8816	54172	0
2015-11-12	1772	1779	1764	1776	10340	54350	0
2015-11-13	1775	1792	1771	1771	11564	54530	0
2015-11-16	1769	1787	1769	1776	10300	57964	0
2015-11-17	1775	1781	1773	1780	10926	59458	0
2015-11-18	1780	1783	1760	1762	17504	61402	0
2015-11-19	1756	1765	1724	1732	21116	63020	0
2015-11-20	1730	1739	1725	1728	11766	63960	0
2015-11-23	1728	1729	1687	1702	23428	65562	0
2015-11-24	1700	1725	1694	1725	25024	67550	0
2015-11-25	1720	1771	1718	1737	30610	67130	0
2015-11-26	1729	1773	1727	1743	26300	64424	0
2015-11-27	1743	1743	1710	1715	16966	62370	0
2015-11-30	1705	1710	1685	1685	18016	63976	0
2015-12-01	1683	1712	1683	1702	19662	62996	0
2015-12-02	1700	1746	1700	1732	34822	63540	0
2015-12-03	1732	1740	1710	1713	16330	63452	0
2015-12-04	1711	1741	1710	1739	19060	65324	0
2015-12-07	1745	1755	1731	1746	21104	68250	0
2015-12-08	1745	1746	1729	1733	20194	68368	0
2015-12-09	1730	1743	1727	1736	14498	68642	0
2015-12-10	1736	1745	1733	1740	14742	72692	0
2015-12-11	1737	1759	1736	1759	19052	73276	0
2015-12-14	1759	1797	1754	1796	31894	72502	0
2015-12-15	1791	1803	1785	1787	27206	70500	0
2015-12-16	1782	1818	1775	1816	27310	74234	0
2015-12-17	1817	1854	1813	1834	50048	82434	0
2015-12-18	1838	1870	1835	1869	39592	86364	0
2015-12-21	1876	1925	1870	1905	69596	86628	0
2015-12-22	1910	1911	1855	1875	83604	86386	0
2015-12-23	1870	1875	1840	1854	42210	85126	0
2015-12-24	1857	1889	1855	1868	45244	88710	0
2015-12-25	1867	1880	1861	1876	26508	88112	0
2015-12-28	1876	1881	1855	1870	43220	88312	0
2015-12-29	1873	1920	1873	1913	79376	92644	0
2015-12-30	1914	1946	1913	1934	77522	94024	0
2015-12-31	1937	1969	1935	1950	59040	100100	0
2016-01-04	1981	2000	1925	1930	52648	99036	0
2016-01-05	1932	1960	1915	1959	81050	104262	0
2016-01-06	1958	1960	1931	1936	72300	109090	0
2016-01-07	1932	1946	1903	1925	70268	105804	0
2016-01-08	1918	1920	1878	1883	93320	105566	0
2016-01-11	1881	1891	1867	1878	73728	109440	0
2016-01-12	1876	1881	1855	1858	62040	116862	0
2016-01-13	1852	1875	1851	1858	53008	117886	0
2016-01-14	1860	1888	1853	1882	75426	130698	0
2016-01-15	1879	1911	1876	1899	102274	133154	0
2016-01-18	1893	1947	1890	1937	135906	137058	0
2016-01-19	1939	1955	1933	1949	79446	144632	0
2016-01-20	1948	1949	1921	1929	81380	146174	0
2016-01-21	1927	1936	1917	1923	59004	151506	0
2016-01-22	1926	1960	1922	1934	93716	160896	0
2016-01-25	1934	1957	1930	1938	74828	163960	0
2016-01-26	1935	1947	1931	1945	49412	165044	0
2016-01-27	1948	1965	1935	1945	77814	179120	0
2016-01-28	1943	1946	1895	1898	141106	189600	0
2016-01-29	1900	1918	1899	1909	86278	186536	0
2016-02-01	1910	1944	1910	1923	92102	193048	0
2016-02-02	1923	1933	1912	1918	72226	196296	0
2016-02-03	1923	1934	1912	1922	73842	200486	0
2016-02-04	1924	1965	1924	1964	82902	202608	0
2016-02-05	1968	1969	1927	1944	52752	201984	0
2016-02-15	1946	1971	1932	1956	40090	208710	0
2016-02-16	1961	1986	1956	1969	70668	219454	0
2016-02-17	1971	1975	1955	1961	54344	220388	0
2016-02-18	1962	1978	1957	1975	53674	223876	0
2016-02-19	1976	1998	1970	1992	84944	225564	0
2016-02-22	1993	2082	1992	2082	184120	226488	0
2016-02-23	2077	2099	2046	2057	191164	228064	0
2016-02-24	2057	2063	2039	2062	112608	234280	0
2016-02-25	2058	2081	2045	2052	127622	231594	0
2016-02-26	2056	2068	2028	2058	123056	229942	0
2016-02-29	2058	2088	2043	2088	157920	232558	0
2016-03-01	2089	2126	2077	2108	161202	236684	0
2016-03-02	2113	2122	2086	2109	140672	241932	0
2016-03-03	2110	2139	2109	2126	169588	210798	0
2016-03-04	2125	2173	2118	2172	228530	211354	0
2016-03-07	2182	2254	2173	2254	114740	198968	0
2016-03-08	2388	2388	2245	2387	345300	161308	0
2016-03-09	2307	2313	2174	2216	468056	164706	0
2016-03-10	2234	2345	2232	2265	484824	183544	0
2016-03-11	2252	2281	2222	2225	224564	176736	0
2016-03-14	2194	2290	2186	2190	253916	173636	0
2016-03-15	2192	2205	2139	2153	272596	191980	0
2016-03-16	2147	2177	2146	2173	163560	196470	0
2016-03-17	2177	2255	2175	2251	279170	180906	0
2016-03-18	2253	2329	2252	2307	352868	181372	0
2016-03-21	2302	2392	2288	2342	365538	188254	0
2016-03-22	2345	2367	2333	2341	190994	188858	0
2016-03-23	2341	2410	2324	2382	273234	190114	0
2016-03-24	2376	2392	2289	2306	354404	181020	0
2016-03-25	2310	2381	2309	2381	275062	180400	0
2016-03-28	2388	2410	2311	2315	327778	176466	0
2016-03-29	2329	2356	2316	2340	279236	177870	0
2016-03-30	2343	2348	2293	2305	270452	172292	0
2016-03-31	2308	2343	2302	2343	209708	173308	0
2016-04-01	2349	2443	2343	2433	359954	179712	0
2016-04-05	2436	2481	2404	2472	296304	194196	0
2016-04-06	2479	2502	2440	2449	385778	187770	0
2016-04-07	2451	2497	2441	2483	268702	200146	0
2016-04-08	2476	2517	2469	2504	454456	229560	0
2016-04-11	2520	2626	2519	2589	526162	209898	0
2016-04-12	2593	2631	2568	2630	472740	217374	0
2016-04-13	2618	2652	2559	2584	807062	190036	0
2016-04-14	2566	2595	2528	2542	437388	170376	0
2016-04-15	2539	2552	2505	2508	416548	166198	0
2016-04-18	2502	2636	2499	2611	484796	180692	0
2016-04-19	2633	2718	2631	2717	702086	240504	0
2016-04-20	2754	2880	2750	2863	1173180	214178	0
2016-04-21	2871	2994	2838	2986	1310860	183952	0
2016-04-22	2939	2952	2832	2847	929594	157546	0
2016-04-25	2845	2989	2811	2858	564266	146368	0
2016-04-26	2846	2849	2703	2704	479066	159928	0
2016-04-27	2700	2726	2607	2648	631176	168752	0
2016-04-28	2662	2713	2616	2706	527770	164832	0
2016-04-29	2716	2774	2711	2750	464270	167818	0
2016-05-03	2727	2727	2587	2589	347652	184382	0
2016-05-04	2565	2592	2519	2534	400372	201796	0
2016-05-05	2545	2565	2461	2468	348956	199902	0
2016-05-06	2483	2504	2425	2502	322228	192564	0
2016-05-09	2499	2523	2317	2317	392990	186034	0
2016-05-10	2286	2328	2243	2309	420866	184488	0
2016-05-11	2325	2339	2275	2315	354112	191952	0
2016-05-12	2320	2323	2251	2251	247002	202432	0
2016-05-13	2233	2252	2171	2209	352088	219350	0
2016-05-16	2206	2289	2202	2256	418432	226386	0
2016-05-17	2264	2310	2221	2306	316578	222208	0
2016-05-18	2302	2317	2202	2239	410634	210472	0
2016-05-19	2237	2257	2205	2227	256610	214274	0
2016-05-20	2216	2261	2200	2252	245756	226462	0
2016-05-23	2257	2257	2103	2120	351896	238954	0
2016-05-24	2117	2162	2097	2149	266932	246560	0
2016-05-25	2153	2169	2095	2101	245012	254166	0
2016-05-26	2098	2152	2088	2150	270284	265490	0
2016-05-27	2160	2256	2139	2256	628284	322242	0
2016-05-30	2268	2280	2114	2227	711484	341600	0
2016-05-31	2227	2252	2193	2197	339776	343458	0
2016-06-01	2186	2189	2143	2163	416792	350572	0
2016-06-02	2155	2191	2148	2151	388594	372028	0
2016-06-03	2153	2198	2149	2173	282426	369232	0
2016-06-06	2192	2268	2168	2253	414690	357290	0
2016-06-07	2255	2302	2249	2281	314230	347810	0
2016-06-08	2271	2320	2236	2296	411754	352480	0
2016-06-13	2292	2374	2275	2332	288794	333080	0
2016-06-14	2340	2354	2252	2253	359858	319458	0
2016-06-15	2247	2282	2224	2248	273764	323526	0
2016-06-16	2272	2303	2247	2248	324374	317780	0
2016-06-17	2238	2261	2195	2257	316524	318082	0
2016-06-20	2262	2278	2223	2233	250980	320082	0
2016-06-21	2226	2293	2220	2256	288262	310470	0
2016-06-22	2248	2316	2248	2308	317796	302138	0
2016-06-23	2312	2324	2289	2301	202530	297340	0
2016-06-24	2311	2341	2257	2291	310106	300558	0
2016-06-27	2297	2442	2291	2441	417892	317874	0
2016-06-28	2440	2461	2397	2435	262366	301486	0
2016-06-29	2438	2457	2393	2403	270548	302486	0
2016-06-30	2406	2504	2401	2496	353426	307100	0
2016-07-01	2497	2532	2454	2503	270212	305282	0
2016-07-04	2505	2604	2505	2561	386386	295704	0
2016-07-05	2562	2592	2432	2526	384688	274732	0
2016-07-06	2527	2552	2448	2513	352854	265642	0
2016-07-07	2501	2628	2487	2551	633886	284250	0
2016-07-08	2563	2590	2505	2588	446322	272782	0
2016-07-11	2621	2627	2514	2582	332826	272908	0
2016-07-12	2592	2702	2568	2690	400208	284862	0
2016-07-13	2684	2735	2649	2656	332010	269844	0
2016-07-14	2663	2681	2606	2652	287194	263014	0
2016-07-15	2650	2691	2616	2654	277232	260604	0
2016-07-18	2657	2657	2489	2489	388436	264680	0
2016-07-19	2476	2484	2391	2424	368136	257942	0
2016-07-20	2439	2479	2421	2456	266650	254892	0
2016-07-21	2449	2592	2428	2563	521220	241864	0
2016-07-22	2561	2568	2478	2487	384464	244192	0
2016-07-25	2493	2575	2462	2548	473956	254670	0
2016-07-26	2546	2594	2517	2593	366378	278930	0
2016-07-27	2593	2661	2569	2616	632514	290390	0
2016-07-28	2629	2675	2607	2666	492898	290808	0
2016-07-29	2660	2673	2569	2592	356656	283808	0
2016-08-01	2599	2709	2567	2692	444442	295078	0
2016-08-02	2673	2700	2657	2681	285736	293338	0
2016-08-03	2683	2691	2636	2665	294730	294580	0
2016-08-04	2659	2677	2581	2616	380516	286480	0
2016-08-05	2620	2708	2612	2701	308806	286558	0
2016-08-08	2700	2789	2682	2775	419664	296726	0
2016-08-09	2771	2796	2702	2739	313042	287402	0
2016-08-10	2731	2784	2714	2740	274120	288814	0
2016-08-11	2740	2756	2686	2742	330424	283810	0
2016-08-12	2740	2747	2709	2729	191298	282720	0
2016-08-15	2711	2727	2659	2705	328892	274432	0
2016-08-16	2713	2836	2702	2792	381102	307184	0
2016-08-17	2803	2828	2762	2764	284774	325824	0
2016-08-18	2765	2808	2743	2774	309322	319168	0
2016-08-19	2763	2784	2723	2772	289278	316024	0
2016-08-22	2774	2806	2761	2765	299934	328422	0
2016-08-23	2763	2847	2753	2826	382590	370730	0
2016-08-24	2827	2835	2806	2816	213116	370886	0
2016-08-25	2837	2855	2732	2807	432222	356992	0
2016-08-26	2803	2819	2759	2761	262122	347456	0
2016-08-29	2755	2786	2701	2778	421262	355124	0
2016-08-30	2783	2796	2723	2724	315312	349852	0
2016-08-31	2729	2759	2671	2673	325692	354428	0
2016-09-01	2668	2696	2642	2679	310540	351000	0
2016-09-02	2679	2741	2667	2691	292748	348024	0
2016-09-05	2705	2735	2691	2695	283238	353156	0
2016-09-06	2698	2716	2657	2669	280288	364582	0
2016-09-07	2666	2676	2589	2596	392964	380674	0
2016-09-08	2602	2639	2593	2617	304612	401500	0
2016-09-09	2616	2633	2587	2621	311018	411454	0
2016-09-12	2615	2631	2554	2565	335788	417718	0
2016-09-13	2568	2600	2542	2554	290210	427760	0
2016-09-14	2558	2586	2541	2567	249454	429842	0
2016-09-19	2566	2571	2518	2554	207822	435504	0
2016-09-20	2560	2578	2530	2559	313076	432454	0
2016-09-21	2558	2571	2528	2540	305236	443890	0
2016-09-22	2539	2608	2535	2573	373614	420178	0
2016-09-23	2579	2611	2572	2609	278994	414304	0
2016-09-27	2624	2625	2552	2575	258808	393050	0
2016-09-28	2567	2592	2558	2588	188704	375516	0
2016-09-29	2597	2639	2567	2569	306974	342604	0
2016-09-30	2574	2585	2536	2545	217322	337820	0
2016-10-10	2571	2581	2515	2569	186244	346872	0
2016-10-11	2578	2668	2576	2668	417026	343044	0
2016-10-12	2668	2716	2654	2703	431264	371128	0
2016-10-13	2709	2711	2663	2688	297824	366150	0
2016-10-14	2687	2735	2677	2712	334764	394746	0
2016-10-17	2708	2744	2694	2731	333310	399894	0
2016-10-18	2730	2732	2686	2719	260488	385468	0
2016-10-19	2730	2817	2723	2745	526694	410894	0
2016-10-20	2749	2805	2743	2795	297174	428074	0
2016-10-21	2801	2814	2740	2780	291162	411198	0
2016-10-24	2776	2800	2741	2795	249960	414492	0
2016-10-25	2805	2894	2797	2874	466896	426278	0
2016-10-26	2874	2904	2819	2844	362216	397612	0
2016-10-27	2851	2879	2807	2837	287084	396790	0
2016-10-28	2844	2907	2830	2897	294626	402510	0
2016-10-31	2904	2976	2870	2958	484858	412602	0
2016-11-01	2957	3063	2921	3023	565508	417722	0
2016-11-02	3036	3111	3032	3048	703068	429178	0
2016-11-03	3061	3100	3037	3098	501864	448516	0
2016-11-04	3115	3133	3078	3101	566842	416582	0
2016-11-07	3120	3292	3069	3259	761850	410530	0
2016-11-08	3263	3289	3142	3194	527746	365588	0
2016-11-09	3196	3387	3183	3364	647568	371112	0
2016-11-10	3358	3490	3288	3328	806830	331398	0
2016-11-11	3328	3474	3306	3459	544668	326494	0
2016-11-14	3477	3572	3274	3325	687210	292330	0
2016-11-15	3332	3381	3196	3196	408462	299186	0
2016-11-16	3163	3204	3081	3181	543204	298262	0
2016-11-17	3200	3210	3112	3190	401638	301610	0
2016-11-18	3198	3224	3124	3151	408858	301874	0
2016-11-21	3169	3171	3057	3119	405838	292068	0
2016-11-22	3137	3309	3133	3308	497548	297760	0
2016-11-23	3313	3421	3305	3394	580026	301972	0
2016-11-24	3362	3468	3312	3380	581036	301242	0
2016-11-25	3378	3598	3373	3542	631132	316236	0
2016-11-28	3543	3638	3486	3614	602976	297430	0
2016-11-29	3588	3631	3381	3383	576768	273724	0
2016-11-30	3386	3399	3267	3267	385800	265818	0
2016-12-01	3301	3567	3293	3538	856866	286068	0
2016-12-02	3556	3570	3413	3511	907242	298864	0
2016-12-05	3510	3627	3450	3588	908900	337686	0
2016-12-06	3595	3674	3577	3644	786796	380418	0
2016-12-07	3655	3850	3642	3754	918372	428302	0
2016-12-08	3758	3800	3659	3764	873688	419172	0
2016-12-09	3779	3782	3600	3742	945798	413394	0
2016-12-12	3753	3900	3701	3778	669854	390898	0
2016-12-13	3790	3843	3752	3828	377600	384888	0
2016-12-14	3823	3824	3687	3731	428788	387426	0
2016-12-15	3730	3812	3669	3794	413808	390874	0
2016-12-16	3766	3779	3688	3688	317266	390272	0
2016-12-19	3664	3707	3569	3572	395312	378666	0
2016-12-20	3565	3613	3529	3588	328434	367618	0
2016-12-21	3595	3633	3527	3600	337446	388348	0
2016-12-22	3589	3595	3423	3428	373370	377572	0
2016-12-23	3428	3474	3363	3394	353128	367488	0
2016-12-26	3393	3424	3229	3308	427804	352516	0
2016-12-27	3326	3407	3270	3398	329936	351586	0
2016-12-28	3406	3485	3370	3413	355806	351604	0
2016-12-29	3401	3430	3329	3360	330338	358520	0
2016-12-30	3350	3399	3292	3311	279732	368424	0
2017-01-03	3315	3405	3293	3305	253840	379410	0
2017-01-04	3307	3390	3271	3374	366556	391042	0
2017-01-05	3374	3423	3340	3362	309892	383484	0
2017-01-06	3358	3382	3262	3278	433526	419094	0
2017-01-09	3281	3451	3258	3451	368372	385186	0
2017-01-10	3440	3563	3418	3563	361074	386350	0
2017-01-11	3574	3595	3504	3569	264278	368038	0
2017-01-12	3558	3656	3543	3591	307278	376342	0
2017-01-13	3599	3626	3531	3565	283804	371946	0
2017-01-16	3559	3773	3549	3719	352542	388426	0
2017-01-17	3710	3752	3572	3626	307108	346058	0
2017-01-18	3626	3705	3594	3619	249860	348118	0
2017-01-19	3613	3632	3501	3548	405456	362958	0
2017-01-20	3546	3585	3449	3450	270170	358954	0
2017-01-23	3437	3501	3418	3459	222958	348232	0
2017-01-24	3457	3628	3457	3582	291596	335016	0
2017-01-25	3595	3602	3525	3596	178348	303432	0
2017-01-26	3593	3671	3588	3657	198704	304148	0
2017-02-03	3653	3653	3367	3380	268664	338276	0
2017-02-06	3373	3406	3343	3381	246646	348570	0
2017-02-07	3380	3478	3374	3465	280856	351740	0
2017-02-08	3460	3538	3426	3529	249856	341694	0
2017-02-09	3530	3570	3481	3485	246172	349510	0
2017-02-10	3476	3679	3461	3615	413370	354652	0
2017-02-13	3625	3729	3618	3725	260314	346826	0
2017-02-14	3731	3740	3664	3723	186150	337502	0
2017-02-15	3729	3732	3647	3671	253640	348310	0
2017-02-16	3656	3781	3623	3648	362900	353170	0
2017-02-17	3665	3747	3664	3732	277782	347048	0
2017-02-20	3760	3785	3701	3752	344608	356008	0
2017-02-21	3767	3833	3749	3769	291860	343664	0
2017-02-22	3768	3780	3639	3670	386178	383984	0
2017-02-23	3659	3699	3572	3599	356480	384104	0
2017-02-24	3628	3628	3462	3581	521370	408820	0
2017-02-27	3602	3738	3567	3711	419944	369490	0
2017-02-28	3700	3704	3535	3535	429638	408460	0
2017-03-01	3542	3625	3535	3580	430480	416644	0
2017-03-02	3580	3609	3540	3564	419774	453572	0
2017-03-03	3558	3561	3439	3556	505858	496060	0
2017-03-06	3560	3561	3417	3449	637784	550652	0
2017-03-07	3442	3481	3422	3455	348814	525086	0
2017-03-08	3457	3464	3383	3394	421336	557984	0
2017-03-09	3394	3398	3298	3340	401954	551814	0
2017-03-10	3336	3421	3335	3378	511600	569138	0
2017-03-13	3387	3523	3339	3516	590830	577346	0
2017-03-14	3518	3520	3438	3471	378004	567872	0
2017-03-15	3460	3587	3443	3543	516384	595870	0
2017-03-16	3545	3570	3469	3532	412370	610812	0
2017-03-17	3519	3547	3466	3491	413700	609572	0
2017-03-20	3486	3554	3461	3472	414844	646056	0
2017-03-21	3468	3476	3379	3389	489806	615574	0
2017-03-22	3375	3383	3262	3274	460732	654442	0
2017-03-23	3288	3322	3256	3259	379466	659244	0
2017-03-24	3242	3314	3217	3273	522970	680416	0
2017-03-27	3267	3271	3097	3160	551826	679526	0
2017-03-28	3170	3208	3133	3145	462814	682028	0
2017-03-29	3166	3266	3162	3252	557294	685112	0
2017-03-30	3242	3269	3215	3234	464710	671786	0
2017-03-31	3225	3291	3184	3213	619012	706880	0
2017-04-05	3218	3300	3210	3216	598488	756170	0
2017-04-06	3223	3245	3171	3198	754208	747736	0
2017-04-07	3185	3186	3076	3122	756004	695076	0
2017-04-10	3119	3149	3093	3107	592624	679852	0
2017-04-11	3081	3106	3050	3063	528964	677482	0
2017-04-12	3054	3063	2930	2936	690996	734262	0
2017-04-13	2937	3006	2919	2970	663896	730920	0
2017-04-14	2983	3057	2975	3001	663908	710684	0
2017-04-17	3014	3057	2952	2992	537026	688482	0
2017-04-18	2985	2998	2887	2896	500678	679666	0
2017-04-19	2899	2939	2888	2906	453614	677730	0
2017-04-20	2939	2950	2817	2939	790310	681732	0
2017-04-21	2948	3002	2911	2967	662576	685848	0
2017-04-24	2961	2973	2891	2961	579446	678978	0
2017-04-25	2958	3012	2939	2995	650326	694702	0
2017-04-26	3004	3087	2977	3024	604664	664132	0
2017-04-27	3027	3063	3004	3063	444664	656848	0
2017-04-28	3074	3149	3067	3148	662024	661596	0
2017-05-02	3172	3193	3118	3141	471088	683776	0
2017-05-03	3137	3141	3080	3111	659132	715982	0
2017-05-04	3086	3095	2890	2890	1017452	728602	0
2017-05-05	2904	2914	2844	2886	757842	723528	0
2017-05-08	2917	2973	2880	2929	949964	736718	0
2017-05-09	2912	2933	2860	2893	758130	760432	0
2017-05-10	2897	2950	2884	2928	873502	721900	0
2017-05-11	2941	2966	2854	2949	1140196	675608	0
2017-05-12	2940	2942	2839	2840	913408	732244	0
2017-05-15	2856	2952	2843	2916	807998	679132	0
2017-05-16	2920	2926	2874	2913	573636	669004	0
2017-05-17	2926	3046	2913	3033	1012734	690928	0
2017-05-18	3034	3060	2994	3044	659840	676198	0
2017-05-19	2997	3123	2988	3112	864910	666706	0
2017-05-22	3111	3225	3106	3166	882674	663542	0
2017-05-23	3172	3183	3130	3148	532044	667332	0
2017-05-24	3146	3195	3071	3124	998850	684328	0
2017-05-25	3129	3206	3113	3127	983030	718116	0
2017-05-26	3130	3147	3048	3111	883376	696384	0
2017-05-31	3126	3180	3027	3032	792944	712822	0
2017-06-01	3032	3051	2977	3015	767044	714194	0
2017-06-02	3017	3044	2978	3006	873972	716096	0
2017-06-05	2999	3016	2919	2930	838942	695384	0
2017-06-06	2915	2954	2900	2932	597346	660324	0
2017-06-07	2931	2966	2926	2950	417842	665310	0
2017-06-08	2956	3009	2915	2966	636604	652394	0
2017-06-09	2969	3071	2961	3065	845074	670214	0
2017-06-12	3068	3135	3053	3091	979420	666390	0
2017-06-13	3092	3107	2996	2996	755378	624526	0
2017-06-14	2991	3110	2963	3108	1106580	644054	0
2017-06-15	3107	3187	3055	3173	1415316	703174	0
2017-06-16	3167	3225	3137	3153	1224048	695870	0
2017-06-19	3163	3260	3148	3224	1175712	696844	0
2017-06-20	3229	3242	3193	3216	1046982	765724	0
2017-06-21	3201	3214	3153	3184	1063948	739930	0
2017-06-22	3203	3255	3172	3181	1229808	747312	0
2017-06-23	3187	3229	3169	3225	1110478	756066	0
2017-06-26	3225	3289	3204	3274	1105556	814142	0
2017-06-27	3274	3341	3257	3335	979466	835888	0
2017-06-28	3338	3396	3336	3375	928774	862266	0
2017-06-29	3378	3414	3341	3363	1323478	849024	0
2017-06-30	3362	3380	3326	3366	1073486	785400	0
2017-07-03	3360	3451	3353	3444	1152516	818980	0
2017-07-04	3443	3460	3360	3374	986374	742982	0
2017-07-05	3383	3465	3380	3412	917680	752230	0
2017-07-06	3396	3405	3313	3393	1160572	736206	0
2017-07-07	3389	3434	3347	3424	994060	746850	0
2017-07-10	3427	3471	3406	3433	884086	762692	0
2017-07-11	3431	3583	3421	3549	869680	795714	0
2017-07-12	3553	3606	3544	3568	718292	772806	0
2017-07-13	3572	3662	3556	3660	841308	810352	0
2017-07-14	3655	3655	3539	3573	1013614	762296	0
2017-07-17	3572	3700	3569	3674	1020292	813260	0
2017-07-18	3680	3685	3618	3632	822878	789248	0
2017-07-19	3644	3718	3637	3705	838322	811434	0
2017-07-20	3700	3702	3577	3588	1344650	734010	0
2017-07-21	3600	3622	3538	3598	864512	715914	0
2017-07-24	3604	3620	3511	3557	886372	686678	0
2017-07-25	3573	3618	3542	3603	736798	666818	0
2017-07-26	3613	3691	3590	3616	876266	657972	0
2017-07-27	3609	3639	3552	3631	882734	646158	0
2017-07-28	3627	3673	3596	3625	877288	655632	0
2017-07-31	3633	3780	3624	3769	1140074	737290	0
2017-08-01	3762	3792	3724	3733	585788	731094	0
2017-08-02	3725	3785	3713	3763	631288	759620	0
2017-08-03	3759	3824	3750	3792	927660	800500	0
2017-08-04	3799	3892	3780	3878	830776	873006	0
2017-08-07	3878	4068	3854	4007	1130682	858262	0
2017-08-08	4007	4070	3937	3968	863696	802572	0
2017-08-09	3982	4083	3936	4080	1023118	838086	0
2017-08-10	4066	4122	4007	4045	991632	830910	0
2017-08-11	4018	4090	3938	3963	1137238	784798	0
2017-08-14	3963	3997	3890	3906	1156974	766732	0
2017-08-15	3885	3911	3807	3867	1393216	746122	0
2017-08-16	3868	3900	3837	3849	1250990	771810	0
2017-08-17	3876	3997	3863	3961	1994922	781878	0
2017-08-18	3942	4049	3936	4034	1531310	811704	0
2017-08-21	4013	4118	3961	4083	1679720	810384	0
2017-08-22	4081	4099	4011	4059	1343428	786870	0
2017-08-23	4039	4039	3819	3882	2222822	782718	0
2017-08-24	3889	3991	3857	3975	1890240	744262	0
2017-08-25	3966	4150	3956	4060	1428396	914828	0
2017-08-28	4065	4115	3952	4089	1071540	863130	0
2017-08-29	4106	4122	4014	4060	1225828	1002360	0
2017-08-30	4071	4097	3993	4073	970654	982544	0
2017-08-31	4050	4078	3951	4075	1305372	999828	0
2017-09-01	4074	4254	4051	4253	1295544	1093768	0
2017-09-04	4261	4387	4247	4284	1463708	1151472	0
2017-09-05	4283	4359	4281	4335	1099408	1204164	0
2017-09-06	4335	4380	4215	4221	1349212	1160696	0
2017-09-07	4232	4265	4193	4216	1097620	1104490	0
2017-09-08	4212	4292	4127	4149	1374996	1131350	0
2017-09-11	4141	4176	4073	4158	929970	1029850	0
2017-09-12	4166	4194	4086	4173	1035300	1095454	0
2017-09-13	4165	4215	4096	4117	973076	1046098	0
2017-09-14	4118	4168	4050	4076	1353184	1159330	0
2017-09-15	4075	4104	4031	4061	998380	1116538	0
2017-09-18	4065	4078	3983	4042	1012824	1103604	0
2017-09-19	4033	4073	3976	3977	761820	1057918	0
2017-09-20	3972	4022	3924	3989	872396	1054478	0
2017-09-21	4006	4042	3881	3886	1154722	1100520	0
2017-09-22	3880	3892	3735	3760	921318	1041596	0
2017-09-25	3789	3831	3752	3813	811820	1021936	0
2017-09-26	3807	3862	3801	3838	663194	1004366	0
2017-09-27	3840	3920	3835	3909	913086	1044824	0
2017-09-28	3926	3962	3813	3870	1109212	1031224	0
2017-09-29	3877	3969	3780	3969	1020964	1000764	0
2017-10-09	4016	4086	3955	3991	725106	1024126	0
2017-10-10	3975	3976	3838	3838	1142236	1070636	0
2017-10-11	3836	3885	3797	3802	911280	1037592	0
2017-10-12	3813	4012	3787	3988	1468512	1211958	0
2017-10-13	3981	4112	3959	4112	1252398	1217778	0
2017-10-16	4122	4220	4113	4155	1273944	1264042	0
2017-10-17	4146	4152	4010	4035	1466614	1179748	0
2017-10-18	4036	4079	3996	4019	980902	1129014	0
2017-10-19	4013	4019	3876	3899	1366338	1162508	0
2017-10-20	3906	4096	3872	4095	1391562	1123406	0
2017-10-23	4079	4079	3938	4025	1462382	1133024	0
2017-10-24	4023	4093	3985	4059	1178944	1146410	0
2017-10-25	4059	4124	3992	4029	1261432	1162912	0
2017-10-26	3998	4021	3912	3924	1492256	1197650	0
2017-10-27	3915	3927	3800	3814	1571704	1269444	0
2017-10-30	3815	3855	3787	3808	1047520	1205052	0
2017-10-31	3806	3910	3799	3862	1402904	1191320	0
2017-11-01	3848	3868	3760	3761	1669798	1209936	0
2017-11-02	3764	3850	3733	3809	1742136	1226294	0
2017-11-03	3813	3873	3787	3799	1214332	1155996	0
2017-11-06	3810	3951	3797	3941	1281900	1126806	0
2017-11-07	3935	3964	3882	3902	879178	1063704	0
2017-11-08	3890	3925	3848	3904	999548	1081006	0
2017-11-09	3914	3982	3879	3911	1273356	1098838	0
2017-11-10	3922	3986	3887	3978	1183760	1092380	0
2017-11-13	4003	4028	3952	4010	1147226	1116736	0
2017-11-14	4008	4046	3977	4021	830442	1083030	0
2017-11-15	4027	4050	3914	3957	1030976	1054130	0
2017-11-16	3965	3975	3924	3941	812244	1038414	0
2017-11-17	3937	3955	3858	3860	1019836	1068266	0
2017-11-20	3863	3918	3861	3916	857812	984824	0
2017-11-21	3922	3971	3900	3949	848146	932522	0
2017-11-22	3956	3990	3924	3976	830258	945608	0
2017-11-23	3983	3998	3900	3922	1043196	923992	0
2017-11-24	3889	3917	3856	3915	1024892	874040	0
2017-11-27	3917	3976	3884	3904	1180528	866880	0
2017-11-28	3916	3986	3905	3974	1139690	880574	0
2017-11-29	3973	4026	3936	4013	1139756	922654	0
2017-11-30	4024	4080	3994	4003	1200918	941552	0
2017-12-01	4014	4045	3978	4017	980676	903792	0
2017-12-04	4011	4133	3991	4104	1139670	951964	0
2017-12-05	4102	4132	4059	4082	804542	935646	0
2017-12-06	4077	4082	3951	3970	984906	882640	0
2017-12-07	3975	3988	3806	3871	1096554	830304	0
2017-12-08	3886	3976	3865	3962	844468	776094	0
2017-12-11	3965	4017	3927	3958	933844	781356	0
2017-12-12	3967	4021	3928	3946	797840	785602	0
2017-12-13	3942	3952	3883	3905	850788	762270	0
2017-12-14	3920	3955	3884	3902	872506	770908	0
2017-12-15	3900	3964	3894	3952	884070	768148	0
2017-12-18	3953	4017	3898	3964	1156448	744142	0
2017-12-19	3957	3961	3851	3857	1081848	789768	0
2017-12-20	3858	3898	3838	3864	772962	766276	0
2017-12-21	3880	3938	3861	3898	958466	742640	0
2017-12-22	3905	3987	3890	3977	850316	756732	0
2017-12-25	3980	3986	3840	3842	807662	702794	0
2017-12-26	3844	3889	3840	3878	586636	714516	0
2017-12-27	3878	3905	3853	3864	718168	714010	0
2017-12-28	3856	3875	3824	3854	656020	724054	0
2017-12-29	3849	3900	3834	3849	814774	721916	0
2018-01-02	3865	3938	3846	3924	599588	719836	0
2018-01-03	3915	3930	3862	3865	522802	713984	0
2018-01-04	3868	3896	3846	3875	600978	725928	0
2018-01-05	3866	3873	3793	3841	904882	787778	0
2018-01-08	3837	3861	3771	3861	799870	789606	0
2018-01-09	3855	3890	3851	3860	622354	754176	0
2018-01-10	3859	3903	3829	3878	724258	748144	0
2018-01-11	3888	3904	3858	3872	535248	722912	0
2018-01-12	3878	3884	3814	3830	530134	736458	0
2018-01-15	3827	3842	3784	3829	456360	712250	0
2018-01-16	3826	3870	3813	3814	621052	714338	0
2018-01-17	3819	3855	3804	3833	660212	716056	0
2018-01-18	3832	3863	3820	3851	556618	734546	0
2018-01-19	3858	3917	3811	3913	973972	747130	0
2018-01-22	3910	3935	3875	3890	643566	766418	0
2018-01-23	3886	3912	3863	3895	669186	741272	0
2018-01-24	3891	3935	3875	3930	530742	770048	0
2018-01-25	3939	3999	3913	3963	739362	758112	0
2018-01-26	3960	3977	3927	3952	465908	736230	0
2018-01-29	3946	3967	3940	3954	322252	735974	0
2018-01-30	3952	3959	3903	3928	450966	706326	0
2018-01-31	3949	3950	3897	3922	445854	684064	0
2018-02-01	3926	3987	3923	3958	693908	720824	0
2018-02-02	3952	4028	3949	4019	866770	819944	0
2018-02-05	4011	4031	3979	4015	564980	786964	0
2018-02-06	4009	4036	3981	3996	558810	735928	0
2018-02-07	3995	4013	3973	3999	453450	705680	0
2018-02-08	3996	4027	3987	4015	483744	719412	0
2018-02-09	4011	4029	3936	3945	637640	687066	0
2018-02-12	3948	3971	3932	3960	338316	660270	0
2018-02-13	3953	3993	3945	3971	308498	630206	0
2018-02-14	3971	3988	3955	3970	263058	609398	0
2018-02-22	3965	3986	3894	3913	366408	629156	0
2018-02-23	3904	3969	3877	3959	719914	656914	0
2018-02-26	3964	4068	3957	4065	629108	675972	0
2018-02-27	4058	4085	4024	4082	477854	702300	0
2018-02-28	4069	4087	4055	4070	457586	706852	0
2018-03-01	4070	4106	4061	4077	449138	719496	0
2018-03-02	4065	4105	4048	4102	560200	748508	0
2018-03-05	4087	4097	4018	4027	653760	669596	0
2018-03-06	4021	4041	3997	4023	493650	642120	0
2018-03-07	4020	4028	3928	3929	698476	651256	0
2018-03-08	3929	3952	3863	3864	629912	643420	0
2018-03-09	3859	3870	3740	3780	930096	625726	0
2018-03-12	3812	3825	3761	3792	643256	592298	0
2018-03-13	3801	3821	3762	3778	533552	602960	0
2018-03-14	3784	3836	3743	3819	675942	591440	0
2018-03-15	3828	3841	3796	3822	470804	580522	0
2018-03-16	3814	3859	3797	3835	656724	610506	0
2018-03-19	3829	3846	3741	3769	867086	604084	0
2018-03-20	3766	3796	3728	3759	780134	617458	0
2018-03-21	3761	3790	3675	3682	1036668	683442	0
2018-03-22	3687	3712	3658	3688	818724	667396	0
2018-03-23	3672	3679	3450	3476	1440638	653778	0
2018-03-26	3491	3514	3419	3437	928334	630634	0
2018-03-27	3436	3537	3432	3499	920662	635772	0
2018-03-28	3515	3544	3457	3490	1009704	625314	0
2018-03-29	3498	3543	3471	3535	772322	626468	0
2018-03-30	3540	3636	3518	3635	803930	600880	0
2018-04-02	3622	3685	3583	3597	748222	572274	0
2018-04-03	3599	3637	3548	3571	852082	563806	0
2018-04-04	3587	3595	3537	3551	673170	550300	0
2018-04-09	3557	3628	3534	3625	688202	566050	0
2018-04-10	3621	3647	3595	3627	693824	567136	0
2018-04-11	3629	3642	3554	3564	794564	579532	0
2018-04-12	3569	3607	3546	3587	776588	571324	0
2018-04-13	3572	3630	3551	3623	745156	551734	0
2018-04-16	3624	3634	3525	3537	736794	567598	0
2018-04-17	3543	3613	3532	3574	776216	517372	0
2018-04-18	3600	3674	3595	3635	880394	517734	0
2018-04-19	3656	3690	3634	3670	783566	528830	0
2018-04-20	3666	3672	3622	3634	624272	550924	0
2018-04-23	3645	3727	3639	3718	733882	573930	0
2018-04-24	3709	3742	3706	3707	694260	589230	0
2018-04-25	3706	3732	3683	3705	574900	578292	0
2018-04-26	3712	3743	3664	3687	631790	577466	0
2018-04-27	3686	3720	3666	3703	582952	544688	0
2018-05-02	3722	3806	3722	3801	550384	590472	0
2018-05-03	3797	3802	3725	3737	616902	634768	0
2018-05-04	3729	3755	3715	3737	476050	633154	0
2018-05-07	3732	3774	3708	3745	654512	630924	0
2018-05-08	3741	3763	3727	3733	404826	623356	0
2018-05-09	3715	3717	3663	3673	643148	641558	0
2018-05-10	3674	3714	3666	3712	604174	624478	0
2018-05-11	3735	3778	3718	3763	578552	633816	0
2018-05-14	3775	3781	3745	3766	415332	601498	0
2018-05-15	3765	3812	3744	3792	748668	600316	0
2018-05-16	3789	3842	3770	3803	787698	617872	0
2018-05-17	3800	3844	3786	3839	641124	692418	0
2018-05-18	3841	3861	3785	3793	676464	655268	0
2018-05-21	3787	3828	3737	3748	748014	651482	0
2018-05-22	3755	3786	3739	3754	541478	666440	0
2018-05-23	3748	3751	3672	3700	680106	667104	0
2018-05-24	3698	3764	3687	3764	608974	714442	0
2018-05-25	3772	3819	3735	3755	955022	722548	0
2018-05-28	3747	3820	3744	3777	738014	741922	0
2018-05-29	3782	3861	3768	3843	775438	809804	0
2018-05-30	3854	3885	3825	3859	737486	856464	0
2018-05-31	3853	3910	3844	3889	691804	882646	0
2018-06-01	3889	3951	3877	3890	741402	868036	0
2018-06-04	3896	3917	3842	3857	718088	852472	0
2018-06-05	3840	3902	3828	3901	721324	844942	0
2018-06-06	3910	3931	3878	3910	683442	819512	0
2018-06-07	3917	3989	3906	3934	784362	811090	0
2018-06-08	3940	3948	3908	3928	479834	801688	0
2018-06-11	3920	3947	3887	3927	548346	817230	0
2018-06-12	3938	3966	3896	3966	623504	809580	0
2018-06-13	3961	3999	3942	3956	640064	784520	0
2018-06-14	3955	3978	3945	3972	607204	801950	0
2018-06-15	3973	3986	3933	3961	538802	814404	0
2018-06-19	3955	3955	3814	3838	794904	779906	0
2018-06-20	3830	3904	3826	3900	554862	774780	0
2018-06-21	3895	3922	3860	3862	633514	764506	0
2018-06-22	3854	3874	3839	3858	520300	761796	0
2018-06-25	3867	3877	3821	3834	594372	751644	0
2018-06-26	3823	3833	3766	3787	650828	725812	0
2018-06-27	3783	3838	3782	3812	582154	753446	0
2018-06-28	3822	3869	3821	3855	607372	715718	0
2018-06-29	3866	3910	3858	3906	497716	685652	0
2018-07-02	3895	3899	3829	3839	598004	676070	0
2018-07-03	3844	3851	3809	3844	451896	662466	0
2018-07-04	3849	3893	3837	3865	478360	671234	0
2018-07-05	3877	3877	3807	3824	756742	681066	0
2018-07-06	3829	3863	3776	3821	787852	683984	0
2018-07-09	3820	3868	3796	3866	556292	673436	0
2018-07-10	3877	3918	3875	3909	565594	668994	0
2018-07-11	3911	3944	3878	3925	614962	659040	0
2018-07-12	3928	4006	3927	3996	726764	712392	0
2018-07-13	3994	4025	3982	3998	604612	720086	0
2018-07-16	3981	4050	3978	4027	641040	752138	0
2018-07-17	4022	4024	3972	4017	727492	754606	0
2018-07-18	4009	4018	3992	4005	463136	751564	0
2018-07-19	4012	4069	3987	3989	834150	753962	0
2018-07-20	3989	4043	3983	4029	664180	757220	0
2018-07-23	4028	4059	4009	4048	462880	749186	0
2018-07-24	4056	4064	4017	4019	486564	734846	0
2018-07-25	4023	4078	4022	4071	506066	750864	0
2018-07-26	4065	4069	4032	4065	538154	764184	0
2018-07-27	4068	4170	4064	4162	668340	779858	0
2018-07-30	4158	4166	4126	4137	530216	755912	0
2018-07-31	4135	4190	4133	4173	490380	768460	0
2018-08-01	4170	4223	4132	4136	691286	734876	0
2018-08-02	4121	4139	4089	4131	638414	720438	0
2018-08-03	4134	4181	4131	4178	559696	720088	0
2018-08-06	4176	4204	4114	4200	787442	719354	0
2018-08-07	4197	4241	4195	4208	594706	735418	0
2018-08-08	4213	4222	4161	4168	573190	753146	0
2018-08-09	4162	4196	4118	4175	676924	768026	0
2018-08-10	4185	4189	4122	4124	553764	753376	0
2018-08-13	4123	4223	4114	4217	683346	756422	0
2018-08-14	4218	4224	4159	4172	485644	762002	0
2018-08-15	4179	4201	4159	4184	465386	760648	0
2018-08-16	4178	4193	4112	4130	780188	761190	0
2018-08-17	4149	4238	4125	4206	950288	762070	0
2018-08-20	4200	4359	4191	4349	1169548	781736	0
2018-08-21	4334	4382	4288	4310	866848	784766	0
2018-08-22	4306	4363	4289	4293	659308	769210	0
2018-08-23	4300	4327	4255	4264	695006	746176	0
2018-08-24	4260	4339	4253	4339	554340	761276	0
2018-08-27	4332	4332	4225	4238	691300	697342	0
2018-08-28	4246	4304	4236	4299	542826	702350	0
2018-08-29	4305	4308	4219	4225	721274	684442	0
2018-08-30	4220	4232	4155	4189	852568	660930	0
2018-08-31	4187	4193	4085	4102	767592	675606	0
2018-09-03	4106	4150	4101	4142	683244	647958	0
2018-09-04	4146	4176	4112	4157	567998	673190	0
2018-09-05	4155	4160	4096	4118	567066	665894	0
2018-09-06	4131	4156	4115	4149	515678	666830	0
2018-09-07	4166	4235	4115	4126	933010	689392	0
2018-09-10	4134	4206	4123	4166	722678	696392	0
2018-09-11	4102	4131	3972	3981	1205494	758364	0
2018-09-12	3998	4028	3927	3984	934386	732512	0
2018-09-13	3980	4028	3964	4020	757134	707900	0
2018-09-14	4017	4028	3982	3998	667478	710452	0
2018-09-17	4003	4039	3959	3975	787040	775202	0
2018-09-18	3974	4025	3948	4014	942098	765370	0
2018-09-19	4037	4049	3966	3978	895636	791912	0
2018-09-20	3993	4019	3950	3975	812136	800266	0
2018-09-21	3968	4011	3955	4007	630504	740994	0
2018-09-25	4009	4013	3928	3944	561624	738642	0
2018-09-26	3947	3954	3881	3920	878600	763580	0
2018-09-27	3928	3955	3869	3875	720718	737996	0
2018-09-28	3869	3870	3795	3854	806740	660416	0
2018-10-08	3859	3878	3821	3872	483314	677848	0
2018-10-09	3867	3930	3865	3925	549276	682690	0
2018-10-10	3932	3956	3899	3918	595972	703506	0
2018-10-11	3898	3907	3816	3887	982428	740802	0
2018-10-12	3906	3936	3857	3909	711210	768808	0
2018-10-15	3907	3959	3881	3942	754358	795662	0
2018-10-16	3947	3949	3890	3913	705242	778130	0
2018-10-17	3912	3947	3875	3938	724338	809814	0
2018-10-18	3942	3948	3828	3830	1056594	887262	0
2018-10-19	3817	3866	3809	3832	874420	872278	0
2018-10-22	3841	3899	3833	3872	794242	890430	0
2018-10-23	3866	3881	3836	3846	669692	915834	0
2018-10-24	3844	3898	3838	3896	598290	873834	0
2018-10-25	3895	3926	3856	3919	917132	860412	0
2018-10-26	3919	3938	3881	3897	605000	867464	0
2018-10-29	3894	3911	3786	3806	1022234	889168	0
2018-10-30	3817	3859	3807	3812	686266	855392	0
2018-10-31	3813	3817	3722	3767	1199164	944836	0
2018-11-01	3771	3785	3628	3638	1280038	1076314	0
2018-11-02	3648	3718	3632	3709	1295486	1001490	0
2018-11-05	3713	3737	3681	3735	925278	981764	0
2018-11-06	3736	3741	3669	3681	874264	963918	0
2018-11-07	3663	3701	3654	3668	910434	958948	0
2018-11-08	3681	3692	3593	3661	1293346	972006	0
2018-11-09	3652	3661	3577	3580	946384	1019026	0
2018-11-12	3570	3593	3501	3547	1088724	991332	0
2018-11-13	3543	3572	3532	3555	602460	990034	0
2018-11-14	3544	3564	3502	3551	916262	1016060	0
2018-11-15	3551	3577	3497	3556	1092942	1006746	0
2018-11-16	3552	3590	3530	3550	879230	979986	0
2018-11-19	3544	3594	3518	3550	839700	956366	0
2018-11-20	3540	3563	3494	3499	760654	931326	0
2018-11-21	3474	3540	3432	3535	1228794	867662	0
2018-11-22	3543	3553	3500	3503	777770	834586	0
2018-11-23	3500	3507	3388	3388	950314	872338	0
2018-11-26	3373	3404	3246	3276	1207270	891900	0
2018-11-27	3279	3361	3247	3259	980838	878856	0
2018-11-28	3251	3324	3246	3301	852040	891366	0
2018-11-29	3302	3336	3277	3299	678268	905488	0
2018-11-30	3298	3319	3224	3273	834492	894542	0
2018-12-03	3264	3469	3222	3331	1282882	832934	0
2018-12-04	3325	3389	3310	3374	837818	796846	0
2018-12-05	3398	3452	3370	3452	1027628	771044	0
2018-12-06	3455	3455	3374	3382	768484	773712	0
2018-12-07	3360	3427	3351	3408	885484	752412	0
2018-12-10	3405	3414	3338	3343	748142	760594	0
2018-12-11	3340	3366	3310	3365	677172	772998	0
2018-12-12	3386	3401	3363	3369	659966	788640	0
2018-12-13	3373	3520	3372	3506	1329542	789666	0
2018-12-14	3498	3500	3462	3478	870108	761952	0
2018-12-17	3479	3503	3452	3472	809284	751352	0
2018-12-18	3465	3482	3438	3463	706994	757146	0
2018-12-19	3462	3498	3455	3469	966646	804986	0
2018-12-20	3473	3498	3454	3475	857076	761918	0
2018-12-21	3496	3518	3455	3479	858024	764696	0
2018-12-24	3477	3480	3424	3434	660590	754304	0
2018-12-25	3422	3430	3353	3381	779238	722266	0
2018-12-26	3381	3390	3357	3367	527160	717594	0
2018-12-27	3370	3404	3315	3332	1172444	755626	0
2018-12-28	3325	3357	3323	3336	602790	694096	0
2019-01-02	3323	3348	3275	3285	523572	731178	0
2019-01-03	3282	3345	3276	3336	702670	711662	0
2019-01-04	3337	3363	3310	3348	682328	700186	0
2019-01-07	3355	3400	3339	3396	593478	715962	0
2019-01-08	3391	3399	3373	3388	556818	732126	0
2019-01-09	3391	3438	3380	3406	746968	741212	0
2019-01-10	3405	3426	3396	3406	496382	740570	0
2019-01-11	3410	3425	3386	3423	548224	740340	0
2019-01-14	3418	3448	3406	3445	483298	762898	0
2019-01-15	3440	3442	3389	3402	519766	767088	0
2019-01-16	3402	3425	3392	3419	411540	766808	0
2019-01-17	3418	3453	3417	3441	476444	783030	0
2019-01-18	3441	3508	3424	3501	623092	798396	0
2019-01-21	3501	3522	3484	3498	570078	780742	0
2019-01-22	3500	3594	3496	3526	1013374	746730	0
2019-01-23	3538	3549	3517	3538	465984	756910	0
2019-01-24	3542	3573	3534	3567	498632	766586	0
2019-01-25	3566	3627	3564	3586	612776	763074	0
2019-01-28	3588	3624	3560	3565	596742	737000	0
2019-01-29	3571	3576	3538	3564	417250	721480	0
2019-01-30	3566	3633	3549	3557	713362	668944	0
2019-01-31	3566	3586	3551	3583	465478	642154	0
2019-02-01	3578	3621	3578	3619	378442	614438	0
2019-02-11	3708	3756	3676	3678	501548	651408	0
2019-02-12	3678	3688	3631	3644	467842	684374	0
2019-02-13	3641	3666	3573	3581	647872	713696	0
2019-02-14	3584	3597	3547	3574	524518	698656	0
2019-02-15	3572	3582	3499	3503	672470	723086	0
2019-02-18	3532	3595	3527	3587	742890	694332	0
2019-02-19	3598	3645	3585	3598	795650	676194	0
2019-02-20	3592	3625	3542	3615	776432	703620	0
2019-02-21	3616	3650	3602	3629	741648	720668	0
2019-02-22	3635	3670	3619	3665	603284	709420	0
2019-02-25	3673	3704	3636	3639	629054	724026	0
2019-02-26	3635	3723	3630	3704	862058	780806	0
2019-02-27	3699	3719	3668	3693	574794	810522	0
2019-02-28	3701	3737	3677	3735	679402	842638	0
2019-03-01	3736	3780	3726	3780	576264	844662	0
2019-03-04	3773	3790	3731	3747	741010	808880	0
2019-03-05	3734	3749	3705	3729	664352	813956	0
2019-03-06	3738	3740	3657	3659	780358	818156	0
2019-03-07	3661	3718	3655	3699	648542	797844	0
2019-03-08	3696	3699	3639	3656	642180	782794	0
2019-03-11	3630	3650	3607	3621	624012	774884	0
2019-03-12	3634	3705	3631	3704	711906	787314	0
2019-03-13	3706	3719	3655	3658	594568	761540	0
2019-03-14	3651	3689	3628	3635	682492	790036	0
2019-03-15	3639	3645	3583	3597	878068	853726	0
2019-03-18	3598	3637	3596	3608	801348	803612	0
2019-03-19	3617	3639	3588	3606	583138	823128	0
2019-03-20	3615	3641	3582	3591	756338	804934	0
2019-03-21	3594	3631	3593	3597	564398	799170	0
2019-03-22	3586	3619	3584	3613	560234	779790	0
2019-03-25	3609	3615	3556	3558	634062	821010	0
2019-03-26	3562	3572	3532	3549	490252	822992	0
2019-03-27	3550	3562	3538	3554	439738	808480	0
2019-03-28	3555	3583	3532	3542	736146	803170	0
2019-03-29	3538	3606	3527	3599	718174	772722	0
2019-04-01	3600	3634	3587	3628	536548	753508	0
2019-04-02	3626	3645	3596	3631	606536	758104	0
2019-04-03	3632	3680	3625	3675	681460	724876	0
2019-04-04	3675	3692	3652	3691	497980	727930	0
2019-04-08	3726	3802	3704	3784	760564	711370	0
2019-04-09	3782	3825	3755	3777	647888	720544	0
2019-04-10	3769	3783	3743	3771	521720	735884	0
2019-04-11	3775	3782	3737	3778	497054	725076	0
2019-04-12	3785	3810	3727	3762	685180	695668	0
2019-04-15	3793	3822	3772	3811	697700	699290	0
2019-04-16	3811	3813	3750	3755	556870	673650	0
2019-04-17	3755	3776	3733	3772	542056	650378	0
2019-04-18	3763	3766	3689	3693	528960	647050	0
2019-04-19	3689	3734	3678	3728	468526	631604	0
2019-04-22	3740	3792	3732	3746	621344	615508	0
2019-04-23	3747	3764	3725	3725	345884	612262	0
2019-04-24	3720	3725	3691	3704	402114	608252	0
2019-04-25	3707	3736	3665	3668	564362	586886	0
2019-04-26	3675	3704	3672	3692	468966	582948	0
2019-04-29	3715	3720	3685	3716	420118	580162	0
2019-04-30	3726	3793	3721	3779	794660	617308	0
2019-05-06	3721	3739	3681	3705	579048	584018	0
2019-05-07	3708	3763	3698	3720	602026	622630	0
2019-05-08	3709	3711	3662	3674	543856	620952	0
2019-05-09	3658	3674	3621	3655	641314	600280	0
2019-05-10	3648	3674	3642	3666	489202	595202	0
2019-05-13	3666	3675	3595	3595	587110	622118	0
2019-05-14	3596	3612	3564	3578	597888	631934	0
2019-05-15	3577	3623	3562	3616	412788	623298	0
2019-05-16	3610	3633	3596	3623	577184	654060	0
2019-05-17	3631	3674	3625	3649	637054	628622	0
2019-05-20	3645	3661	3582	3612	794614	713124	0
2019-05-21	3615	3742	3604	3734	1034124	721526	0
2019-05-22	3731	3776	3690	3723	832484	733558	0
2019-05-23	3712	3722	3682	3691	572864	739492	0
2019-05-24	3675	3698	3617	3693	836000	748094	0
2019-05-27	3712	3724	3633	3633	999552	756334	0
2019-05-28	3633	3662	3609	3636	641698	788450	0
2019-05-29	3633	3650	3607	3633	652252	799494	0
2019-05-30	3634	3652	3595	3603	748692	831720	0
2019-05-31	3591	3619	3581	3587	521716	853760	0
2019-06-03	3579	3613	3533	3539	868466	884774	0
2019-06-04	3552	3578	3521	3571	588228	886606	0
2019-06-05	3579	3580	3540	3568	544966	903000	0
2019-06-06	3557	3569	3499	3555	1020946	914986	0
2019-06-10	3529	3556	3493	3536	544888	952122	0
2019-06-11	3531	3628	3523	3617	880284	922546	0
2019-06-12	3620	3640	3578	3583	584848	917248	0
2019-06-13	3570	3608	3565	3598	580808	910230	0
2019-06-14	3601	3620	3585	3589	573688	901360	0
2019-06-17	3585	3593	3535	3547	522802	926374	0
2019-06-18	3538	3566	3523	3565	457534	929212	0
2019-06-19	3571	3629	3552	3614	804570	905446	0
2019-06-20	3602	3680	3601	3673	822672	893910	0
2019-06-21	3663	3724	3636	3724	832900	911294	0
2019-06-24	3712	3884	3704	3814	1579934	992292	0
2019-06-25	3842	3899	3839	3879	1091720	1024792	0
2019-06-26	3890	3908	3862	3883	818250	1047078	0
2019-06-27	3886	3964	3855	3862	1167518	1007304	0
2019-06-28	3872	3920	3868	3916	736396	1008356	0
2019-07-01	3925	3996	3910	3946	803672	988050	0
2019-07-02	3935	3946	3851	3882	858748	924480	0
2019-07-03	3882	3924	3831	3870	755188	885874	0
2019-07-04	3866	3893	3826	3855	729474	871620	0
2019-07-05	3846	3890	3798	3819	688878	841418	0
2019-07-08	3815	3844	3807	3831	455772	825552	0
2019-07-09	3836	3923	3834	3868	660608	825076	0
2019-07-10	3863	3878	3827	3841	462826	827682	0
2019-07-11	3828	3854	3804	3830	599200	823966	0
2019-07-12	3835	3835	3784	3793	479400	832650	0
2019-07-15	3790	3849	3756	3848	574374	828212	0
2019-07-16	3844	3870	3834	3849	517228	852388	0
2019-07-17	3842	3882	3827	3870	541538	833746	0
2019-07-18	3869	3875	3807	3808	412830	806548	0
2019-07-19	3801	3853	3792	3850	464400	783402	0
2019-07-22	3855	3855	3797	3807	569864	758828	0
2019-07-23	3818	3862	3805	3811	515706	776016	0
2019-07-24	3793	3800	3741	3772	639718	778020	0
2019-07-25	3773	3817	3763	3809	431204	770802	0
2019-07-26	3820	3830	3775	3784	496096	774870	0
2019-07-29	3781	3793	3739	3741	481618	816920	0
2019-07-30	3733	3762	3723	3729	564666	838830	0
2019-07-31	3723	3781	3723	3746	565402	809420	0
2019-08-01	3744	3762	3721	3721	431154	808130	0
2019-08-02	3715	3721	3621	3683	695970	799730	0
2019-08-05	3691	3693	3616	3625	550362	789610	0
2019-08-06	3623	3641	3592	3595	514780	798880	0
2019-08-07	3597	3624	3578	3599	555436	797914	0
2019-08-08	3609	3635	3565	3582	450850	795332	0
2019-08-09	3584	3600	3499	3542	756482	791194	0
2019-08-12	3537	3603	3522	3602	759110	758592	0
2019-08-13	3601	3622	3572	3581	477916	745052	0
2019-08-14	3591	3640	3576	3608	446382	737618	0
2019-08-15	3617	3640	3606	3631	526632	735426	0
2019-08-16	3625	3646	3608	3629	357174	725758	0
2019-08-19	3627	3639	3611	3633	425158	698890	0
2019-08-20	3642	3655	3590	3597	452578	714288	0
2019-08-21	3599	3600	3542	3594	521948	722256	0
2019-08-22	3588	3601	3555	3585	436474	730126	0
2019-08-23	3594	3609	3579	3590	376314	730492	0
2019-08-26	3582	3599	3510	3515	529738	752032	0
2019-08-27	3496	3509	3411	3414	625952	808250	0
2019-08-28	3413	3441	3373	3437	551436	813582	0
2019-08-29	3439	3460	3393	3397	400196	819444	0
2019-08-30	3421	3455	3414	3453	491746	799880	0
2019-09-02	3435	3497	3414	3493	538270	797808	0
2019-09-03	3488	3501	3463	3486	336418	793106	0
2019-09-04	3485	3512	3462	3495	380192	787366	0
2019-09-05	3499	3524	3470	3471	572864	819632	0
2019-09-06	3476	3477	3422	3423	437878	831986	0
2019-09-09	3452	3552	3447	3543	1057266	803502	0
2019-09-10	3547	3564	3521	3536	545990	819652	0
2019-09-11	3530	3548	3514	3528	361400	825070	0
2019-09-12	3528	3574	3506	3573	527142	797008	0
2019-09-16	3584	3585	3549	3571	358894	795638	0
2019-09-17	3571	3575	3524	3538	379814	767344	0
2019-09-18	3533	3551	3513	3514	417566	766084	0
2019-09-19	3504	3508	3416	3429	664530	753002	0
2019-09-20	3424	3430	3384	3399	498584	763080	0
2019-09-23	3404	3505	3392	3497	635802	732058	0
2019-09-24	3507	3531	3480	3487	597690	732982	0
2019-09-25	3505	3518	3491	3496	399664	745278	0
2019-09-26	3502	3512	3434	3443	618254	739056	0
2019-09-27	3453	3454	3416	3423	357520	710928	0
2019-09-30	3428	3501	3423	3442	540010	684430	0
2019-10-08	3455	3455	3391	3395	302230	677244	0
2019-10-09	3404	3418	3361	3404	564278	709950	0
2019-10-10	3410	3413	3357	3376	529910	730472	0
2019-10-11	3370	3371	3326	3350	608992	803544	0
2019-10-14	3353	3378	3324	3326	555132	819088	0
2019-10-15	3322	3328	3276	3312	585406	855340	0
2019-10-16	3308	3321	3252	3260	539948	887798	0
2019-10-17	3268	3287	3249	3280	434824	882764	0
2019-10-18	3284	3285	3226	3267	484288	889198	0
2019-10-21	3264	3277	3249	3254	340214	891544	0
2019-10-22	3269	3285	3249	3280	366460	900482	0
2019-10-23	3284	3306	3266	3280	413092	894568	0
2019-10-24	3284	3327	3276	3320	608658	919358	0
2019-10-25	3317	3330	3288	3324	403520	901732	0
2019-10-28	3328	3340	3297	3305	370534	886394	0
2019-10-29	3308	3328	3291	3324	364836	890784	0
2019-10-30	3320	3332	3294	3329	414432	880558	0
2019-10-31	3329	3351	3310	3316	501218	876672	0
2019-11-01	3312	3323	3288	3323	422254	892584	0
2019-11-04	3318	3328	3297	3312	358798	902298	0
2019-11-05	3317	3350	3299	3347	470176	884448	0
2019-11-06	3353	3370	3347	3353	461244	890820	0
2019-11-07	3356	3361	3320	3325	347784	906150	0
2019-11-08	3326	3328	3310	3319	381864	915644	0
2019-11-11	3305	3306	3270	3286	498556	933334	0
2019-11-12	3292	3343	3278	3341	528578	919040	0
2019-11-13	3337	3353	3326	3340	283162	915948	0
2019-11-14	3344	3435	3333	3429	795710	902894	0
2019-11-15	3427	3453	3422	3439	505556	878090	0
2019-11-18	3437	3444	3398	3419	557084	878182	0
2019-11-19	3423	3453	3410	3446	585970	889054	0
2019-11-20	3454	3505	3451	3473	604106	884134	0
2019-11-21	3488	3488	3430	3441	581072	883340	0
2019-11-22	3442	3486	3437	3472	462654	886772	0
2019-11-25	3481	3524	3464	3513	608950	868040	0
2019-11-26	3493	3494	3447	3464	505708	860720	0
2019-11-27	3458	3476	3442	3455	397104	853794	0
2019-11-28	3446	3504	3441	3492	498816	849994	0
2019-11-29	3491	3515	3464	3493	490930	841988	0
2019-12-02	3488	3545	3463	3534	719540	861402	0
2019-12-03	3535	3541	3501	3502	352324	860502	0
2019-12-04	3491	3538	3484	3520	469990	850876	0
2019-12-05	3528	3564	3527	3528	482406	848540	0
2019-12-06	3516	3546	3514	3530	393496	865342	0
2019-12-09	3533	3615	3522	3593	715718	848114	0
2019-12-10	3588	3613	3583	3598	374636	855786	0
2019-12-11	3602	3646	3594	3634	510970	859678	0
2019-12-12	3636	3675	3622	3658	710066	921938	0
2019-12-13	3654	3657	3611	3623	554446	916386	0
2019-12-16	3621	3650	3576	3583	768006	896408	0
2019-12-17	3585	3603	3563	3596	445904	907290	0
2019-12-18	3591	3605	3575	3581	424484	915394	0
2019-12-19	3588	3616	3569	3586	524592	909184	0
2019-12-20	3583	3599	3560	3567	464744	867586	0
2019-12-23	3571	3624	3570	3603	542782	867912	0
2019-12-24	3602	3609	3568	3581	545286	835872	0
2019-12-25	3585	3591	3547	3547	373318	834216	0
2019-12-26	3546	3573	3524	3569	460422	768968	0
2019-12-27	3566	3586	3560	3574	277678	752426	0
2019-12-30	3572	3589	3564	3575	290654	731376	0
2019-12-31	3574	3616	3561	3590	546780	727396	0
2020-01-02	3598	3616	3563	3567	161080	341025	0
2020-01-03	3573	3584	3554	3556	116835	332688	0
2020-01-06	3553	3578	3553	3571	124303	333680	0
2020-01-07	3575	3589	3568	3578	100861	332786	0
2020-01-08	3581	3638	3581	3632	193288	349849	0
2020-01-09	3629	3635	3573	3573	177245	346000	0
2020-01-10	3580	3598	3575	3587	107423	345000	0
2020-01-13	3581	3583	3548	3550	122048	331373	0
2020-01-14	3548	3583	3537	3581	113187	332414	0
2020-01-15	3579	3600	3558	3559	138327	334463	0
2020-01-16	3563	3592	3552	3566	151133	331436	0
2020-01-17	3565	3621	3561	3611	149937	351692	0
2020-01-20	3615	3631	3599	3610	126447	352554	0
2020-01-21	3612	3612	3546	3565	169758	326500	0
2020-01-22	3551	3553	3492	3540	193978	311469	0
2020-01-23	3524	3525	3479	3491	158251	306864	0
2020-02-03	3270	3279	3220	3223	223078	295707	0
2020-02-04	3217	3322	3209	3295	218276	281436	0
2020-02-05	3287	3310	3273	3293	145462	290571	0
2020-02-06	3290	3307	3274	3299	153534	306084	0
2020-02-07	3299	3328	3284	3314	109894	314328	0
2020-02-10	3294	3318	3277	3303	148906	328898	0
2020-02-11	3301	3445	3300	3368	328570	330648	0
2020-02-12	3375	3398	3360	3388	160813	337876	0
2020-02-13	3384	3403	3372	3385	158568	338434	0
2020-02-14	3380	3404	3366	3400	139418	343232	0
2020-02-17	3385	3431	3385	3423	151580	347490	0
2020-02-18	3419	3432	3401	3408	170609	353490	0
2020-02-19	3412	3412	3385	3399	124314	361981	0
2020-02-20	3395	3460	3395	3442	233631	357211	0
2020-02-21	3438	3471	3438	3464	186994	358143	0
2020-02-24	3473	3486	3440	3466	224423	376614	0
2020-02-25	3440	3481	3427	3473	228665	381524	0
2020-02-26	3459	3470	3431	3445	181344	373738	0
2020-02-27	3450	3451	3411	3423	177839	378308	0
2020-02-28	3407	3407	3339	3358	305943	369835	0
2020-03-02	3386	3465	3354	3447	301280	379851	0
2020-03-03	3449	3476	3432	3442	186704	383976	0
2020-03-04	3443	3476	3428	3473	180183	394347	0
2020-03-05	3467	3496	3461	3467	179397	404475	0
2020-03-06	3462	3469	3441	3445	140519	404547	0
2020-03-09	3424	3447	3363	3445	279355	383895	0
2020-03-10	3422	3477	3422	3461	219331	376311	0
2020-03-11	3464	3500	3460	3465	204574	387215	0
2020-03-12	3471	3475	3431	3474	233484	381665	0
2020-03-13	3459	3497	3421	3496	347855	389376	0
2020-03-16	3490	3513	3457	3468	205916	391176	0
2020-03-17	3466	3466	3437	3460	241810	384546	0
2020-03-18	3464	3493	3408	3420	342894	393863	0
2020-03-19	3413	3420	3235	3386	739702	419369	0
2020-03-20	3367	3408	3282	3297	488527	440468	0
2020-03-23	3275	3275	3140	3176	616276	500574	0
2020-03-24	3194	3272	3177	3257	534442	490670	0
2020-03-25	3300	3302	3230	3250	393426	519954	0
2020-03-26	3249	3249	3195	3210	435453	587301	0
2020-03-27	3220	3237	3192	3219	345420	586229	0
2020-03-30	3192	3193	3109	3132	559828	633716	0
2020-03-31	3146	3162	3116	3120	349535	642048	0
2020-04-01	3130	3131	3018	3036	639705	699983	0
2020-04-02	3020	3116	2967	3105	672296	651729	0
2020-04-03	3105	3115	3033	3062	447740	676125	0
2020-04-07	3080	3103	3059	3084	342905	683078	0
2020-04-08	3073	3147	3061	3120	450254	649823	0
2020-04-09	3138	3174	3127	3163	444138	628849	0
2020-04-10	3162	3219	3151	3218	418252	591931	0
2020-04-13	3229	3261	3194	3231	405778	572220	0
2020-04-14	3224	3259	3201	3208	331942	584420	0
2020-04-15	3209	3240	3190	3205	336632	572828	0
2020-04-16	3212	3246	3185	3240	385660	551811	0
2020-04-17	3249	3282	3221	3240	324573	536305	0
2020-04-20	3241	3253	3217	3223	222250	529348	0
2020-04-21	3222	3222	3164	3189	287268	521334	0
2020-04-22	3189	3214	3154	3213	286620	521846	0
2020-04-23	3213	3225	3164	3174	263287	531527	0
2020-04-24	3165	3198	3164	3187	217862	519090	0
2020-04-27	3197	3199	3163	3171	209150	517313	0
2020-04-28	3169	3180	3126	3148	331666	516842	0
2020-04-29	3144	3168	3144	3156	175602	504307	0
2020-04-30	3168	3219	3167	3205	321029	494381	0
2020-05-06	3221	3257	3217	3241	212574	497555	0
2020-05-07	3251	3299	3235	3298	288217	519446	0
2020-05-08	3298	3344	3297	3320	287564	516871	0
2020-05-11	3321	3332	3303	3322	211375	532703	0
2020-05-12	3319	3328	3308	3327	172491	531376	0
2020-05-13	3339	3352	3299	3330	263820	531629	0
2020-05-14	3326	3357	3315	3338	278409	539161	0
2020-05-15	3342	3374	3327	3359	274633	544312	0
2020-05-18	3361	3452	3352	3430	385377	520623	0
2020-05-19	3431	3480	3426	3459	258269	527620	0
2020-05-20	3444	3455	3421	3436	220776	531584	0
2020-05-21	3439	3467	3431	3459	223784	531816	0
2020-05-22	3464	3487	3401	3404	359205	530545	0
2020-05-25	3412	3430	3383	3393	272399	512206	0
2020-05-26	3394	3417	3384	3394	215356	511101	0
2020-05-27	3386	3422	3372	3405	227368	512058	0
2020-05-28	3416	3437	3400	3431	320843	525072	0
2020-05-29	3439	3527	3436	3524	469997	562066	0
2020-06-01	3518	3559	3509	3532	535217	571928	0
2020-06-02	3531	3578	3521	3558	325020	570816	0
2020-06-03	3558	3566	3495	3508	460193	558596	0
2020-06-04	3509	3551	3470	3471	391138	542796	0
2020-06-05	3472	3509	3462	3497	259575	538543	0
2020-06-08	3504	3554	3484	3524	349113	543636	0
2020-06-09	3524	3543	3486	3527	298834	547052	0
2020-06-10	3521	3541	3493	3497	328530	532465	0
2020-06-11	3500	3550	3490	3518	401882	539694	0
2020-06-12	3509	3565	3485	3563	444162	580778	0
2020-06-15	3568	3578	3505	3513	413820	559014	0
2020-06-16	3519	3547	3519	3544	208884	565500	0
2020-06-17	3541	3572	3516	3532	302319	577650	0
2020-06-18	3535	3599	3534	3599	631737	659232	0
2020-06-19	3602	3652	3599	3640	479293	690718	0
2020-06-22	3639	3648	3595	3612	358475	662929	0
2020-06-23	3610	3615	3584	3584	264212	631595	0
2020-06-24	3591	3599	3571	3584	267231	597530	0
2020-06-29	3582	3582	3535	3538	351490	593648	0
2020-06-30	3547	3578	3539	3549	278801	615461	0
2020-07-01	3551	3563	3517	3537	283115	620029	0
2020-07-02	3540	3542	3520	3530	200533	634714	0
2020-07-03	3536	3578	3533	3566	343538	627387	0
2020-07-06	3574	3575	3549	3564	262453	613830	0
2020-07-07	3570	3599	3564	3587	240937	638003	0
2020-07-08	3587	3650	3585	3648	361858	658471	0
2020-07-09	3650	3688	3650	3669	256819	646584	0
2020-07-10	3666	3677	3636	3645	260851	642688	0
2020-07-13	3662	3725	3662	3694	325913	638962	0
2020-07-14	3690	3717	3668	3706	241578	647426	0
2020-07-15	3712	3735	3690	3717	245591	651968	0
2020-07-16	3711	3721	3674	3679	321396	631681	0
2020-07-17	3688	3707	3668	3700	212091	624168	0
2020-07-20	3701	3725	3672	3680	258155	619728	0
2020-07-21	3685	3733	3681	3729	238473	620991	0
2020-07-22	3735	3774	3730	3743	275563	614857	0
2020-07-23	3738	3783	3730	3780	226784	635977	0
2020-07-24	3777	3781	3687	3708	390248	603688	0
2020-07-27	3715	3736	3679	3686	233270	604135	0
2020-07-28	3688	3726	3679	3684	214777	609206	0
2020-07-29	3681	3742	3670	3725	265247	626675	0
2020-07-30	3729	3774	3720	3755	279332	651723	0
2020-07-31	3754	3786	3702	3776	454386	657136	0
2020-08-03	3769	3855	3762	3837	449471	687970	0
2020-08-04	3845	3853	3828	3846	244760	694237	0
2020-08-05	3836	3866	3822	3838	289096	694387	0
2020-08-06	3847	3879	3833	3840	344539	684301	0
2020-08-07	3837	3862	3810	3836	344557	679443	0
2020-08-10	3838	3850	3805	3826	259369	674137	0
2020-08-11	3837	3865	3798	3804	337258	670051	0
2020-08-12	3808	3830	3795	3826	270724	669650	0
2020-08-13	3835	3869	3812	3842	341983	693697	0
2020-08-14	3839	3859	3832	3846	254780	693179	0
2020-08-17	3841	3886	3840	3875	304440	710648	0
2020-08-18	3879	3915	3877	3912	295538	739909	0
2020-08-19	3906	3926	3895	3900	342701	723149	0
2020-08-20	3886	3929	3881	3904	420542	689698	0
2020-08-21	3905	3917	3879	3897	308747	694607	0
2020-08-24	3894	3903	3864	3868	268066	667882	0
2020-08-25	3878	3906	3854	3865	343477	653720	0
2020-08-26	3864	3869	3829	3850	328471	625180	0
2020-08-27	3858	3888	3855	3868	266049	627958	0
2020-08-28	3863	3886	3848	3884	262615	631835	0
2020-08-31	3878	3942	3872	3932	400653	649797	0
2020-09-01	3935	3964	3931	3957	239517	663782	0
2020-09-02	3959	3986	3947	3949	380645	657966	0
2020-09-03	3952	3966	3942	3948	379821	641153	0
2020-09-04	3951	3953	3892	3918	364517	623779	0
2020-09-07	3929	3942	3859	3872	423988	587771	0
2020-09-08	3880	3905	3851	3853	337456	588575	0
2020-09-09	3836	3846	3760	3765	540426	571157	0
2020-09-10	3784	3793	3733	3744	346321	564381	0
2020-09-11	3747	3790	3741	3786	345163	568586	0
2020-09-14	3788	3811	3773	3789	276961	564581	0
2020-09-15	3796	3807	3729	3731	298723	558577	0
2020-09-16	3738	3744	3678	3690	409363	556754	0
2020-09-17	3691	3706	3674	3684	310952	554696	0
2020-09-18	3696	3730	3681	3717	274492	539181	0
2020-09-21	3711	3714	3647	3656	327402	532166	0
2020-09-22	3652	3663	3613	3647	300214	521925	0
2020-09-23	3648	3670	3620	3654	300360	508520	0
2020-09-24	3658	3677	3639	3661	275872	504264	0
2020-09-25	3665	3674	3639	3648	253870	481681	0
2020-09-28	3651	3673	3633	3652	273853	469799	0
2020-09-29	3649	3657	3621	3654	276211	453182	0
2020-09-30	3648	3685	3645	3668	272120	425657	0
2020-10-09	3699	3750	3690	3745	222795	422495	0
2020-10-12	3749	3773	3747	3766	207940	442630	0
2020-10-13	3769	3771	3740	3754	192236	451496	0
2020-10-14	3754	3763	3725	3729	201935	465838	0
2020-10-15	3726	3730	3673	3693	307679	468413	0
2020-10-16	3693	3705	3674	3703	222171	470220	0
2020-10-19	3698	3724	3680	3703	311350	475885	0
2020-10-20	3707	3716	3693	3705	162935	471972	0
2020-10-21	3710	3752	3702	3748	245376	489671	0
2020-10-22	3747	3787	3747	3769	317948	509280	0
2020-10-23	3775	3799	3745	3747	326492	504079	0
2020-10-26	3755	3768	3734	3752	235715	506762	0
2020-10-27	3748	3774	3747	3767	183938	507987	0
2020-10-28	3777	3811	3763	3810	274724	525657	0
2020-10-29	3800	3814	3775	3799	249171	525272	0
2020-10-30	3795	3832	3780	3822	264914	526819	0
2020-11-02	3822	3838	3809	3831	212618	527459	0
2020-11-03	3835	3844	3810	3817	165742	524604	0
2020-11-04	3822	3854	3818	3840	240877	529423	0
2020-11-05	3841	3883	3840	3853	254743	525680	0
2020-11-06	3855	3883	3852	3870	182107	532362	0
2020-11-09	3891	3945	3881	3931	295345	538934	0
2020-11-10	3946	3947	3875	3883	264327	533189	0
2020-11-11	3896	3916	3886	3894	178317	539205	0
2020-11-12	3895	3911	3869	3870	248497	534450	0
2020-11-13	3878	3914	3872	3912	233018	534710	0
2020-11-16	3903	3940	3889	3937	307385	548042	0
2020-11-17	3942	3997	3939	3994	330036	564567	0
2020-11-18	3997	4003	3972	3984	193861	561334	0
2020-11-19	3997	4027	3991	4009	280559	571545	0
2020-11-20	4003	4024	3993	4018	209582	570817	0
2020-11-23	4026	4048	3946	3946	400901	560196	0
2020-11-24	3950	3978	3947	3971	222920	570119	0
2020-11-25	3960	3985	3949	3966	296514	562493	0
2020-11-26	3970	4026	3968	4018	303022	582307	0
2020-11-27	4022	4088	4021	4079	354814	606259	0
2020-11-30	4082	4114	4071	4091	472917	592046	0
2020-12-01	4088	4105	4065	4089	303688	594421	0
2020-12-02	4104	4176	4103	4171	414061	617046	0
2020-12-03	4169	4173	4119	4138	381305	614968	0
2020-12-04	4139	4194	4103	4192	471320	605838	0
2020-12-07	4194	4286	4180	4246	690872	611459	0
2020-12-08	4261	4292	4232	4238	549676	621802	0
2020-12-09	4225	4312	4203	4301	668257	650398	0
2020-12-10	4331	4406	4330	4374	823187	691709	0
2020-12-11	4383	4549	4309	4353	1154930	646125	0
2020-12-14	4382	4412	4322	4337	686680	689150	0
2020-12-15	4330	4411	4283	4393	624971	701934	0
2020-12-16	4406	4438	4377	4428	586451	706497	0
2020-12-17	4446	4466	4414	4458	527460	703364	0
2020-12-18	4460	4616	4459	4614	692571	703397	0
2020-12-21	4605	4750	4590	4750	610035	735967	0
2020-12-22	4788	4943	4667	4709	1773422	697699	0
2020-12-23	4709	4737	4560	4619	1403031	703156	0
2020-12-24	4614	4679	4588	4590	932146	695867	0
2020-12-25	4578	4596	4481	4593	1323549	678573	0
2020-12-28	4598	4633	4415	4421	1144776	657228	0
2020-12-29	4419	4482	4390	4400	1114233	647076	0
2020-12-30	4426	4470	4343	4433	1238481	646046	0
2020-12-31	4446	4560	4434	4548	967959	665561	0
2021-01-04	4496	4525	4420	4484	716642	643179	0
2021-01-05	4493	4526	4460	4489	548421	652843	0
2021-01-06	4493	4579	4454	4511	902181	664014	0
2021-01-07	4526	4676	4522	4649	931051	729332	0
2021-01-08	4633	4689	4604	4639	758131	726190	0
2021-01-11	4639	4639	4437	4452	1144572	675586	0
2021-01-12	4458	4464	4393	4454	761493	670214	0
2021-01-13	4447	4459	4395	4430	556698	671442	0
2021-01-14	4425	4448	4402	4422	501007	675012	0
2021-01-15	4439	4519	4434	4482	718255	689873	0
2021-01-18	4464	4530	4451	4493	510273	669446	0
2021-01-19	4486	4491	4361	4373	715077	693262	0
2021-01-20	4385	4423	4354	4403	560975	684819	0
2021-01-21	4400	4452	4335	4420	912584	718788	0
2021-01-22	4422	4440	4340	4350	600626	738500	0
2021-01-25	4315	4431	4282	4413	945055	712378	0
2021-01-26	4410	4464	4403	4417	705035	703744	0
2021-01-27	4428	4522	4414	4510	787043	750373	0
2021-01-28	4494	4537	4411	4413	884304	713350	0
2021-01-29	4405	4442	4349	4377	731109	708670	0
2021-02-01	4397	4425	4325	4326	609991	708854	0
2021-02-02	4350	4357	4272	4287	635650	693837	0
2021-02-03	4300	4344	4279	4319	556961	685955	0
2021-02-04	4328	4383	4319	4367	532820	664807	0
2021-02-05	4365	4441	4353	4430	530341	652371	0
2021-02-08	4421	4538	4413	4525	605124	668129	0
2021-02-09	4516	4599	4510	4594	510625	686585	0
2021-02-10	4584	4593	4545	4589	371091	662527	0
2021-02-18	4643	4725	4643	4689	380459	686723	0
2021-02-19	4693	4735	4624	4669	524031	709524	0
2021-02-22	4669	4879	4647	4798	772493	716503	0
2021-02-23	4789	4850	4750	4778	551651	729953	0
2021-02-24	4769	4813	4731	4793	516367	733528	0
2021-02-25	4809	4927	4777	4883	794485	733840	0
2021-02-26	4865	4901	4815	4863	643247	719079	0
2021-03-01	4836	4896	4785	4819	752969	720064	0
2021-03-02	4811	4889	4797	4883	658365	738101	0
2021-03-03	4950	5059	4934	5002	971466	761443	0
2021-03-04	5008	5029	4969	4992	633537	755316	0
2021-03-05	4914	4960	4770	4850	1049427	698666	0
2021-03-08	4885	5005	4857	4934	704453	703537	0
2021-03-09	4935	4988	4785	4794	922401	682966	0
2021-03-10	4803	4820	4750	4786	721259	652302	0
2021-03-11	4814	4912	4734	4891	854575	665123	0
2021-03-12	4956	5035	4924	4956	1003587	719491	0
2021-03-15	4937	5037	4902	5033	979486	808495	0
2021-03-16	5011	5013	4844	4892	1132119	722597	0
2021-03-17	4870	4960	4867	4946	661420	725863	0
2021-03-18	4941	4982	4921	4963	792980	735439	0
2021-03-19	4950	5035	4948	4988	1272430	801981	0
2021-03-22	4998	5154	4975	5059	1546158	864746	0
2021-03-23	5061	5107	5005	5078	1124583	872326	0
2021-03-24	5070	5110	5034	5105	1055967	901528	0
2021-03-25	5101	5153	5059	5077	1086291	857712	0
2021-03-26	5055	5142	5038	5139	1006617	836743	0
2021-03-29	5154	5311	5150	5268	1333299	905073	0
2021-03-30	5274	5339	5248	5310	1073550	971519	0
2021-03-31	5306	5367	5261	5300	1529420	989456	0
2021-04-01	5293	5392	5268	5371	1132544	1025342	0
2021-04-02	5404	5473	5371	5472	1617613	997895	0
2021-04-06	5480	5505	5456	5478	754435	1012587	0
2021-04-07	5476	5573	5415	5445	1735848	1019375	0
2021-04-08	5451	5466	5361	5412	1513083	1018804	0
2021-04-09	5427	5455	5366	5386	1140551	1014275	0
2021-04-12	5389	5425	5237	5288	1588469	936595	0
2021-04-13	5302	5427	5298	5419	1073834	937368	0
2021-04-14	5463	5464	5400	5427	825067	949153	0
2021-04-15	5432	5461	5376	5401	915971	947354	0
2021-04-16	5392	5468	5364	5421	1281057	906136	0
2021-04-19	5430	5460	5379	5380	962779	885438	0
2021-04-20	5388	5436	5370	5435	761787	869804	0
2021-04-21	5443	5487	5388	5486	847900	900313	0
2021-04-22	5486	5577	5483	5550	1228810	947285	0
2021-04-23	5562	5594	5536	5588	694237	927137	0
2021-04-26	5586	5790	5576	5735	1322126	920098	0
2021-04-27	5737	5769	5727	5750	710524	898615	0
2021-04-28	5751	5753	5635	5689	958766	867556	0
2021-04-29	5668	5795	5663	5782	1132896	905400	0
2021-04-30	5787	5793	5659	5684	923412	845300	0
2021-05-06	5788	5950	5788	5929	727161	832274	0
2021-05-07	5940	6017	5933	5992	724849	854424	0
2021-05-10	6000	6327	5984	6327	684548	843773	0
2021-05-11	6557	6584	6310	6532	1876148	812294	0
2021-05-12	6526	6718	6469	6675	1409147	886283	0
2021-05-13	6567	6686	6292	6429	1892959	873756	0
2021-05-14	6411	6414	6127	6128	1434739	836592	0
2021-05-17	6116	6169	5846	5934	1775940	801506	0
2021-05-18	5937	6047	5897	5964	971266	818323	0
2021-05-19	5952	5995	5629	5665	1382301	782614	0
2021-05-20	5549	5636	5334	5543	1697380	718761	0
2021-05-21	5585	5620	5433	5478	1073714	706583	0
2021-05-24	5446	5481	5128	5301	1581009	698028	0
2021-05-25	5317	5351	5221	5267	890050	694083	0
2021-05-26	5212	5255	5001	5006	1247052	734606	0
2021-05-27	4991	5197	4938	5171	1233119	725907	0
2021-05-28	5225	5368	5186	5312	1258541	719351	0
2021-05-31	5280	5482	5258	5338	1404022	717888	0
2021-06-01	5174	5436	5095	5422	1791061	724276	0
2021-06-02	5383	5453	5285	5292	1014372	703502	0
2021-06-03	5300	5505	5288	5474	1080457	712756	0
2021-06-04	5471	5566	5371	5417	1212585	694529	0
2021-06-07	5453	5491	5235	5236	919283	691849	0
2021-06-08	5237	5290	5182	5272	699308	690877	0
2021-06-09	5285	5383	5246	5348	639506	677571	0
2021-06-10	5354	5497	5344	5431	762046	676063	0
2021-06-11	5466	5591	5466	5590	676970	661075	0
2021-06-15	5501	5501	5348	5418	665176	639829	0
2021-06-16	5417	5442	5242	5263	631314	641761	0
2021-06-17	5235	5369	5208	5353	704288	625890	0
2021-06-18	5337	5450	5313	5329	826323	609062	0
2021-06-21	5321	5368	5152	5154	739563	627577	0
2021-06-22	5105	5160	5056	5139	766087	666064	0
2021-06-23	5110	5203	5074	5138	741205	685097	0
2021-06-24	5155	5234	5108	5145	698133	653382	0
2021-06-25	5170	5312	5169	5272	697046	626648	0
2021-06-28	5291	5346	5219	5309	656331	623274	0
2021-06-29	5347	5420	5282	5299	653416	627019	0
2021-06-30	5313	5432	5313	5413	608540	654092	0
2021-07-01	5451	5477	5390	5412	494320	663414	0
2021-07-02	5435	5450	5348	5404	545546	674554	0
2021-07-05	5389	5491	5331	5478	575560	668990	0
2021-07-06	5495	5592	5491	5590	584591	701199	0
2021-07-07	5607	5754	5565	5752	879796	816108	0
2021-07-08	5778	5797	5709	5735	910984	861560	0
2021-07-09	5716	5811	5638	5776	907505	892470	0
2021-07-12	5840	5909	5793	5805	801388	899465	0
2021-07-13	5786	5862	5780	5846	588129	902068	0
2021-07-14	5833	5980	5832	5980	728196	943655	0
2021-07-15	5949	5998	5896	5946	653090	937770	0
2021-07-16	5933	5987	5814	5935	773096	934812	0
2021-07-19	5961	6040	5906	5910	728087	929745	0
2021-07-20	5875	5972	5802	5949	789913	917532	0
2021-07-21	5955	6003	5886	5903	539337	899841	0
2021-07-22	5912	5956	5793	5937	929151	898961	0
2021-07-23	5957	5991	5932	5958	515293	891639	0
2021-07-26	5956	6053	5890	5975	765492	887390	0
2021-07-27	5978	6031	5856	5885	645373	842185	0
2021-07-28	5895	5966	5850	5863	673214	853847	0
2021-07-29	5863	6090	5855	6083	877038	914110	0
2021-07-30	6099	6161	6032	6152	1039808	978771	0
2021-08-02	6028	6053	5715	5763	1671817	842754	0
2021-08-03	5781	5787	5582	5585	997804	778356	0
2021-08-04	5582	5840	5575	5836	963133	790137	0
2021-08-05	5818	5886	5716	5719	903287	774711	0
2021-08-06	5702	5822	5671	5752	666603	763902	0
2021-08-09	5751	5773	5626	5712	783456	757062	0
2021-08-10	5781	5846	5712	5839	939803	782338	0
2021-08-11	5844	5929	5840	5888	642147	771723	0
2021-08-12	5868	5894	5751	5753	738655	755074	0
2021-08-13	5736	5766	5684	5742	714925	736000	0
2021-08-16	5758	5795	5637	5667	832343	697807	0
2021-08-17	5669	5727	5651	5695	559058	693256	0
2021-08-18	5695	5707	5494	5517	1025493	710917	0
2021-08-19	5497	5519	5356	5430	1094404	721839	0
2021-08-20	5363	5519	5313	5492	772943	706757	0
2021-08-23	5520	5574	5460	5507	734333	675906	0
2021-08-24	5548	5638	5518	5629	722826	659412	0
2021-08-25	5632	5650	5577	5592	532179	659231	0
2021-08-26	5573	5615	5436	5437	830462	669194	0
2021-08-27	5398	5563	5379	5522	785875	672066	0
2021-08-30	5536	5668	5497	5652	725791	656415	0
2021-08-31	5671	5682	5573	5581	605160	653745	0
2021-09-01	5577	5601	5478	5513	729940	637928	0
2021-09-02	5525	5626	5499	5581	854546	622357	0
2021-09-03	5580	5813	5573	5777	1136461	710877	0
2021-09-06	5772	5837	5731	5812	837529	737828	0
2021-09-07	5826	5877	5766	5812	603777	722915	0
2021-09-08	5786	5787	5670	5767	834612	684747	0
2021-09-09	5811	5925	5731	5880	861226	698241	0
2021-09-10	5885	5954	5823	5847	723290	700064	0
2021-09-13	5858	5939	5762	5792	750160	684559	0
2021-09-14	5804	5823	5673	5675	835784	633701	0
2021-09-15	5686	5746	5621	5677	796781	602405	0
2021-09-16	5693	5819	5691	5719	807231	581932	0
2021-09-17	5742	5761	5614	5645	783232	566887	0
2021-09-22	5626	5716	5560	5713	680325	593948	0
2021-09-23	5736	5751	5558	5584	951546	626778	0
2021-09-24	5575	5610	5482	5491	981275	630360	0
2021-09-27	5474	5642	5403	5558	1002745	612740	0
2021-09-28	5570	5642	5542	5635	636491	581104	0
2021-09-29	5654	5713	5582	5659	667566	539442	0
2021-09-30	5671	5717	5628	5678	627446	497023	0
2021-10-08	5754	5852	5704	5774	486792	519714	0
2021-10-11	5784	5849	5734	5793	746791	560468	0
2021-10-12	5723	5792	5587	5590	910247	536920	0
2021-10-13	5599	5765	5459	5586	1194675	520030	0
2021-10-14	5598	5688	5524	5627	765062	524750	0
2021-10-15	5668	5726	5586	5700	628534	535810	0
2021-10-18	5672	5718	5541	5636	1013932	527050	0
2021-10-19	5614	5735	5576	5696	819101	560918	0
2021-10-20	5684	5697	5501	5501	1091208	583717	0
2021-10-21	5463	5599	5162	5220	1316656	671008	0
2021-10-22	5283	5321	5104	5245	1486652	715650	0
2021-10-25	5301	5315	5121	5128	1157956	793340	0
2021-10-26	5095	5213	5089	5168	1036860	804109	0
2021-10-27	5212	5247	4949	4965	1294008	823544	0
2021-10-28	4872	5144	4725	4986	1666964	784570	0
2021-10-29	4986	5055	4842	4919	1204544	789762	0
2021-11-01	4897	4947	4727	4743	1044445	833612	0
2021-11-02	4720	4796	4456	4521	1359050	854981	0
2021-11-03	4580	4751	4563	4713	1181422	832916	0
2021-11-04	4716	4717	4472	4538	1061197	854685	0
2021-11-05	4549	4567	4403	4497	1064643	872780	0
2021-11-08	4494	4610	4401	4490	1165619	905473	0
2021-11-09	4477	4525	4374	4403	1021747	959461	0
2021-11-10	4303	4346	4133	4333	1579062	969520	0
2021-11-11	4359	4569	4310	4567	1503256	931493	0
2021-11-12	4569	4585	4423	4430	1445176	932863	0
2021-11-15	4313	4430	4294	4324	1362500	961574	0
2021-11-16	4310	4409	4267	4268	1062505	982607	0
2021-11-17	4290	4323	4236	4297	1099690	1009723	0
2021-11-18	4305	4327	4159	4165	1218689	1087221	0
2021-11-19	4153	4367	4116	4328	1602365	1065625	0
2021-11-22	4248	4412	4228	4262	1512995	1119094	0
2021-11-23	4259	4423	4236	4298	1526617	1134061	0
2021-11-24	4318	4499	4308	4482	1321905	1109531	0
2021-11-25	4483	4550	4450	4507	1094525	1097610	0
2021-11-26	4489	4503	4405	4409	1138430	1180438	0
2021-11-29	4394	4474	4375	4412	1004393	1143968	0
2021-11-30	4423	4470	4359	4431	1002765	1177197	0
2021-12-01	4445	4587	4428	4570	1115472	1141154	0
2021-12-02	4570	4624	4510	4564	911709	1132833	0
2021-12-03	4566	4637	4552	4631	974363	1146126	0
2021-12-06	4663	4670	4565	4586	698317	1082704	0
2021-12-07	4616	4698	4604	4661	705681	1072169	0
2021-12-08	4676	4677	4558	4561	739563	1052472	0
2021-12-09	4546	4586	4445	4477	831840	1075653	0
2021-12-10	4468	4505	4422	4468	724317	1075019	0
2021-12-13	4475	4556	4436	4552	763748	1079167	0
2021-12-14	4549	4596	4519	4567	566198	1045552	0
2021-12-15	4573	4655	4560	4620	668069	1042932	0
2021-12-16	4629	4727	4620	4721	634664	1022778	0
2021-12-17	4716	4745	4664	4684	541667	1007631	0
2021-12-20	4696	4780	4615	4629	768695	1007850	0
2021-12-21	4633	4674	4576	4601	748685	1022765	0
2021-12-22	4615	4634	4535	4559	576590	1034934	0
2021-12-23	4563	4589	4516	4583	563223	1069406	0
2021-12-24	4587	4652	4577	4610	543628	1088328	0
2021-12-27	4611	4613	4391	4409	850708	1128030	0
2021-12-28	4406	4469	4404	4435	588263	1060477	0
2021-12-29	4435	4472	4398	4446	599164	1027279	0
2021-12-30	4450	4501	4382	4403	693499	1032822	0
2021-12-31	4408	4437	4377	4402	564618	1015803	0
2022-01-04	4396	4486	4393	4485	418835	1003208	0
2022-01-05	4487	4562	4472	4555	513003	989040	0
2022-01-06	4577	4630	4543	4622	489516	978538	0
2022-01-07	4634	4666	4593	4660	474930	961672	0
2022-01-10	4653	4662	4595	4615	406432	952566	0
2022-01-11	4621	4708	4608	4700	480316	976258	0
2022-01-12	4689	4736	4681	4733	363762	968442	0
2022-01-13	4752	4812	4720	4727	595911	978960	0
2022-01-14	4716	4785	4698	4758	400403	969410	0
2022-01-17	4757	4775	4621	4654	521356	947842	0
2022-01-18	4657	4714	4640	4696	351569	928786	0
2022-01-19	4731	4846	4727	4804	580635	981449	0
2022-01-20	4813	4830	4771	4802	361562	958950	0
2022-01-21	4792	4844	4773	4808	411611	978727	0
2022-01-24	4795	4870	4754	4762	505646	972628	0
2022-01-25	4768	4832	4736	4830	380749	949995	0
2022-01-26	4826	4845	4740	4790	428728	929071	0
2022-01-27	4788	4855	4751	4781	502104	905280	0
2022-01-28	4802	4926	4802	4926	463494	916910	0
2022-02-07	4965	4976	4904	4962	292424	908731	0
2022-02-08	4978	5081	4968	5043	497220	923161	0
2022-02-09	5017	5070	4941	4962	522734	894923	0
2022-02-10	4955	5067	4950	5048	459304	906713	0
2022-02-11	5097	5135	5014	5015	484944	921321	0
2022-02-14	4987	5004	4890	4906	618013	896515	0
2022-02-15	4895	4914	4769	4820	664234	885382	0
2022-02-16	4846	4918	4820	4910	475289	903392	0
2022-02-17	4895	4901	4789	4795	573967	910183	0
2022-02-18	4770	4893	4768	4876	463982	873420	0
2022-02-21	4890	4930	4847	4929	462028	894215	0
2022-02-22	4932	4963	4820	4823	500460	898687	0
2022-02-23	4842	4912	4835	4889	422440	903646	0
2022-02-24	4876	4904	4758	4776	619052	906989	0
2022-02-25	4781	4810	4694	4766	689679	906804	0
2022-02-28	4770	4919	4754	4918	642873	915759	0
2022-03-01	4925	5056	4923	5046	879341	1068044	0
2022-03-02	5058	5119	5037	5098	753019	1088064	0
2022-03-03	5120	5228	5097	5209	1017164	1178541	0
2022-03-04	5223	5284	5107	5168	1127547	1170215	0
2022-03-07	5171	5354	5155	5333	928966	1172965	0
2022-03-08	5306	5315	5047	5174	1168560	1103821	0
2022-03-09	5073	5165	5070	5077	729809	1038627	0
2022-03-10	5026	5097	4981	5055	828822	1012437	0
2022-03-11	5059	5131	5032	5089	587155	998559	0
2022-03-14	5048	5097	4910	4913	826779	952727	0
2022-03-15	4889	4971	4860	4892	716143	910271	0
2022-03-16	4867	5032	4867	5032	562600	917839	0
2022-03-17	5050	5059	4988	5011	462872	908431	0
2022-03-18	5030	5089	5010	5083	417473	913146	0
2022-03-21	5068	5139	5045	5084	572042	931701	0
2022-03-22	5091	5140	5073	5109	478960	971013	0
2022-03-23	5112	5139	5051	5138	517452	981830	0
2022-03-24	5138	5175	5107	5125	465252	977635	0
2022-03-25	5137	5244	5132	5229	533649	1024077	0
2022-03-28	5219	5294	5209	5263	665484	1031825	0
2022-03-29	5259	5277	5216	5216	502795	1012798	0
2022-03-30	5145	5238	5128	5229	600423	1006187	0
2022-03-31	5244	5291	5174	5220	742900	997547	0
2022-04-01	5230	5327	5207	5317	665303	1024338	0
2022-04-06	5356	5356	5236	5271	449382	1022635	0
2022-04-07	5281	5294	5189	5233	637568	990923	0
2022-04-08	5234	5268	5140	5199	585869	968548	0
2022-04-11	5197	5220	5035	5050	674281	944416	0
2022-04-12	5067	5180	5041	5180	594082	961358	0
2022-04-13	5165	5177	5090	5093	512410	943161	0
2022-04-14	5117	5191	5111	5161	523776	946118	0
2022-04-15	5173	5222	5153	5197	467226	935275	0
2022-04-18	5154	5205	5123	5186	555865	936570	0
2022-04-19	5208	5243	5146	5162	667758	934108	0
2022-04-20	5168	5259	5166	5222	544037	965354	0
2022-04-21	5215	5229	5131	5152	602708	950146	0
2022-04-22	5151	5175	5069	5075	562052	920454	0
2022-04-25	5059	5090	4875	4890	897409	927453	0
2022-04-26	4912	4947	4854	4905	576106	902351	0
2022-04-27	4955	4979	4908	4944	609327	901260	0
2022-04-28	4938	4950	4875	4943	629036	899917	0
2022-04-29	4936	5001	4904	4987	537182	872381	0
2022-05-05	4997	5037	4958	5005	421802	894463	0
2022-05-06	4995	5013	4817	4821	672044	970669	0
2022-05-09	4829	4840	4720	4741	704892	993960	0
2022-05-10	4712	4734	4625	4689	715978	984928	0
2022-05-11	4706	4803	4703	4767	579019	966341	0
2022-05-12	4741	4817	4685	4721	685200	956801	0
2022-05-13	4690	4776	4664	4759	575287	962508	0
2022-05-16	4768	4789	4694	4763	602363	956121	0
2022-05-17	4767	4794	4737	4759	429345	930476	0
2022-05-18	4751	4763	4704	4724	339827	933493	0
数据来源:通达信
