ICL9 中证加权 日线 前复权
      日期	    开盘	    最高	    最低	    收盘	    成交量	    持仓量	    结算价
2015-04-17	7696.0	7893.8	7623.4	7737.6	122985	11159	0.0
2015-04-20	7762.2	7832.6	7559.8	7595.0	105224	13009	0.0
2015-04-21	7655.6	8132.0	7616.6	8125.8	140593	19524	0.0
2015-04-22	8149.2	8217.6	8090.2	8168.8	129489	17734	0.0
2015-04-23	8173.8	8357.2	8140.6	8245.2	139024	17830	0.0
2015-04-24	8181.0	8321.6	8100.0	8297.8	134276	18115	0.0
2015-04-27	8341.4	8524.6	8267.2	8317.6	134865	19300	0.0
2015-04-28	8290.8	8390.0	7990.8	8118.0	174787	20189	0.0
2015-04-29	8115.0	8276.6	8053.8	8272.2	140764	22235	0.0
2015-04-30	8299.0	8378.0	8263.8	8303.6	126205	21100	0.0
2015-05-04	8367.8	8367.8	8173.8	8306.4	106888	21349	0.0
2015-05-05	8286.4	8297.6	8049.4	8100.0	117523	21619	0.0
2015-05-06	8176.0	8236.4	7929.2	7996.6	120648	21325	0.0
2015-05-07	7991.6	8018.8	7869.6	7875.6	118502	20938	0.0
2015-05-08	7926.2	8132.6	7892.0	8132.6	134941	22499	0.0
2015-05-11	8152.6	8452.0	8108.6	8436.6	142623	24113	0.0
2015-05-12	8458.4	8583.2	8357.6	8579.8	184097	28293	0.0
2015-05-13	8529.0	8691.2	8430.8	8598.8	247619	34383	0.0
2015-05-14	8607.0	8703.2	8520.4	8609.4	249116	35910	0.0
2015-05-15	8598.4	8690.2	8469.4	8548.8	222562	31474	0.0
2015-05-18	8602.6	8791.2	8550.2	8765.8	208861	36304	0.0
2015-05-19	8802.4	9129.6	8706.4	9096.4	237776	38240	0.0
2015-05-20	9097.2	9443.6	9095.6	9265.4	248884	40155	0.0
2015-05-21	9332.6	9729.8	9301.6	9712.0	266721	43962	0.0
2015-05-22	9840.0	9844.6	9505.6	9719.4	296583	43185	0.0
2015-05-25	9543.0	9994.0	9447.6	9943.0	272085	45298	0.0
2015-05-26	10057.6	10510.6	10027.2	10508.2	269500	46854	0.0
2015-05-27	10586.2	10708.6	10352.2	10549.4	323735	50601	0.0
2015-05-28	10586.4	10757.8	9847.8	9982.2	386699	51431	0.0
2015-05-29	10180.2	10372.4	9904.2	10132.0	378947	53134	0.0
2015-06-01	10233.4	11083.6	10189.0	11029.0	274621	60069	0.0
2015-06-02	11072.4	11420.8	10872.2	11282.0	301202	59491	0.0
2015-06-03	11378.6	11474.4	10838.4	11123.0	359363	60642	0.0
2015-06-04	11132.8	11266.6	10059.8	10870.0	411850	53546	0.0
2015-06-05	10855.6	11248.2	10541.0	10927.4	367397	51225	0.0
2015-06-08	10852.2	10867.2	10347.2	10545.0	338204	50484	0.0
2015-06-09	10575.6	10882.0	10384.0	10625.2	349401	50537	0.0
2015-06-10	10577.2	11267.6	10566.0	10913.4	343759	52102	0.0
2015-06-11	11034.6	11211.8	10861.2	11182.8	290486	51729	0.0
2015-06-12	11243.8	11513.0	11163.0	11398.2	281289	47992	0.0
2015-06-15	11464.0	11543.0	10990.2	11204.2	287165	52908	0.0
2015-06-16	11170.2	11170.2	10586.0	10742.8	381647	48641	0.0
2015-06-17	10719.6	11047.2	10418.8	10970.0	365157	49144	0.0
2015-06-18	10913.2	11141.0	10548.6	10562.2	378170	49302	0.0
2015-06-19	10550.8	10588.6	9927.8	9950.4	452937	42460	0.0
2015-06-23	9935.0	10061.2	9344.4	9822.0	388555	45178	0.0
2015-06-24	9898.8	10165.2	9659.8	9997.6	355831	41010	0.0
2015-06-25	10053.0	10069.0	9261.8	9306.0	378180	40503	0.0
2015-06-26	9251.0	9303.0	8560.6	8560.6	322580	42464	0.0
2015-06-29	8626.8	8701.6	7706.8	7708.4	405132	34760	0.0
2015-06-30	7649.2	8551.6	7492.8	8268.2	460692	33073	0.0
2015-07-01	8276.4	8698.4	7438.0	7441.4	450883	32598	0.0
2015-07-02	7773.4	8193.2	7254.4	7589.0	539898	27978	0.0
2015-07-03	7603.6	7876.2	7042.2	7354.2	440215	31055	0.0
2015-07-06	7973.2	8024.4	6657.8	7377.6	372861	30348	0.0
2015-07-07	7296.2	7297.4	6469.6	6469.6	134990	27886	0.0
2015-07-08	6014.2	6956.4	5898.2	5898.2	40633	20392	0.0
2015-07-09	5890.4	6484.6	5784.2	6484.4	21227	18351	0.0
2015-07-10	6882.0	7126.0	6814.4	7125.6	15678	16911	0.0
2015-07-13	7687.2	7816.4	6968.8	7389.8	117647	18524	0.0
2015-07-14	7575.0	7848.6	7410.6	7475.4	145257	16992	0.0
2015-07-15	7433.4	7436.0	6811.0	6848.0	126865	18151	0.0
2015-07-16	6633.4	7376.8	6510.2	7133.4	188692	16345	0.0
2015-07-17	7207.6	7722.4	7195.8	7716.8	159114	18048	0.0
2015-07-20	7752.2	7949.4	7293.2	7448.6	206620	18183	0.0
2015-07-21	7444.6	7799.6	7272.6	7574.8	200290	16045	0.0
2015-07-22	7626.2	7781.2	7449.0	7641.0	161095	16723	0.0
2015-07-23	7669.2	8364.8	7588.0	8283.4	185614	17796	0.0
2015-07-24	8338.4	8424.6	7799.2	7858.2	200979	18339	0.0
2015-07-27	7853.0	8055.0	7228.4	7228.4	164003	18965	0.0
2015-07-28	7056.4	7384.2	6903.2	7081.6	182369	18176	0.0
2015-07-29	7261.2	7570.4	6825.4	7559.0	192117	17883	0.0
2015-07-30	7495.4	7588.4	7017.4	7090.4	202563	18027	0.0
2015-07-31	7143.8	7490.4	7073.8	7241.8	158056	17339	0.0
2015-08-03	7122.0	7177.6	6855.2	6911.0	103681	18100	0.0
2015-08-04	6974.8	7521.2	6969.0	7472.4	141026	18534	0.0
2015-08-05	7466.4	7565.8	7292.4	7301.6	126346	18083	0.0
2015-08-06	7216.0	7556.2	7182.0	7376.2	131341	18562	0.0
2015-08-07	7481.8	7837.2	7478.6	7726.2	144068	18971	0.0
2015-08-10	7856.2	8316.6	7833.0	8217.4	119664	20203	0.0
2015-08-11	8254.8	8268.8	8059.8	8059.8	115768	19091	0.0
2015-08-12	7992.8	8184.2	7910.2	7922.4	125333	18931	0.0
2015-08-13	8031.8	8215.8	7895.4	8172.6	125760	19579	0.0
2015-08-14	8248.8	8357.4	8130.6	8197.4	131757	19564	0.0
2015-08-17	8058.6	8459.6	7988.2	8433.4	134041	21015	0.0
2015-08-18	8505.0	8553.6	7528.6	7539.8	175123	19658	0.0
2015-08-19	7560.8	7850.2	7299.6	7768.4	194755	20092	0.0
2015-08-20	7671.0	7922.4	7521.4	7553.0	188071	20048	0.0
2015-08-21	7503.2	7597.6	7023.6	7112.0	194265	16632	0.0
2015-08-24	6845.2	6931.0	6436.6	6437.6	93272	19086	0.0
2015-08-25	6121.8	6280.8	5791.4	5791.6	136966	19560	0.0
2015-08-26	5810.2	6048.6	5233.2	5315.4	181474	20247	0.0
2015-08-27	5660.0	5965.0	5428.8	5826.0	177671	19782	0.0
2015-08-28	5899.8	6299.4	5791.8	6288.4	136361	19282	0.0
2015-08-31	6210.6	6237.8	5744.8	5832.8	90554	17314	0.0
2015-09-01	5907.6	5913.2	5246.8	5252.6	116933	18821	0.0
2015-09-02	5082.4	5753.0	4972.2	5216.2	169128	19891	0.0
2015-09-07	5407.6	5732.4	5392.4	5594.6	14422	15923	0.0
2015-09-08	5602.8	6144.8	5563.0	6144.2	13167	14197	0.0
2015-09-09	6252.4	6430.8	6166.8	6247.6	11820	14218	0.0
2015-09-10	6181.2	6306.0	6102.0	6172.4	7750	14212	0.0
2015-09-11	6221.0	6335.2	6135.4	6256.2	7693	14266	0.0
2015-09-14	6304.6	6328.6	5590.2	5590.2	10646	13340	0.0
2015-09-15	5589.6	5655.6	5325.6	5403.0	10495	13574	0.0
2015-09-16	5456.8	5871.8	5374.2	5811.4	14062	13580	0.0
2015-09-17	5833.8	5943.4	5597.4	5649.2	12905	13342	0.0
2015-09-18	5715.8	5807.4	5603.6	5698.0	11861	11012	0.0
2015-09-21	5628.2	6062.4	5579.8	6053.6	11523	12549	0.0
2015-09-22	6064.2	6068.4	5888.6	5977.2	10479	12807	0.0
2015-09-23	5936.8	5970.6	5787.0	5859.0	10233	13287	0.0
2015-09-24	5897.2	6021.2	5849.2	5969.6	9988	13735	0.0
2015-09-25	5970.6	5979.4	5582.6	5662.2	11774	13518	0.0
2015-09-28	5706.6	5886.2	5643.8	5861.6	10606	13911	0.0
2015-09-29	5792.6	5793.6	5646.0	5770.8	9770	13873	0.0
2015-09-30	5801.2	5850.2	5706.2	5780.6	8197	13572	0.0
2015-10-08	6148.2	6222.4	6072.6	6075.2	9351	13925	0.0
2015-10-09	6102.8	6293.2	6091.6	6252.8	8910	14110	0.0
2015-10-12	6319.6	6661.0	6319.6	6513.0	10943	14866	0.0
2015-10-13	6471.8	6572.6	6452.2	6536.8	8610	14528	0.0
2015-10-14	6498.0	6570.6	6436.0	6439.0	9304	14091	0.0
2015-10-15	6467.0	6779.4	6454.4	6767.8	11706	14692	0.0
2015-10-16	6799.6	6817.2	6606.2	6682.4	12606	12918	0.0
2015-10-19	6709.4	6715.6	6416.8	6580.4	10179	13777	0.0
2015-10-20	6571.8	6740.8	6537.8	6737.8	10415	14692	0.0
2015-10-21	6715.6	6719.8	6348.2	6379.0	12426	15045	0.0
2015-10-22	6444.6	6633.6	6381.8	6568.8	12233	15985	0.0
2015-10-23	6620.0	6809.0	6566.0	6808.0	11566	16091	0.0
2015-10-26	6827.4	6829.0	6642.8	6759.2	10781	16524	0.0
2015-10-27	6723.0	6870.6	6528.8	6801.4	11914	17097	0.0
2015-10-28	6774.2	6814.8	6563.2	6580.4	11274	17038	0.0
2015-10-29	6600.8	6766.8	6541.8	6663.4	11381	17652	0.0
2015-10-30	6669.4	6764.2	6527.6	6670.8	11906	18020	0.0
2015-11-02	6559.6	6733.4	6472.2	6555.8	11884	18323	0.0
2015-11-03	6591.2	6632.2	6499.0	6538.2	10800	18231	0.0
2015-11-04	6562.6	7006.6	6558.0	6979.2	13240	18470	0.0
2015-11-05	6954.4	6999.0	6862.8	6945.6	11725	17256	0.0
2015-11-06	6957.8	7221.0	6949.0	7190.0	10830	17603	0.0
2015-11-09	7171.8	7352.4	7100.8	7266.4	10720	17650	0.0
2015-11-10	7249.2	7323.8	7213.6	7281.2	9002	17204	0.0
2015-11-11	7284.6	7431.6	7269.2	7430.6	8802	17555	0.0
2015-11-12	7422.8	7455.4	7250.4	7383.0	9858	17419	0.0
2015-11-13	7334.2	7361.0	7170.8	7306.2	10257	17575	0.0
2015-11-16	7211.0	7504.4	7194.0	7480.2	10861	17766	0.0
2015-11-17	7522.4	7612.4	7328.6	7348.0	11802	16994	0.0
2015-11-18	7384.4	7444.8	7231.0	7254.4	11394	16912	0.0
2015-11-19	7284.8	7475.8	7264.2	7454.2	12045	16941	0.0
2015-11-20	7461.6	7529.6	7385.0	7385.0	12506	14326	0.0
2015-11-23	7360.4	7512.6	7281.4	7297.2	9738	15876	0.0
2015-11-24	7300.4	7425.2	7252.2	7408.4	9253	16299	0.0
2015-11-25	7432.4	7571.2	7389.8	7566.2	8706	16978	0.0
2015-11-26	7582.2	7605.0	7462.8	7464.6	8519	17088	0.0
2015-11-27	7476.2	7489.4	6861.2	7016.4	12255	16905	0.0
2015-11-30	7062.2	7121.2	6845.8	7045.0	11859	17932	0.0
2015-12-01	7036.6	7184.0	6971.8	7061.6	10909	18074	0.0
2015-12-02	7081.2	7206.0	6867.6	7202.6	13031	18715	0.0
2015-12-03	7176.4	7317.0	7138.6	7292.0	10580	18923	0.0
2015-12-04	7238.6	7290.4	7128.4	7220.0	9352	18569	0.0
2015-12-07	7253.6	7333.8	7156.4	7243.0	9605	18719	0.0
2015-12-08	7204.2	7204.2	7063.0	7126.8	9728	18944	0.0
2015-12-09	7112.4	7166.2	7040.8	7102.4	9455	19189	0.0
2015-12-10	7085.8	7213.4	7038.0	7050.6	10848	19038	0.0
2015-12-11	7072.4	7127.4	6990.2	7092.6	10100	18824	0.0
2015-12-14	7054.6	7277.0	7029.0	7275.0	11506	18065	0.0
2015-12-15	7276.0	7337.8	7249.8	7270.2	9783	17150	0.0
2015-12-16	7301.4	7382.0	7292.0	7294.0	9636	16857	0.0
2015-12-17	7328.4	7480.4	7323.4	7468.6	11515	16915	0.0
2015-12-18	7462.0	7486.8	7370.4	7390.2	12627	13362	0.0
2015-12-21	7367.4	7519.8	7337.4	7500.6	8715	14754	0.0
2015-12-22	7530.0	7579.0	7450.0	7572.2	8062	14972	0.0
2015-12-23	7574.6	7581.2	7434.4	7439.6	8707	15260	0.0
2015-12-24	7444.8	7490.8	7328.8	7457.0	8733	15928	0.0
2015-12-25	7462.4	7519.4	7426.8	7513.6	7348	16116	0.0
2015-12-28	7493.6	7530.8	7209.2	7217.2	9387	16408	0.0
2015-12-29	7225.2	7344.8	7197.8	7332.2	9387	17356	0.0
2015-12-30	7359.0	7447.8	7323.2	7425.6	8214	17924	0.0
2015-12-31	7447.8	7460.8	7251.4	7260.2	9185	17910	0.0
2016-01-04	7260.2	7271.4	6796.2	6796.8	6683	17294	0.0
2016-01-05	6904.6	6904.6	6569.6	6617.4	11778	19143	0.0
2016-01-06	6656.4	6777.2	6613.0	6724.8	10850	18660	0.0
2016-01-07	6719.6	6719.6	6286.0	6286.0	2509	17804	0.0
2016-01-08	6293.0	6480.6	6061.8	6294.0	13008	19582	0.0
2016-01-11	6284.2	6284.2	5803.4	5812.8	14507	19424	0.0
2016-01-12	5823.0	6013.4	5820.2	5906.6	14991	19726	0.0
2016-01-13	5976.6	6024.4	5654.2	5701.0	15281	19844	0.0
2016-01-14	5563.2	5840.6	5518.0	5798.0	18386	20459	0.0
2016-01-15	5793.2	5821.4	5448.6	5460.6	18882	18024	0.0
2016-01-18	5459.2	5702.4	5459.2	5594.4	14821	19923	0.0
2016-01-19	5607.8	5865.0	5602.8	5830.6	14029	20742	0.0
2016-01-20	5795.2	5860.4	5693.8	5731.2	13256	21234	0.0
2016-01-21	5758.6	5880.8	5558.8	5581.4	15706	22759	0.0
2016-01-22	5696.8	5722.0	5509.0	5668.6	15119	23637	0.0
2016-01-25	5697.2	5786.2	5624.0	5672.4	12620	23768	0.0
2016-01-26	5603.6	5627.6	5251.0	5273.0	15040	24873	0.0
2016-01-27	5317.6	5317.6	5000.0	5159.8	17504	26028	0.0
2016-01-28	5128.0	5213.6	5015.8	5036.6	14559	26080	0.0
2016-01-29	5055.6	5293.8	5041.6	5208.4	16449	26717	0.0
2016-02-01	5209.6	5262.6	5090.4	5198.4	14065	26531	0.0
2016-02-02	5212.0	5411.0	5207.4	5392.2	14631	26631	0.0
2016-02-03	5346.2	5433.4	5266.2	5412.0	14202	26311	0.0
2016-02-04	5497.8	5567.6	5466.2	5550.6	15091	26526	0.0
2016-02-05	5543.4	5561.0	5466.6	5469.4	10993	25267	0.0
2016-02-15	5369.8	5508.0	5309.4	5491.0	13383	25846	0.0
2016-02-16	5521.0	5729.4	5516.2	5704.2	14819	26180	0.0
2016-02-17	5707.4	5759.8	5645.2	5744.0	14788	26049	0.0
2016-02-18	5809.6	5821.2	5695.0	5696.4	16369	25821	0.0
2016-02-19	5708.4	5750.6	5651.6	5667.6	16112	23572	0.0
2016-02-22	5755.2	5809.8	5699.2	5765.4	13132	24698	0.0
2016-02-23	5768.4	5778.6	5650.0	5736.2	12526	25023	0.0
2016-02-24	5716.4	5805.2	5602.8	5762.2	15359	25530	0.0
2016-02-25	5748.0	5755.6	5179.6	5239.0	17979	25976	0.0
2016-02-26	5339.2	5365.6	5209.2	5296.2	15850	26363	0.0
2016-02-29	5269.6	5281.8	4917.6	4957.4	18527	26679	0.0
2016-03-01	4990.4	5152.4	4944.4	5098.8	18858	26636	0.0
2016-03-02	5136.8	5489.4	5130.4	5455.0	19306	26801	0.0
2016-03-03	5463.4	5585.2	5460.8	5461.4	18009	26322	0.0
2016-03-04	5475.0	5518.6	5233.0	5302.6	20395	25936	0.0
2016-03-07	5498.6	5555.4	5359.2	5437.2	18343	25720	0.0
2016-03-08	5406.0	5515.0	5204.0	5505.6	20414	26721	0.0
2016-03-09	5347.2	5434.4	5296.8	5342.6	16973	26745	0.0
2016-03-10	5379.2	5429.0	5203.6	5226.4	18136	27644	0.0
2016-03-11	5184.6	5288.0	5148.2	5238.2	17359	27958	0.0
2016-03-14	5376.2	5535.6	5330.2	5433.8	21334	28400	0.0
2016-03-15	5436.0	5469.8	5352.2	5380.8	17507	28044	0.0
2016-03-16	5454.8	5457.6	5234.4	5307.8	22231	29851	0.0
2016-03-17	5364.0	5515.0	5283.2	5486.8	25707	30521	0.0
2016-03-18	5525.6	5738.4	5511.6	5681.4	23864	29114	0.0
2016-03-21	5789.0	5857.6	5739.4	5833.0	17344	30281	0.0
2016-03-22	5782.8	5876.6	5774.4	5815.0	14642	30511	0.0
2016-03-23	5822.0	5867.0	5758.2	5841.6	14820	31183	0.0
2016-03-24	5786.0	5842.2	5717.8	5728.6	19234	31080	0.0
2016-03-25	5760.2	5823.6	5725.6	5789.8	15273	31050	0.0
2016-03-28	5881.0	5939.8	5713.6	5734.0	17776	31474	0.0
2016-03-29	5742.2	5755.8	5580.8	5652.2	19133	31118	0.0
2016-03-30	5732.2	5881.4	5670.6	5876.0	19562	31357	0.0
2016-03-31	5914.2	5929.4	5859.6	5877.8	17340	31154	0.0
2016-04-01	5863.4	5881.6	5699.8	5876.8	19443	30864	0.0
2016-04-05	5848.4	6080.0	5839.2	6044.0	19714	31522	0.0
2016-04-06	6039.0	6070.0	6007.2	6065.0	15277	31651	0.0
2016-04-07	6104.6	6121.0	5974.4	5989.4	18110	32156	0.0
2016-04-08	5946.4	5953.2	5858.4	5939.2	18699	32224	0.0
2016-04-11	6016.2	6121.8	6008.6	6057.0	18922	31706	0.0
2016-04-12	6056.4	6077.8	5945.6	6035.0	19089	31356	0.0
2016-04-13	6121.0	6209.8	6081.2	6100.8	23494	31316	0.0
2016-04-14	6160.8	6170.0	6093.0	6155.6	19038	30484	0.0
2016-04-15	6167.4	6169.4	6066.6	6107.0	19669	28315	0.0
2016-04-18	6014.8	6014.8	5910.6	5977.0	16268	29929	0.0
2016-04-19	6049.4	6052.4	5941.0	5987.8	15288	30708	0.0
2016-04-20	6034.6	6042.6	5600.6	5666.2	21027	32645	0.0
2016-04-21	5695.4	5781.8	5648.0	5663.2	17547	32724	0.0
2016-04-22	5632.4	5726.2	5604.8	5726.2	16488	33016	0.0
2016-04-25	5688.6	5692.8	5556.8	5690.8	16122	32936	0.0
2016-04-26	5704.6	5771.4	5637.2	5763.2	16372	33533	0.0
2016-04-27	5779.2	5800.4	5707.2	5740.4	15348	33733	0.0
2016-04-28	5739.6	5745.6	5598.8	5709.8	17368	35071	0.0
2016-04-29	5683.2	5756.8	5677.2	5720.8	14982	34388	0.0
2016-05-03	5755.6	5962.6	5678.0	5959.2	18623	35493	0.0
2016-05-04	5932.8	5976.0	5912.2	5938.2	14408	35111	0.0
2016-05-05	5934.2	6013.6	5912.8	6010.0	14893	35791	0.0
2016-05-06	6002.4	6033.4	5753.6	5761.2	21150	35784	0.0
2016-05-09	5688.0	5698.6	5507.2	5523.2	20359	36043	0.0
2016-05-10	5534.0	5570.8	5494.2	5509.8	16020	35756	0.0
2016-05-11	5562.6	5590.0	5472.2	5493.6	18074	35601	0.0
2016-05-12	5418.8	5527.2	5362.4	5519.0	19684	36074	0.0
2016-05-13	5496.4	5598.2	5457.4	5491.0	18358	35551	0.0
2016-05-16	5500.4	5591.2	5452.0	5586.6	19357	35303	0.0
2016-05-17	5583.8	5617.4	5514.8	5574.6	20427	35122	0.0
2016-05-18	5521.4	5524.4	5359.6	5423.2	22170	35351	0.0
2016-05-19	5439.4	5516.0	5402.8	5408.0	22900	35159	0.0
2016-05-20	5378.6	5502.4	5365.2	5470.4	20547	32928	0.0
2016-05-23	5520.8	5585.2	5510.4	5543.8	15421	33583	0.0
2016-05-24	5547.0	5550.6	5447.0	5505.6	15990	34337	0.0
2016-05-25	5571.8	5582.4	5455.4	5466.0	15750	34893	0.0
2016-05-26	5465.8	5542.6	5372.2	5542.6	18891	36217	0.0
2016-05-27	5527.0	5582.0	5486.4	5553.8	16462	35852	0.0
2016-05-30	5485.2	5604.0	5448.2	5551.6	18320	36210	0.0
2016-05-31	5589.6	5873.2	5581.2	5870.6	22427	36345	0.0
2016-06-01	5877.2	5911.2	5833.4	5840.4	16546	35298	0.0
2016-06-02	5849.4	5870.4	5826.0	5863.6	14844	34655	0.0
2016-06-03	5880.2	5940.0	5839.4	5928.2	18156	34744	0.0
2016-06-06	5962.0	5964.0	5877.8	5897.2	14916	33652	0.0
2016-06-07	5904.8	5933.0	5866.0	5932.0	14334	33368	0.0
2016-06-08	5905.6	5931.6	5843.2	5906.0	15753	32833	0.0
2016-06-13	5788.0	5873.4	5624.0	5629.4	21498	32617	0.0
2016-06-14	5637.2	5661.0	5581.6	5609.6	19560	32016	0.0
2016-06-15	5586.6	5827.4	5585.8	5794.4	22497	32080	0.0
2016-06-16	5800.6	5811.8	5721.4	5744.6	20262	30703	0.0
2016-06-17	5789.6	5858.0	5717.2	5726.2	21567	28741	0.0
2016-06-20	5760.2	5778.8	5642.0	5766.8	15953	29484	0.0
2016-06-21	5833.6	5878.8	5650.2	5689.2	18351	30815	0.0
2016-06-22	5686.0	5841.0	5680.0	5841.0	16776	31327	0.0
2016-06-23	5821.6	5828.2	5751.0	5815.6	16449	31715	0.0
2016-06-24	5796.6	5859.6	5586.8	5722.4	22084	33297	0.0
2016-06-27	5766.0	5909.6	5748.2	5899.8	17277	33219	0.0
2016-06-28	5881.6	5976.0	5852.8	5972.4	16906	33736	0.0
2016-06-29	5988.2	6007.0	5941.6	5982.8	14500	33459	0.0
2016-06-30	5973.0	5991.2	5947.2	5979.0	12887	33131	0.0
2016-07-01	5993.4	6029.6	5942.2	5965.4	15197	33970	0.0
2016-07-04	5950.0	6124.4	5950.0	6088.8	17690	34649	0.0
2016-07-05	6109.4	6142.0	6092.2	6129.2	13592	34077	0.0
2016-07-06	6116.4	6171.2	6089.8	6147.2	14496	34101	0.0
2016-07-07	6134.4	6196.0	6087.4	6185.6	17468	34215	0.0
2016-07-08	6166.4	6197.0	6134.2	6169.6	14658	33763	0.0
2016-07-11	6189.6	6249.2	6140.2	6145.8	17864	34214	0.0
2016-07-12	6162.6	6255.0	6109.2	6247.0	20988	33552	0.0
2016-07-13	6304.6	6320.4	6241.0	6290.6	19884	32551	0.0
2016-07-14	6287.2	6306.2	6260.4	6296.2	16337	31603	0.0
2016-07-15	6314.0	6321.4	6230.8	6250.8	17493	28330	0.0
2016-07-18	6227.8	6256.8	6179.8	6193.8	13769	29639	0.0
2016-07-19	6221.2	6223.0	6144.4	6201.2	14633	30555	0.0
2016-07-20	6217.0	6259.4	6186.8	6188.2	14603	30845	0.0
2016-07-21	6201.2	6293.4	6195.0	6229.2	15725	32262	0.0
2016-07-22	6231.6	6248.8	6175.0	6191.2	13502	32106	0.0
2016-07-25	6187.4	6235.8	6165.0	6206.8	12838	32544	0.0
2016-07-26	6212.2	6310.6	6205.4	6308.4	13614	33492	0.0
2016-07-27	6316.4	6327.6	5960.2	6018.8	21142	33817	0.0
2016-07-28	6051.0	6069.6	5972.4	6040.8	16001	33519	0.0
2016-07-29	6060.6	6067.2	6000.4	6022.6	13129	33723	0.0
2016-08-01	6008.0	6012.8	5881.8	5947.6	15128	34723	0.0
2016-08-02	5965.8	6019.0	5947.0	6004.4	12504	34516	0.0
2016-08-03	5997.4	6041.4	5983.8	6029.8	13145	34785	0.0
2016-08-04	6039.6	6089.2	6013.2	6087.8	12398	34481	0.0
2016-08-05	6085.0	6085.2	6047.0	6065.8	11856	34475	0.0
2016-08-08	6058.6	6165.6	6009.4	6165.4	15179	35447	0.0
2016-08-09	6156.6	6216.4	6154.0	6213.4	12441	35193	0.0
2016-08-10	6216.0	6234.4	6187.2	6198.0	11340	35059	0.0
2016-08-11	6194.2	6195.4	6107.2	6107.8	15347	35487	0.0
2016-08-12	6103.6	6200.4	6085.0	6170.4	16067	34874	0.0
2016-08-15	6191.4	6372.0	6172.2	6328.4	20560	34193	0.0
2016-08-16	6350.6	6392.6	6350.6	6364.0	15863	33266	0.0
2016-08-17	6358.8	6369.6	6327.6	6352.0	15256	32456	0.0
2016-08-18	6357.8	6387.0	6295.0	6338.6	16393	32618	0.0
2016-08-19	6352.4	6362.4	6294.4	6324.6	14347	30365	0.0
2016-08-22	6339.4	6365.4	6250.6	6262.8	11716	31868	0.0
2016-08-23	6272.2	6298.2	6177.4	6250.8	12115	32083	0.0
2016-08-24	6275.4	6301.2	6236.0	6254.0	11609	32166	0.0
2016-08-25	6200.6	6221.0	6125.2	6217.0	12934	32726	0.0
2016-08-26	6242.2	6312.0	6200.4	6217.6	13371	33093	0.0
2016-08-29	6223.2	6281.6	6218.6	6263.4	11241	33065	0.0
2016-08-30	6281.6	6308.2	6235.6	6265.4	11842	33587	0.0
2016-08-31	6260.6	6283.6	6208.6	6280.0	12464	33652	0.0
2016-09-01	6271.0	6288.2	6201.8	6211.0	11136	33629	0.0
2016-09-02	6210.2	6261.2	6184.8	6208.0	12352	34286	0.0
2016-09-05	6250.8	6284.8	6227.0	6239.4	12166	33548	0.0
2016-09-06	6247.4	6374.8	6181.6	6371.2	16220	34299	0.0
2016-09-07	6379.4	6399.4	6343.8	6351.6	12780	32937	0.0
2016-09-08	6357.6	6394.2	6347.6	6390.8	11439	33047	0.0
2016-09-09	6387.4	6396.8	6347.8	6352.2	13045	32732	0.0
2016-09-12	6203.2	6250.8	6151.0	6152.6	18018	33323	0.0
2016-09-13	6197.4	6203.2	6152.2	6163.0	15887	32051	0.0
2016-09-14	6145.0	6164.2	6108.0	6112.2	16586	31977	0.0
2016-09-19	6144.6	6170.2	6137.0	6143.8	14320	28220	0.0
2016-09-20	6142.8	6150.8	6121.2	6138.2	8155	29095	0.0
2016-09-21	6142.4	6181.4	6140.0	6166.6	9582	29645	0.0
2016-09-22	6208.4	6246.2	6199.2	6213.0	10722	30023	0.0
2016-09-23	6222.6	6227.0	6206.2	6220.2	8295	30172	0.0
2016-09-27	6138.0	6172.4	6095.6	6168.4	11294	31713	0.0
2016-09-28	6164.2	6169.6	6138.4	6158.0	8958	31364	0.0
2016-09-29	6177.0	6225.4	6167.0	6217.8	11122	31728	0.0
2016-09-30	6207.0	6239.2	6201.0	6234.8	9091	31331	0.0
2016-10-10	6299.4	6363.4	6125.2	6361.2	12244	32215	0.0
2016-10-11	6363.8	6375.8	6350.8	6369.6	9303	31983	0.0
2016-10-12	6356.4	6372.4	6347.6	6359.2	8322	32263	0.0
2016-10-13	6365.0	6390.6	6356.6	6366.8	9305	32508	0.0
2016-10-14	6367.8	6369.8	6313.8	6367.6	12017	33127	0.0
2016-10-17	6378.8	6379.8	6269.0	6307.6	12997	33017	0.0
2016-10-18	6314.6	6394.8	6309.0	6388.8	14904	33485	0.0
2016-10-19	6393.8	6405.8	6349.0	6359.0	13167	32639	0.0
2016-10-20	6370.0	6374.2	6347.6	6365.4	13277	32756	0.0
2016-10-21	6358.6	6373.0	6290.2	6333.4	16002	31888	0.0
2016-10-24	6356.0	6440.6	6337.2	6408.0	11284	33059	0.0
2016-10-25	6423.4	6431.2	6412.2	6422.0	7607	32980	0.0
2016-10-26	6417.6	6419.8	6373.6	6402.0	9761	33627	0.0
2016-10-27	6401.6	6402.0	6355.2	6389.0	9064	33735	0.0
2016-10-28	6393.4	6415.6	6330.0	6346.6	10733	34508	0.0
2016-10-31	6329.2	6341.8	6294.8	6338.8	9217	34146	0.0
2016-11-01	6340.2	6401.2	6336.2	6395.2	9847	34614	0.0
2016-11-02	6385.0	6388.6	6323.6	6325.0	9207	34228	0.0
2016-11-03	6322.2	6408.8	6322.0	6359.0	11728	35145	0.0
2016-11-04	6368.8	6395.8	6325.6	6338.2	8990	34461	0.0
2016-11-07	6360.0	6364.8	6317.4	6324.8	8844	34326	0.0
2016-11-08	6356.2	6393.2	6336.0	6375.0	10252	34183	0.0
2016-11-09	6369.8	6381.0	6226.6	6312.6	14934	34560	0.0
2016-11-10	6399.4	6418.6	6377.8	6394.6	10749	33696	0.0
2016-11-11	6396.0	6470.8	6381.4	6466.2	11664	34364	0.0
2016-11-14	6456.4	6511.6	6444.4	6477.0	11999	34097	0.0
2016-11-15	6476.2	6491.8	6461.6	6485.4	10764	33787	0.0
2016-11-16	6503.6	6514.8	6480.8	6496.8	11432	33379	0.0
2016-11-17	6474.2	6493.2	6449.2	6493.2	12464	33813	0.0
2016-11-18	6487.4	6490.8	6429.8	6435.2	11474	31866	0.0
2016-11-21	6442.6	6496.0	6430.8	6451.4	9316	33359	0.0
2016-11-22	6469.2	6517.2	6458.4	6517.2	8462	33629	0.0
2016-11-23	6521.0	6525.6	6474.6	6487.6	8538	34196	0.0
2016-11-24	6487.8	6497.2	6455.6	6471.6	7340	34108	0.0
2016-11-25	6470.6	6506.2	6373.6	6489.8	10652	34422	0.0
2016-11-28	6505.4	6535.0	6477.4	6517.0	8547	34112	0.0
2016-11-29	6500.4	6523.6	6450.4	6470.6	9299	34244	0.0
2016-11-30	6453.4	6499.6	6423.6	6448.4	10006	33997	0.0
2016-12-01	6457.4	6501.2	6450.6	6482.6	8525	33493	0.0
2016-12-02	6465.8	6470.2	6342.8	6344.8	9704	33375	0.0
2016-12-05	6323.4	6393.4	6319.8	6335.0	8932	33394	0.0
2016-12-06	6378.4	6381.0	6322.4	6329.4	8986	33369	0.0
2016-12-07	6340.0	6388.8	6317.4	6379.2	10234	33084	0.0
2016-12-08	6379.6	6391.0	6361.8	6369.2	8991	32578	0.0
2016-12-09	6361.8	6373.6	6336.8	6336.8	9229	32703	0.0
2016-12-12	6344.4	6367.6	6031.8	6033.0	14992	33589	0.0
2016-12-13	6066.2	6098.0	6023.8	6075.2	13655	33522	0.0
2016-12-14	6068.2	6110.6	6026.2	6041.2	14054	33238	0.0
2016-12-15	6015.0	6116.4	6014.4	6074.0	15129	33210	0.0
2016-12-16	6084.2	6129.2	6081.4	6101.8	11758	30563	0.0
2016-12-19	6096.0	6104.2	6053.4	6095.2	7014	31080	0.0
2016-12-20	6094.2	6110.0	6064.0	6084.0	7586	31561	0.0
2016-12-21	6125.4	6163.4	6116.4	6162.0	8211	31834	0.0
2016-12-22	6153.0	6157.6	6098.2	6145.2	7522	32169	0.0
2016-12-23	6134.6	6143.4	6079.8	6115.4	7081	32271	0.0
2016-12-26	6086.8	6130.4	6021.4	6125.4	8352	32919	0.0
2016-12-27	6125.0	6142.6	6116.8	6121.0	5756	32765	0.0
2016-12-28	6127.8	6136.4	6096.4	6124.0	6014	32788	0.0
2016-12-29	6121.2	6153.6	6093.4	6126.4	7278	33313	0.0
2016-12-30	6143.8	6151.8	6108.6	6129.4	7292	33226	0.0
2017-01-03	6148.6	6215.4	6145.8	6199.8	7618	33432	0.0
2017-01-04	6197.2	6294.2	6191.8	6289.6	8955	33486	0.0
2017-01-05	6284.8	6294.4	6272.8	6282.2	6882	33323	0.0
2017-01-06	6283.4	6284.4	6245.2	6258.4	6947	33530	0.0
2017-01-09	6262.6	6300.4	6251.6	6295.2	7198	33868	0.0
2017-01-10	6292.6	6296.6	6257.2	6260.2	6878	33811	0.0
2017-01-11	6258.6	6290.2	6210.6	6212.4	8544	34586	0.0
2017-01-12	6222.6	6232.2	6147.0	6152.4	8333	34821	0.0
2017-01-13	6169.8	6173.6	6095.8	6100.2	10558	35169	0.0
2017-01-16	6097.4	6097.6	5795.6	5908.8	15804	34131	0.0
2017-01-17	5895.8	5962.2	5861.0	5958.2	14175	34064	0.0
2017-01-18	5947.0	5990.4	5934.0	5960.4	13731	33842	0.0
2017-01-19	5943.2	5973.2	5915.8	5951.0	14555	33924	0.0
2017-01-20	5948.4	6063.4	5941.8	6040.0	15503	31405	0.0
2017-01-23	6075.6	6150.4	6047.8	6064.0	8485	31735	0.0
2017-01-24	6062.2	6073.8	6042.4	6066.2	7287	31652	0.0
2017-01-25	6045.8	6101.2	6037.2	6100.0	7050	31940	0.0
2017-01-26	6108.2	6138.0	6098.6	6130.2	5750	31731	0.0
2017-02-03	6132.0	6135.6	6032.8	6111.8	6505	32374	0.0
2017-02-06	6118.6	6147.2	6095.6	6137.8	8030	32232	0.0
2017-02-07	6131.0	6147.0	6090.8	6113.2	8532	32357	0.0
2017-02-08	6112.4	6178.8	6090.4	6169.2	9766	32337	0.0
2017-02-09	6167.0	6211.0	6167.0	6199.8	9107	32312	0.0
2017-02-10	6199.6	6206.4	6181.2	6199.4	9624	31681	0.0
2017-02-13	6213.0	6242.4	6193.6	6231.8	9521	31556	0.0
2017-02-14	6229.4	6234.8	6202.0	6225.2	8777	31315	0.0
2017-02-15	6221.0	6237.8	6157.8	6162.8	11284	31329	0.0
2017-02-16	6168.0	6216.4	6165.0	6213.8	12163	31169	0.0
2017-02-17	6233.2	6259.4	6142.6	6150.4	14165	30204	0.0
2017-02-20	6163.4	6253.8	6159.4	6252.4	11935	32753	0.0
2017-02-21	6245.2	6299.8	6243.2	6281.8	11014	33348	0.0
2017-02-22	6284.8	6329.8	6278.6	6326.4	10681	33790	0.0
2017-02-23	6321.2	6340.6	6282.2	6334.2	11836	34947	0.0
2017-02-24	6326.0	6348.6	6311.0	6346.8	10045	34991	0.0
2017-02-27	6342.0	6344.0	6266.0	6280.4	11149	35655	0.0
2017-02-28	6290.8	6318.4	6278.6	6309.8	10954	35448	0.0
2017-03-01	6306.6	6370.6	6297.0	6328.4	13062	36237	0.0
2017-03-02	6345.8	6352.0	6289.4	6316.8	12110	36597	0.0
2017-03-03	6302.2	6340.8	6272.6	6323.6	12770	37458	0.0
2017-03-06	6336.2	6401.8	6332.0	6382.8	11941	37481	0.0
2017-03-07	6383.4	6391.6	6350.6	6381.0	10345	36913	0.0
2017-03-08	6374.6	6376.6	6335.2	6359.4	10266	36924	0.0
2017-03-09	6345.2	6346.0	6266.4	6293.6	13780	37556	0.0
2017-03-10	6303.4	6322.6	6292.2	6301.2	11701	36866	0.0
2017-03-13	6294.0	6375.0	6256.0	6372.4	15660	37585	0.0
2017-03-14	6373.4	6385.4	6339.4	6349.2	12704	37080	0.0
2017-03-15	6345.8	6358.8	6323.0	6334.2	14808	37246	0.0
2017-03-16	6370.0	6416.6	6369.2	6415.6	19018	37628	0.0
2017-03-17	6452.2	6477.6	6331.8	6341.4	20043	36644	0.0
2017-03-20	6357.0	6364.8	6317.6	6358.8	11302	37169	0.0
2017-03-21	6355.2	6378.2	6334.4	6378.2	10161	37578	0.0
2017-03-22	6348.2	6372.6	6302.2	6363.6	12003	38363	0.0
2017-03-23	6373.6	6407.0	6312.8	6382.2	14699	39188	0.0
2017-03-24	6389.0	6468.2	6378.2	6464.4	13947	38774	0.0
2017-03-27	6457.4	6466.8	6406.6	6422.8	12707	38912	0.0
2017-03-28	6427.4	6439.2	6400.0	6412.0	10998	39065	0.0
2017-03-29	6426.6	6431.2	6351.0	6392.0	13455	39604	0.0
2017-03-30	6384.0	6402.2	6309.6	6319.4	16099	39377	0.0
2017-03-31	6332.6	6392.2	6178.0	6332.0	11551	38678	0.0
2017-04-05	6392.6	6493.2	6388.0	6485.4	15284	38111	0.0
2017-04-06	6484.6	6494.4	6462.0	6481.4	10892	37296	0.0
2017-04-07	6465.4	6519.4	6454.0	6495.6	10911	37422	0.0
2017-04-10	6485.2	6505.2	6478.4	6483.4	9607	37316	0.0
2017-04-11	6489.6	6553.2	6448.4	6540.6	14685	38496	0.0
2017-04-12	6538.6	6543.8	6488.4	6498.2	12445	37558	0.0
2017-04-13	6497.2	6567.2	6495.0	6549.4	11953	37748	0.0
2017-04-14	6545.6	6545.6	6442.0	6455.4	15300	38163	0.0
2017-04-17	6447.6	6449.4	6365.4	6382.0	16027	38314	0.0
2017-04-18	6396.0	6416.6	6353.6	6359.2	15610	37670	0.0
2017-04-19	6336.8	6351.4	6215.4	6284.8	21078	37670	0.0
2017-04-20	6294.8	6319.4	6254.8	6290.4	18761	36442	0.0
2017-04-21	6298.6	6316.4	6221.2	6227.0	17645	34097	0.0
2017-04-24	6218.8	6219.4	6078.8	6080.0	14937	35906	0.0
2017-04-25	6113.2	6149.8	6087.8	6099.2	13104	35378	0.0
2017-04-26	6111.6	6145.6	6108.8	6114.8	11658	34972	0.0
2017-04-27	6085.2	6151.2	6001.6	6132.6	16116	36549	0.0
2017-04-28	6131.8	6158.4	6120.2	6148.2	11518	34948	0.0
2017-05-02	6146.4	6154.6	6124.0	6140.2	9389	34449	0.0
2017-05-03	6134.0	6166.4	6100.2	6118.4	10869	35065	0.0
2017-05-04	6102.8	6175.8	6083.0	6086.0	13423	35647	0.0
2017-05-05	6075.4	6098.4	6007.6	6016.4	15101	36032	0.0
2017-05-08	6019.0	6029.2	5905.0	5908.8	15314	36676	0.0
2017-05-09	5908.8	5951.4	5868.6	5940.6	16628	36554	0.0
2017-05-10	5947.0	5969.8	5792.8	5792.8	17163	36694	0.0
2017-05-11	5783.2	5811.4	5654.0	5775.2	21280	37320	0.0
2017-05-12	5777.0	5796.2	5732.2	5768.0	17091	36514	0.0
2017-05-15	5824.6	5847.0	5794.4	5814.0	16194	35811	0.0
2017-05-16	5796.2	5965.4	5758.8	5956.2	21065	36339	0.0
2017-05-17	5958.6	6003.6	5951.6	5962.2	16856	35289	0.0
2017-05-18	5934.2	5981.2	5887.6	5898.4	18305	36296	0.0
2017-05-19	5925.2	5929.0	5859.0	5884.0	16440	33919	0.0
2017-05-22	5887.4	5921.4	5771.0	5795.0	15500	35379	0.0
2017-05-23	5787.2	5818.2	5678.0	5683.2	16572	35992	0.0
2017-05-24	5663.0	5738.8	5610.6	5727.4	20333	37436	0.0
2017-05-25	5732.8	5828.0	5658.4	5780.8	20455	37705	0.0
2017-05-26	5797.0	5829.6	5765.4	5781.6	15221	36750	0.0
2017-05-31	5892.8	5894.2	5730.6	5740.8	16578	36792	0.0
2017-06-01	5732.2	5763.4	5625.0	5633.6	16666	37125	0.0
2017-06-02	5621.4	5740.4	5579.6	5719.0	19310	38167	0.0
2017-06-05	5757.2	5791.8	5728.8	5740.4	16791	37487	0.0
2017-06-06	5747.6	5797.4	5734.8	5769.2	16201	37575	0.0
2017-06-07	5775.8	5918.6	5774.8	5912.6	21384	37297	0.0
2017-06-08	5910.6	5917.8	5874.0	5898.0	15010	36190	0.0
2017-06-09	5891.8	5928.4	5855.8	5921.2	17547	36762	0.0
2017-06-12	5883.0	5887.8	5830.2	5834.4	18805	35881	0.0
2017-06-13	5841.6	5939.4	5840.6	5905.2	20871	36227	0.0
2017-06-14	5909.4	5934.8	5891.0	5900.0	17985	35317	0.0
2017-06-15	5921.2	5966.6	5914.4	5943.2	21711	36263	0.0
2017-06-16	5949.0	5954.4	5922.4	5923.2	16333	32594	0.0
2017-06-19	5935.6	5989.4	5917.4	5973.4	14388	34273	0.0
2017-06-20	5996.8	6026.2	5973.8	5994.6	12928	34120	0.0
2017-06-21	5987.8	6002.0	5941.6	6000.0	14045	33862	0.0
2017-06-22	5998.6	6030.0	5905.4	5912.6	15332	33987	0.0
2017-06-23	5927.6	5940.2	5828.0	5919.4	17644	34340	0.0
2017-06-26	5943.0	6058.4	5923.8	6053.0	17244	34259	0.0
2017-06-27	6052.2	6064.6	6011.8	6030.4	13120	33664	0.0
2017-06-28	6015.6	6042.8	5995.0	6016.6	11767	33449	0.0
2017-06-29	6044.0	6076.4	6022.2	6039.8	13837	33854	0.0
2017-06-30	6018.2	6079.4	6010.8	6060.0	12091	32731	0.0
2017-07-03	6072.2	6112.8	6048.4	6107.4	12099	32806	0.0
2017-07-04	6104.2	6107.6	6051.2	6080.0	12162	32771	0.0
2017-07-05	6074.6	6129.0	6060.8	6122.6	11919	33151	0.0
2017-07-06	6124.0	6145.2	6067.0	6107.6	13381	33083	0.0
2017-07-07	6101.4	6165.4	6099.0	6146.2	10692	32821	0.0
2017-07-10	6146.8	6168.0	6102.4	6122.2	12384	33064	0.0
2017-07-11	6119.4	6125.0	6049.2	6062.8	14252	32918	0.0
2017-07-12	6070.4	6071.6	5967.8	6036.6	18236	33858	0.0
2017-07-13	6049.2	6096.2	6031.8	6058.8	15764	32682	0.0
2017-07-14	6054.4	6069.2	6017.4	6041.2	12400	32189	0.0
2017-07-17	5998.2	6004.8	5775.6	5778.6	18883	33505	0.0
2017-07-18	5810.4	5844.2	5765.4	5839.8	19677	33104	0.0
2017-07-19	5840.4	5973.6	5824.0	5963.4	20003	32478	0.0
2017-07-20	5969.6	6026.2	5969.6	5991.6	17711	31600	0.0
2017-07-21	5985.0	6030.6	5984.6	6005.2	16015	29358	0.0
2017-07-24	6011.6	6078.0	5993.6	6047.2	14083	31466	0.0
2017-07-25	6054.4	6058.8	5987.2	6043.2	13958	31354	0.0
2017-07-26	6053.4	6054.8	5996.8	6030.6	12831	31600	0.0
2017-07-27	6026.4	6110.2	5976.4	6092.6	15849	32651	0.0
2017-07-28	6089.4	6158.4	6079.8	6150.0	13491	32034	0.0
2017-07-31	6139.6	6242.4	6121.4	6231.0	12689	32034	0.0
2017-08-01	6230.8	6238.4	6191.4	6212.2	11762	31645	0.0
2017-08-02	6221.4	6253.4	6172.2	6192.4	13508	32387	0.0
2017-08-03	6194.4	6243.8	6175.2	6201.2	13394	32164	0.0
2017-08-04	6206.2	6245.8	6146.8	6153.2	13591	32128	0.0
2017-08-07	6167.2	6246.4	6159.4	6243.0	11949	31432	0.0
2017-08-08	6243.0	6268.6	6217.6	6235.6	12029	31763	0.0
2017-08-09	6230.2	6292.4	6228.4	6277.4	10767	31274	0.0
2017-08-10	6264.6	6281.4	6173.2	6208.8	14134	31877	0.0
2017-08-11	6167.4	6224.0	6080.2	6101.6	16998	32446	0.0
2017-08-14	6129.4	6241.8	6120.8	6241.0	15499	31048	0.0
2017-08-15	6241.4	6260.8	6216.8	6244.0	14418	31038	0.0
2017-08-16	6243.2	6265.6	6201.0	6254.2	16477	31661	0.0
2017-08-17	6269.6	6309.8	6234.4	6303.8	18767	32025	0.0
2017-08-18	6277.0	6297.6	6254.2	6263.2	16561	29572	0.0
2017-08-21	6314.4	6344.4	6294.0	6333.4	10507	30294	0.0
2017-08-22	6330.6	6332.0	6287.2	6312.2	10644	30445	0.0
2017-08-23	6300.6	6315.8	6221.8	6261.6	12476	31318	0.0
2017-08-24	6274.0	6279.6	6213.4	6224.2	11489	31277	0.0
2017-08-25	6238.4	6329.6	6230.2	6304.0	13719	31492	0.0
2017-08-28	6320.0	6428.4	6308.0	6393.2	14543	32609	0.0
2017-08-29	6394.0	6411.4	6344.0	6364.8	10897	31417	0.0
2017-08-30	6363.6	6430.4	6361.6	6407.2	10931	31671	0.0
2017-08-31	6413.0	6444.6	6394.0	6434.8	10681	31475	0.0
2017-09-01	6441.0	6518.6	6419.4	6499.4	12671	31950	0.0
2017-09-04	6490.4	6531.8	6488.0	6517.8	11040	31205	0.0
2017-09-05	6514.8	6540.8	6485.8	6534.8	11243	31548	0.0
2017-09-06	6513.4	6575.4	6511.2	6559.2	11301	31440	0.0
2017-09-07	6563.8	6579.2	6502.8	6515.8	11583	31852	0.0
2017-09-08	6525.4	6574.6	6483.4	6514.8	13437	31795	0.0
2017-09-11	6533.0	6620.2	6517.4	6619.8	15749	31743	0.0
2017-09-12	6625.4	6681.0	6574.4	6601.6	17953	31651	0.0
2017-09-13	6601.8	6638.6	6576.2	6631.2	16547	30618	0.0
2017-09-14	6625.8	6661.2	6596.4	6621.6	17987	31185	0.0
2017-09-15	6613.0	6616.8	6539.2	6564.2	18078	28724	0.0
2017-09-18	6567.2	6652.2	6562.2	6652.2	12737	29621	0.0
2017-09-19	6657.6	6660.0	6558.6	6579.2	12505	29785	0.0
2017-09-20	6588.8	6667.0	6569.4	6649.6	12305	30190	0.0
2017-09-21	6648.0	6658.2	6553.6	6572.6	13049	30130	0.0
2017-09-22	6546.6	6551.8	6470.0	6510.0	12792	30218	0.0
2017-09-25	6504.6	6532.2	6408.8	6415.8	12490	30361	0.0
2017-09-26	6436.6	6472.8	6426.8	6460.0	10898	29605	0.0
2017-09-27	6475.8	6559.0	6471.8	6538.0	10717	29760	0.0
2017-09-28	6516.0	6574.4	6511.0	6530.0	9543	29190	0.0
2017-09-29	6542.0	6599.6	6525.6	6576.2	10592	29475	0.0
2017-10-09	6685.6	6688.6	6629.4	6663.8	11613	29556	0.0
2017-10-10	6662.6	6698.6	6637.2	6695.6	10560	29286	0.0
2017-10-11	6694.8	6696.2	6627.2	6639.0	11232	29417	0.0
2017-10-12	6637.2	6651.2	6583.0	6628.4	10951	29561	0.0
2017-10-13	6645.6	6696.0	6632.8	6695.8	11592	29557	0.0
2017-10-16	6690.6	6690.8	6572.8	6580.0	15500	29854	0.0
2017-10-17	6561.8	6621.0	6557.8	6560.8	15232	29638	0.0
2017-10-18	6579.8	6592.6	6494.8	6501.8	15855	29431	0.0
2017-10-19	6509.4	6523.2	6439.8	6451.0	17824	30042	0.0
2017-10-20	6462.8	6528.6	6454.0	6515.6	16871	28095	0.0
2017-10-23	6518.0	6563.2	6503.8	6555.6	9567	28243	0.0
2017-10-24	6545.2	6546.2	6477.2	6538.8	12362	29106	0.0
2017-10-25	6551.8	6595.6	6509.2	6577.6	13612	29550	0.0
2017-10-26	6575.4	6648.4	6550.2	6601.6	13263	29277	0.0
2017-10-27	6605.6	6618.0	6545.6	6579.2	10973	28890	0.0
2017-10-30	6575.2	6582.0	6390.0	6444.0	14862	29887	0.0
2017-10-31	6442.4	6499.2	6425.2	6484.6	11448	28939	0.0
2017-11-01	6494.0	6539.8	6454.2	6456.2	12265	29493	0.0
2017-11-02	6447.0	6465.4	6382.0	6415.0	12019	29487	0.0
2017-11-03	6421.2	6436.8	6297.2	6335.0	13555	30251	0.0
2017-11-06	6357.0	6449.8	6328.2	6442.2	12810	29454	0.0
2017-11-07	6445.0	6488.0	6423.8	6483.8	12350	29560	0.0
2017-11-08	6483.0	6553.6	6475.4	6510.6	12551	29862	0.0
2017-11-09	6516.8	6569.2	6509.8	6567.6	10653	29380	0.0
2017-11-10	6559.6	6609.6	6541.2	6588.2	11681	29223	0.0
2017-11-13	6590.0	6629.4	6569.8	6619.0	10985	28712	0.0
2017-11-14	6605.0	6620.6	6535.6	6552.0	13920	29136	0.0
2017-11-15	6531.6	6550.4	6450.8	6477.8	16547	28954	0.0
2017-11-16	6482.0	6521.2	6467.2	6495.8	15280	28780	0.0
2017-11-17	6499.8	6503.0	6295.8	6306.0	16506	28397	0.0
2017-11-20	6295.8	6385.8	6205.2	6372.2	13772	29511	0.0
2017-11-21	6378.4	6424.8	6328.8	6398.4	12901	29594	0.0
2017-11-22	6415.4	6455.6	6323.6	6356.8	13049	30310	0.0
2017-11-23	6363.2	6375.6	6187.8	6188.6	14174	30659	0.0
2017-11-24	6208.6	6268.0	6193.2	6206.6	12374	30032	0.0
2017-11-27	6216.6	6242.0	6113.4	6118.2	12753	30688	0.0
2017-11-28	6138.2	6256.4	6135.4	6242.8	13016	30573	0.0
2017-11-29	6238.8	6293.2	6161.0	6253.6	13178	30643	0.0
2017-11-30	6245.2	6269.2	6171.2	6181.2	11676	29756	0.0
2017-12-01	6205.8	6300.4	6205.2	6257.4	11736	30065	0.0
2017-12-04	6257.6	6305.8	6195.4	6211.2	12445	30033	0.0
2017-12-05	6208.2	6223.8	6039.2	6074.8	13464	30880	0.0
2017-12-06	6075.2	6114.2	5999.4	6107.0	16193	31631	0.0
2017-12-07	6108.0	6139.6	6054.0	6057.4	14359	30818	0.0
2017-12-08	6075.4	6180.6	6073.8	6142.0	14850	30743	0.0
2017-12-11	6173.0	6236.4	6167.6	6233.8	13667	29965	0.0
2017-12-12	6231.8	6244.4	6179.6	6184.8	15075	30014	0.0
2017-12-13	6188.6	6228.8	6158.2	6228.8	16080	29502	0.0
2017-12-14	6223.8	6241.0	6186.2	6230.8	16711	28851	0.0
2017-12-15	6221.4	6228.4	6126.4	6176.0	16953	27407	0.0
2017-12-18	6181.4	6197.0	6108.8	6136.2	10783	27788	0.0
2017-12-19	6153.2	6220.8	6150.8	6209.6	10657	28209	0.0
2017-12-20	6210.8	6211.4	6127.8	6135.4	10643	28313	0.0
2017-12-21	6135.4	6245.0	6086.2	6204.6	13731	29372	0.0
2017-12-22	6221.8	6252.4	6201.6	6219.8	8572	28244	0.0
2017-12-25	6228.0	6241.4	6121.8	6138.6	10577	28606	0.0
2017-12-26	6138.2	6210.4	6112.4	6195.8	10977	28958	0.0
2017-12-27	6193.4	6209.6	6126.4	6134.8	9817	28546	0.0
2017-12-28	6143.8	6217.0	6133.4	6184.6	10568	28946	0.0
2017-12-29	6190.8	6286.2	6186.8	6266.0	9513	28541	0.0
2018-01-02	6266.8	6338.2	6252.2	6328.8	10571	28781	0.0
2018-01-03	6325.6	6393.2	6321.8	6370.6	10281	28669	0.0
2018-01-04	6364.0	6392.2	6362.2	6385.8	8291	28157	0.0
2018-01-05	6383.6	6403.8	6363.4	6377.0	8934	28425	0.0
2018-01-08	6384.2	6417.0	6355.0	6410.6	9174	28471	0.0
2018-01-09	6404.8	6411.6	6379.6	6409.6	8363	27913	0.0
2018-01-10	6403.0	6403.0	6334.4	6382.8	9972	28453	0.0
2018-01-11	6370.2	6414.0	6347.4	6396.6	10124	28326	0.0
2018-01-12	6390.2	6395.2	6343.4	6370.8	10043	27902	0.0
2018-01-15	6355.2	6358.4	6214.2	6242.2	12848	29012	0.0
2018-01-16	6250.0	6284.0	6235.2	6251.2	14157	28538	0.0
2018-01-17	6241.2	6258.6	6158.8	6215.6	17496	29423	0.0
2018-01-18	6213.2	6275.6	6211.8	6246.8	14788	28722	0.0
2018-01-19	6245.8	6288.8	6211.0	6216.4	14078	27779	0.0
2018-01-22	6222.4	6343.0	6186.2	6332.4	12910	29405	0.0
2018-01-23	6333.4	6362.0	6309.4	6331.8	9852	29464	0.0
2018-01-24	6338.8	6417.4	6314.8	6397.0	13478	31393	0.0
2018-01-25	6392.8	6440.2	6374.0	6378.2	11314	30860	0.0
2018-01-26	6375.2	6401.4	6367.4	6388.6	8962	30601	0.0
2018-01-29	6385.4	6422.8	6277.0	6297.6	12178	30898	0.0
2018-01-30	6303.6	6328.6	6275.6	6287.4	9523	29945	0.0
2018-01-31	6242.2	6249.0	6141.6	6166.0	12635	30806	0.0
2018-02-01	6184.8	6195.2	5950.4	5954.2	15103	32365	0.0
2018-02-02	5934.2	5994.0	5823.2	5965.0	14923	31736	0.0
2018-02-05	5908.4	5984.8	5902.4	5954.2	11091	30690	0.0
2018-02-06	5865.4	5906.0	5633.6	5665.4	16068	31971	0.0
2018-02-07	5802.6	5814.4	5582.4	5639.6	17722	32528	0.0
2018-02-08	5697.0	5777.0	5682.2	5720.6	15382	32155	0.0
2018-02-09	5611.6	5649.2	5430.0	5481.4	18220	32491	0.0
2018-02-12	5579.6	5690.8	5540.0	5631.8	16208	31612	0.0
2018-02-13	5700.8	5748.6	5663.4	5680.2	15102	30447	0.0
2018-02-14	5683.6	5703.4	5652.2	5696.8	11764	29303	0.0
2018-02-22	5767.0	5818.6	5729.6	5805.0	13189	28810	0.0
2018-02-23	5804.6	5831.6	5758.2	5811.4	10394	29376	0.0
2018-02-26	5902.0	5988.4	5843.0	5980.6	12891	30095	0.0
2018-02-27	5971.8	5998.8	5940.4	5955.8	10668	29881	0.0
2018-02-28	5909.8	5997.4	5894.2	5957.4	11539	30459	0.0
2018-03-01	5935.0	6044.8	5934.0	6030.4	12167	30868	0.0
2018-03-02	6011.8	6038.0	5974.6	6003.0	12137	30979	0.0
2018-03-05	6028.0	6029.0	5939.2	5985.4	11199	30578	0.0
2018-03-06	6013.6	6079.8	5991.4	6076.8	12622	31280	0.0
2018-03-07	6057.4	6068.4	5985.4	5991.6	12810	31088	0.0
2018-03-08	6005.8	6066.6	6002.0	6056.8	11718	31318	0.0
2018-03-09	6076.0	6162.0	6057.6	6155.6	13519	31522	0.0
2018-03-12	6196.2	6247.8	6185.2	6233.6	14430	31384	0.0
2018-03-13	6220.6	6234.8	6185.8	6190.2	13928	30949	0.0
2018-03-14	6179.6	6203.0	6100.0	6114.4	16146	31286	0.0
2018-03-15	6106.6	6145.8	6028.8	6095.0	19683	31653	0.0
2018-03-16	6098.0	6119.6	6030.2	6036.0	15977	28738	0.0
2018-03-19	6045.4	6104.0	5997.2	6030.6	11767	30252	0.0
2018-03-20	5981.8	6080.4	5977.4	6052.4	11298	30484	0.0
2018-03-21	6077.0	6133.0	5980.4	5991.4	13021	31571	0.0
2018-03-22	6024.6	6046.0	5953.2	5987.8	13249	32176	0.0
2018-03-23	5786.2	5873.4	5586.8	5613.6	17548	33585	0.0
2018-03-26	5655.0	5804.0	5585.8	5795.2	14632	33039	0.0
2018-03-27	5858.2	5958.4	5856.8	5956.4	14710	33724	0.0
2018-03-28	5897.4	5927.2	5846.6	5866.8	14704	34635	0.0
2018-03-29	5924.4	5970.8	5848.8	5962.8	14209	34927	0.0
2018-03-30	5981.8	6056.2	5973.6	6054.2	12038	34750	0.0
2018-04-02	6069.6	6112.2	6019.4	6033.6	12231	35302	0.0
2018-04-03	5972.0	6001.8	5908.4	5978.6	12742	35625	0.0
2018-04-04	6032.0	6037.0	5908.6	5929.0	12113	35625	0.0
2018-04-09	5950.2	5999.2	5876.8	5932.8	13104	36046	0.0
2018-04-10	5955.2	5998.2	5907.4	5997.0	14498	36337	0.0
2018-04-11	6020.4	6047.6	5995.0	6001.4	12152	35765	0.0
2018-04-12	6007.8	6028.8	5952.2	5971.4	11378	35757	0.0
2018-04-13	6014.0	6025.8	5930.8	5954.2	12773	35614	0.0
2018-04-16	5957.6	5995.8	5876.8	5929.2	13873	35734	0.0
2018-04-17	5953.0	5971.4	5794.0	5820.2	17565	36017	0.0
2018-04-18	5860.6	5926.6	5745.8	5884.0	22269	37153	0.0
2018-04-19	5903.0	5985.4	5901.4	5921.6	19940	36260	0.0
2018-04-20	5894.8	5920.4	5773.0	5802.2	18839	34800	0.0
2018-04-23	5821.0	5843.6	5659.4	5742.4	13632	35641	0.0
2018-04-24	5764.4	5897.4	5753.8	5875.8	13373	35262	0.0
2018-04-25	5870.0	5896.8	5848.6	5874.6	10588	35393	0.0
2018-04-26	5878.4	5885.0	5762.0	5773.6	12155	36046	0.0
2018-04-27	5805.4	5817.2	5737.0	5816.0	12701	36310	0.0
2018-05-02	5825.0	5851.6	5748.6	5792.6	11045	36232	0.0
2018-05-03	5779.4	5882.6	5708.8	5856.2	13861	37685	0.0
2018-05-04	5856.8	5881.8	5823.6	5843.0	11024	37302	0.0
2018-05-07	5863.2	5981.6	5853.8	5962.4	12587	37838	0.0
2018-05-08	5970.0	5989.6	5951.0	5985.6	10211	37165	0.0
2018-05-09	5981.4	5998.2	5940.0	5966.0	8825	36982	0.0
2018-05-10	5981.8	6008.4	5928.0	5991.0	10226	37165	0.0
2018-05-11	5995.8	6001.0	5936.4	5948.6	10808	37022	0.0
2018-05-14	5956.4	5970.2	5894.8	5919.2	11813	36793	0.0
2018-05-15	5924.8	5976.0	5902.2	5970.8	14199	36650	0.0
2018-05-16	5957.8	5990.6	5939.4	5957.4	15790	36278	0.0
2018-05-17	5957.6	5966.0	5900.6	5908.8	17546	36031	0.0
2018-05-18	5912.8	5955.4	5863.0	5952.8	16502	35109	0.0
2018-05-21	6004.6	6044.2	5994.6	6002.0	11561	35346	0.0
2018-05-22	6000.8	6046.4	5996.4	6040.6	9078	34858	0.0
2018-05-23	6021.6	6032.2	5879.6	5963.8	11479	34585	0.0
2018-05-24	5968.2	5979.2	5924.6	5939.0	9577	34770	0.0
2018-05-25	5932.8	5936.2	5841.4	5848.4	11012	35915	0.0
2018-05-28	5855.4	5899.6	5810.0	5850.4	11090	36514	0.0
2018-05-29	5846.6	5878.2	5762.4	5764.8	12192	36979	0.0
2018-05-30	5694.6	5718.2	5617.0	5624.4	14436	38106	0.0
2018-05-31	5674.6	5716.2	5622.2	5708.6	12625	37837	0.0
2018-06-01	5674.0	5695.8	5590.6	5629.8	11908	38402	0.0
2018-06-04	5655.4	5658.8	5597.4	5635.0	12006	38600	0.0
2018-06-05	5645.2	5735.8	5642.4	5734.0	12889	39013	0.0
2018-06-06	5728.4	5732.8	5690.2	5727.4	10966	38591	0.0
2018-06-07	5752.8	5753.8	5667.2	5691.6	12532	39790	0.0
2018-06-08	5670.2	5672.8	5565.8	5614.4	14409	39557	0.0
2018-06-11	5599.4	5630.4	5546.6	5590.2	16528	40125	0.0
2018-06-12	5601.8	5648.6	5544.0	5630.6	18327	40049	0.0
2018-06-13	5604.8	5624.6	5534.0	5538.0	18118	40104	0.0
2018-06-14	5509.4	5585.4	5496.4	5518.6	19843	40601	0.0
2018-06-15	5527.6	5530.2	5315.4	5397.6	20396	39246	0.0
2018-06-19	5306.2	5318.0	4916.0	5012.6	16678	40178	0.0
2018-06-20	5010.2	5139.0	4987.8	5099.6	15128	39980	0.0
2018-06-21	5111.0	5153.4	4958.2	4970.8	16209	41315	0.0
2018-06-22	4938.8	5082.0	4924.8	5067.8	16040	41866	0.0
2018-06-25	5099.6	5114.2	4989.2	4989.2	13378	41341	0.0
2018-06-26	4967.8	5092.6	4960.8	5052.8	15917	42924	0.0
2018-06-27	5065.8	5108.2	4953.0	4958.4	16527	42772	0.0
2018-06-28	5000.4	5073.6	4945.0	4964.2	15993	43242	0.0
2018-06-29	5016.2	5165.0	4961.6	5146.2	17218	43641	0.0
2018-07-02	5153.8	5182.6	4994.2	5054.8	16936	43140	0.0
2018-07-03	5069.2	5137.8	4949.8	5102.2	18763	45007	0.0
2018-07-04	5098.8	5107.4	4999.0	5039.0	15692	44255	0.0
2018-07-05	5012.6	5039.0	4873.6	4874.2	19329	45597	0.0
2018-07-06	4911.4	4997.2	4808.2	4901.2	21163	45977	0.0
2018-07-09	4951.0	5041.4	4945.4	5039.2	15473	44602	0.0
2018-07-10	5048.6	5074.2	5000.0	5063.2	14770	44728	0.0
2018-07-11	4946.8	4993.8	4872.0	4955.6	18995	45306	0.0
2018-07-12	4985.6	5135.0	4983.6	5126.4	20882	45484	0.0
2018-07-13	5126.2	5148.8	5097.2	5133.8	14323	44398	0.0
2018-07-16	5134.4	5162.8	5090.2	5137.2	16985	45101	0.0
2018-07-17	5128.0	5135.2	5052.0	5121.4	19969	45379	0.0
2018-07-18	5141.6	5165.0	5078.8	5086.4	20448	44778	0.0
2018-07-19	5096.2	5112.2	5004.6	5037.4	21486	45482	0.0
2018-07-20	5036.0	5132.6	4997.2	5112.8	21900	44893	0.0
2018-07-23	5091.0	5177.6	5079.6	5166.0	15931	45516	0.0
2018-07-24	5185.6	5301.6	5175.0	5271.8	17692	45670	0.0
2018-07-25	5272.6	5307.0	5255.0	5273.0	12155	44216	0.0
2018-07-26	5273.4	5282.4	5216.6	5238.0	12868	44783	0.0
2018-07-27	5239.0	5252.2	5179.8	5205.8	13254	45005	0.0
2018-07-30	5195.2	5218.6	5112.2	5115.4	14186	45325	0.0
2018-07-31	5124.4	5176.0	5104.4	5128.6	12695	45219	0.0
2018-08-01	5167.8	5208.8	5023.2	5038.0	16925	45710	0.0
2018-08-02	5018.8	5023.4	4801.6	4909.6	20552	45960	0.0
2018-08-03	4902.6	4951.2	4834.6	4839.8	16464	44657	0.0
2018-08-06	4839.6	4870.0	4721.8	4764.8	18214	44959	0.0
2018-08-07	4797.2	4907.8	4729.8	4893.6	18510	44954	0.0
2018-08-08	4879.8	4884.6	4788.6	4814.0	16426	44899	0.0
2018-08-09	4803.4	4989.4	4796.2	4940.6	20086	45654	0.0
2018-08-10	4948.2	4984.8	4926.4	4972.2	13942	44478	0.0
2018-08-13	4935.4	5029.0	4888.2	5003.2	18977	45293	0.0
2018-08-14	4998.0	5006.2	4951.0	4988.6	18094	44293	0.0
2018-08-15	4976.2	4982.0	4842.2	4870.2	22141	46021	0.0
2018-08-16	4805.0	4892.8	4768.6	4807.2	23878	45620	0.0
2018-08-17	4870.0	4880.8	4684.4	4717.2	20598	43969	0.0
2018-08-20	4726.4	4774.4	4664.0	4761.8	16854	45132	0.0
2018-08-21	4756.2	4853.0	4739.2	4801.6	16549	45687	0.0
2018-08-22	4789.6	4805.0	4749.8	4782.2	13991	45012	0.0
2018-08-23	4777.0	4833.6	4722.2	4802.0	19223	46344	0.0
2018-08-24	4781.2	4820.6	4750.8	4783.0	15026	45003	0.0
2018-08-27	4811.0	4919.0	4795.8	4905.4	15766	45389	0.0
2018-08-28	4922.6	4930.6	4883.6	4908.8	12464	44351	0.0
2018-08-29	4902.8	4908.4	4854.6	4889.2	12711	45075	0.0
2018-08-30	4884.2	4892.8	4798.0	4817.0	14711	45974	0.0
2018-08-31	4794.6	4805.0	4729.2	4755.4	15826	46656	0.0
2018-09-03	4750.4	4791.2	4685.4	4789.8	15965	46892	0.0
2018-09-04	4787.6	4862.6	4767.4	4825.8	15901	47288	0.0
2018-09-05	4809.8	4835.4	4750.2	4752.0	14431	46665	0.0
2018-09-06	4736.0	4803.2	4707.0	4733.0	16158	47849	0.0
2018-09-07	4757.4	4830.2	4686.8	4728.8	19576	48728	0.0
2018-09-10	4730.0	4734.4	4635.8	4646.6	16251	48283	0.0
2018-09-11	4649.8	4692.6	4614.4	4654.0	16814	48105	0.0
2018-09-12	4657.2	4684.0	4614.6	4631.4	17276	48195	0.0
2018-09-13	4705.0	4710.0	4591.2	4669.6	20722	49117	0.0
2018-09-14	4666.2	4672.8	4606.0	4607.4	17184	48388	0.0
2018-09-17	4566.2	4576.0	4522.8	4549.0	18719	48543	0.0
2018-09-18	4551.4	4636.2	4523.0	4620.8	26140	49526	0.0
2018-09-19	4615.6	4718.4	4605.0	4667.6	25868	48247	0.0
2018-09-20	4672.0	4715.6	4669.2	4683.6	20409	47204	0.0
2018-09-21	4695.6	4808.6	4671.2	4808.6	24814	47054	0.0
2018-09-25	4767.2	4781.8	4724.8	4763.6	14223	46569	0.0
2018-09-26	4772.8	4817.8	4736.2	4767.8	17052	47460	0.0
2018-09-27	4765.8	4785.8	4716.8	4733.0	13521	47143	0.0
2018-09-28	4735.4	4795.0	4703.0	4791.4	16199	48106	0.0
2018-10-08	4696.4	4711.6	4613.2	4627.6	15794	47400	0.0
2018-10-09	4642.0	4663.8	4584.4	4602.2	15633	48572	0.0
2018-10-10	4618.2	4642.0	4554.0	4609.6	17597	49419	0.0
2018-10-11	4462.8	4476.0	4212.0	4229.0	23441	51279	0.0
2018-10-12	4251.6	4266.6	4107.8	4230.8	25753	51696	0.0
2018-10-15	4256.0	4289.2	4137.2	4141.4	23938	50997	0.0
2018-10-16	4163.0	4177.4	4027.6	4059.8	25682	51741	0.0
2018-10-17	4117.0	4119.6	3982.8	4075.8	29287	52194	0.0
2018-10-18	4044.4	4048.4	3966.4	3970.0	27320	52009	0.0
2018-10-19	3932.2	4091.8	3926.4	4060.8	27646	51299	0.0
2018-10-22	4181.8	4349.8	4169.0	4298.8	25385	52526	0.0
2018-10-23	4303.0	4324.0	4160.0	4194.0	21582	52259	0.0
2018-10-24	4203.8	4263.4	4154.0	4186.4	21485	52948	0.0
2018-10-25	4138.0	4206.2	4052.0	4204.2	23548	54484	0.0
2018-10-26	4232.0	4259.0	4148.8	4173.2	20346	53614	0.0
2018-10-29	4176.4	4192.8	4080.8	4126.2	18539	53789	0.0
2018-10-30	4122.2	4208.0	4038.2	4169.0	23442	55561	0.0
2018-10-31	4185.0	4282.6	4166.8	4231.4	22323	55403	0.0
2018-11-01	4298.4	4352.8	4255.8	4259.2	23049	56585	0.0
2018-11-02	4420.6	4425.0	4327.0	4416.0	27007	57053	0.0
2018-11-05	4399.8	4441.4	4331.2	4411.0	23273	55706	0.0
2018-11-06	4391.4	4423.2	4346.0	4417.2	19502	55165	0.0
2018-11-07	4412.2	4464.0	4365.4	4367.8	23939	56162	0.0
2018-11-08	4411.4	4413.2	4344.0	4348.6	20387	56037	0.0
2018-11-09	4324.6	4376.6	4324.0	4345.4	18223	55735	0.0
2018-11-12	4341.4	4472.2	4333.2	4464.4	21758	57031	0.0
2018-11-13	4428.4	4584.6	4424.2	4552.8	30185	58651	0.0
2018-11-14	4553.6	4592.6	4512.4	4530.2	27730	57216	0.0
2018-11-15	4532.8	4618.2	4530.4	4611.2	28564	57514	0.0
2018-11-16	4618.0	4700.2	4594.0	4639.0	27354	55606	0.0
2018-11-19	4650.0	4672.6	4584.8	4648.2	19742	56216	0.0
2018-11-20	4615.6	4623.2	4499.4	4507.2	24068	54925	0.0
2018-11-21	4461.2	4543.0	4437.6	4523.0	21432	55359	0.0
2018-11-22	4534.8	4560.4	4472.2	4509.6	19174	55131	0.0
2018-11-23	4501.4	4508.2	4314.4	4314.6	22391	55663	0.0
2018-11-26	4319.8	4356.6	4269.4	4300.4	20828	55254	0.0
2018-11-27	4324.6	4362.4	4292.0	4326.8	18858	55845	0.0
2018-11-28	4331.0	4401.2	4257.0	4380.8	23377	56228	0.0
2018-11-29	4421.4	4426.0	4279.2	4294.8	20771	55475	0.0
2018-11-30	4288.8	4339.8	4220.0	4309.4	22812	57155	0.0
2018-12-03	4477.0	4506.2	4405.6	4455.0	28382	58337	0.0
2018-12-04	4446.4	4509.8	4444.6	4496.8	28928	62605	0.0
2018-12-05	4427.2	4506.0	4425.4	4452.6	36576	65393	0.0
2018-12-06	4416.4	4441.4	4354.8	4369.8	35838	64457	0.0
2018-12-07	4385.4	4399.8	4362.8	4366.6	25097	62220	0.0
2018-12-10	4345.2	4364.4	4305.8	4315.6	26794	63844	0.0
2018-12-11	4334.4	4367.4	4316.6	4366.0	29686	64749	0.0
2018-12-12	4380.0	4381.2	4337.8	4347.6	31422	65713	0.0
2018-12-13	4359.6	4448.0	4332.6	4408.6	40362	68530	0.0
2018-12-14	4401.2	4408.2	4289.6	4303.2	35789	67372	0.0
2018-12-17	4303.6	4314.4	4245.2	4291.4	38029	68358	0.0
2018-12-18	4278.0	4312.2	4210.6	4262.6	46467	69133	0.0
2018-12-19	4266.4	4270.2	4194.4	4195.6	41016	67915	0.0
2018-12-20	4202.0	4233.0	4168.6	4217.4	48346	68957	0.0
2018-12-21	4209.0	4219.0	4143.2	4185.8	44391	66059	0.0
2018-12-24	4167.6	4245.2	4163.8	4234.6	32089	65631	0.0
2018-12-25	4177.0	4212.2	4065.8	4172.4	43886	71222	0.0
2018-12-26	4182.6	4206.0	4137.0	4166.0	29346	67288	0.0
2018-12-27	4225.2	4226.6	4104.4	4109.6	32220	68871	0.0
2018-12-28	4125.8	4159.0	4098.0	4098.4	33197	68531	0.0
2019-01-02	4114.4	4124.2	4063.4	4074.0	28986	68604	0.0
2019-01-03	4077.4	4143.6	4053.0	4062.0	33778	70656	0.0
2019-01-04	4043.2	4182.6	4033.2	4182.0	40169	72353	0.0
2019-01-07	4174.4	4265.6	4173.0	4242.4	38643	71866	0.0
2019-01-08	4238.0	4255.8	4219.8	4241.6	28539	71911	0.0
2019-01-09	4266.0	4332.8	4238.2	4244.6	42310	75169	0.0
2019-01-10	4240.2	4294.2	4235.2	4248.4	34963	74149	0.0
2019-01-11	4265.4	4290.0	4222.4	4282.4	38376	76055	0.0
2019-01-14	4294.0	4301.6	4244.8	4260.6	33110	74770	0.0
2019-01-15	4260.4	4334.0	4234.2	4327.8	46495	79499	0.0
2019-01-16	4321.2	4345.4	4299.6	4313.4	39245	76467	0.0
2019-01-17	4310.8	4324.0	4268.8	4277.6	49049	78314	0.0
2019-01-18	4292.2	4336.2	4266.6	4326.4	51528	77477	0.0
2019-01-21	4340.6	4390.0	4324.6	4346.8	35972	76498	0.0
2019-01-22	4340.6	4340.8	4256.2	4276.8	32358	75127	0.0
2019-01-23	4278.4	4300.8	4258.8	4283.4	29210	74102	0.0
2019-01-24	4284.8	4352.8	4255.2	4317.2	38408	79057	0.0
2019-01-25	4327.4	4348.2	4293.2	4294.8	35761	77592	0.0
2019-01-28	4328.4	4364.2	4272.2	4276.6	34623	78030	0.0
2019-01-29	4271.0	4273.2	4161.0	4225.2	43450	80172	0.0
2019-01-30	4200.0	4250.2	4181.8	4182.2	33779	77168	0.0
2019-01-31	4192.8	4226.0	4117.8	4163.8	41152	80320	0.0
2019-02-01	4191.0	4298.8	4181.6	4297.8	45477	79490	0.0
2019-02-11	4304.0	4397.6	4300.2	4392.6	37196	78317	0.0
2019-02-12	4393.0	4449.0	4392.4	4420.2	39828	79770	0.0
2019-02-13	4416.6	4523.2	4414.2	4499.8	47659	81046	0.0
2019-02-14	4497.8	4551.2	4484.4	4525.8	41173	77850	0.0
2019-02-15	4518.0	4540.4	4480.6	4489.8	41247	75426	0.0
2019-02-18	4537.0	4676.6	4536.8	4667.8	40535	78784	0.0
2019-02-19	4686.8	4710.0	4605.2	4650.8	51138	82345	0.0
2019-02-20	4664.0	4673.0	4609.0	4642.2	42651	81457	0.0
2019-02-21	4640.4	4748.6	4626.0	4650.0	55374	85881	0.0
2019-02-22	4647.6	4795.4	4639.2	4793.2	53494	84868	0.0
2019-02-25	4862.4	5131.2	4829.6	5122.6	72861	86829	0.0
2019-02-26	5091.4	5171.6	5027.6	5062.4	72311	87937	0.0
2019-02-27	5083.8	5105.2	4965.2	5010.8	65247	89095	0.0
2019-02-28	5022.4	5079.4	4995.8	5028.2	55311	85974	0.0
2019-03-01	5065.8	5078.2	4970.8	5071.2	64054	87276	0.0
2019-03-04	5107.8	5250.8	5089.0	5133.2	72266	88664	0.0
2019-03-05	5136.6	5291.4	5132.4	5286.2	67797	88004	0.0
2019-03-06	5311.6	5402.8	5233.4	5389.0	80130	92684	0.0
2019-03-07	5366.6	5517.0	5347.2	5427.4	83736	94217	0.0
2019-03-08	5312.6	5460.6	5249.4	5284.2	103890	98491	0.0
2019-03-11	5347.8	5451.4	5284.4	5438.8	84350	98381	0.0
2019-03-12	5491.4	5584.4	5449.2	5531.4	96063	100162	0.0
2019-03-13	5521.2	5525.6	5338.2	5382.2	108927	98589	0.0
2019-03-14	5366.0	5391.2	5229.0	5267.8	95375	97254	0.0
2019-03-15	5321.2	5411.4	5266.2	5318.4	99662	92171	0.0
2019-03-18	5342.6	5500.0	5292.2	5498.2	74486	91196	0.0
2019-03-19	5475.8	5517.8	5438.0	5469.0	65092	90501	0.0
2019-03-20	5465.0	5483.6	5332.0	5450.2	76216	93665	0.0
2019-03-21	5477.8	5603.4	5471.0	5520.2	86460	97073	0.0
2019-03-22	5541.6	5590.8	5450.0	5590.4	77708	95934	0.0
2019-03-25	5505.8	5572.6	5484.0	5494.6	77079	98824	0.0
2019-03-26	5533.0	5534.0	5321.6	5334.6	79239	99072	0.0
2019-03-27	5361.0	5389.2	5289.0	5367.6	73241	99402	0.0
2019-03-28	5347.2	5420.0	5289.0	5295.6	75972	100562	0.0
2019-03-29	5316.0	5530.8	5300.6	5511.6	86341	99348	0.0
2019-04-01	5581.6	5751.0	5581.6	5749.6	80578	100244	0.0
2019-04-02	5789.8	5809.4	5705.8	5730.0	70637	99862	0.0
2019-04-03	5711.6	5835.0	5711.0	5812.8	68841	99812	0.0
2019-04-04	5849.0	5880.4	5774.6	5866.8	73082	100447	0.0
2019-04-08	5908.0	5915.0	5720.4	5777.8	80565	100478	0.0
2019-04-09	5785.4	5838.4	5751.8	5813.2	69928	100307	0.0
2019-04-10	5784.8	5875.4	5726.2	5795.2	81692	102972	0.0
2019-04-11	5805.8	5813.0	5676.0	5694.2	74159	99645	0.0
2019-04-12	5699.6	5710.8	5627.6	5674.4	63863	99584	0.0
2019-04-15	5755.2	5777.6	5554.0	5567.2	85003	99615	0.0
2019-04-16	5551.2	5729.0	5514.4	5725.0	86596	99581	0.0
2019-04-17	5725.6	5786.8	5691.6	5729.6	80628	97076	0.0
2019-04-18	5725.4	5742.6	5683.0	5696.8	66768	93528	0.0
2019-04-19	5702.4	5752.8	5607.4	5748.4	83298	93365	0.0
2019-04-22	5738.2	5741.2	5602.6	5649.8	76197	93269	0.0
2019-04-23	5636.6	5643.4	5517.2	5525.6	82912	102107	0.0
2019-04-24	5547.0	5634.2	5483.4	5599.6	92307	103579	0.0
2019-04-25	5590.4	5598.2	5372.6	5385.2	94135	107224	0.0
2019-04-26	5389.6	5448.2	5348.2	5351.0	96978	107322	0.0
2019-04-29	5367.4	5368.0	5203.4	5233.2	112119	116709	0.0
2019-04-30	5250.6	5312.2	5197.4	5241.2	100910	110006	0.0
2019-05-06	5082.4	5083.8	4720.0	4775.2	126654	118623	0.0
2019-05-07	4837.4	4922.2	4800.6	4868.8	124661	116508	0.0
2019-05-08	4786.0	4963.6	4785.8	4832.4	114987	115128	0.0
2019-05-09	4810.0	4882.4	4772.8	4803.6	111459	117897	0.0
2019-05-10	4915.0	5005.2	4730.8	4973.0	150214	127105	0.0
2019-05-13	4927.6	4961.4	4858.0	4878.6	88366	114143	0.0
2019-05-14	4902.6	4929.0	4835.8	4873.2	117443	123462	0.0
2019-05-15	4916.6	4991.0	4888.8	4959.2	107729	114526	0.0
2019-05-16	4963.0	4991.6	4935.0	4981.4	92636	109849	0.0
2019-05-17	4994.6	5003.6	4770.4	4790.2	117684	111403	0.0
2019-05-20	4809.2	4809.2	4695.2	4790.0	95726	109213	0.0
2019-05-21	4804.2	4929.8	4791.6	4868.0	100378	111603	0.0
2019-05-22	4872.2	4886.0	4788.6	4851.0	88261	111016	0.0
2019-05-23	4826.2	4835.0	4723.8	4747.2	90291	115196	0.0
2019-05-24	4770.4	4776.4	4711.8	4733.4	87153	115550	0.0
2019-05-27	4746.0	4892.4	4711.2	4863.0	99610	117831	0.0
2019-05-28	4869.8	4899.6	4828.0	4845.8	81993	113999	0.0
2019-05-29	4835.2	4883.4	4813.0	4822.6	82880	116779	0.0
2019-05-30	4819.8	4822.6	4716.6	4822.4	96777	120050	0.0
2019-05-31	4815.0	4870.8	4740.4	4755.0	96791	117594	0.0
2019-06-03	4807.8	4830.8	4685.8	4735.2	100633	123144	0.0
2019-06-04	4726.6	4741.4	4657.8	4690.4	81751	120887	0.0
2019-06-05	4724.2	4730.8	4662.0	4662.6	84502	122033	0.0
2019-06-06	4654.2	4659.2	4547.6	4551.0	98296	127717	0.0
2019-06-10	4565.4	4648.2	4540.6	4591.6	100523	124907	0.0
2019-06-11	4606.8	4816.4	4605.8	4813.4	120109	129925	0.0
2019-06-12	4804.4	4809.6	4722.4	4739.0	95618	125327	0.0
2019-06-13	4732.8	4773.6	4699.6	4753.8	101267	129554	0.0
2019-06-14	4766.0	4769.6	4652.0	4676.8	89111	127617	0.0
2019-06-17	4669.2	4719.0	4660.4	4689.0	89917	127428	0.0
2019-06-18	4693.8	4707.8	4642.0	4681.4	97176	129875	0.0
2019-06-19	4839.2	4839.8	4743.4	4747.8	122553	132298	0.0
2019-06-20	4747.0	4920.2	4733.6	4857.6	143176	137222	0.0
2019-06-21	4942.8	4990.6	4907.6	4926.2	125646	129566	0.0
2019-06-24	4920.2	4948.4	4891.2	4926.4	68017	122696	0.0
2019-06-25	4914.2	4917.8	4791.4	4870.4	94078	127459	0.0
2019-06-26	4849.0	4895.6	4834.4	4860.6	68609	119101	0.0
2019-06-27	4874.8	4948.8	4869.0	4902.2	94338	129107	0.0
2019-06-28	4887.8	4891.2	4811.2	4863.8	83152	124760	0.0
2019-07-01	4945.8	5020.6	4918.2	4994.8	97303	129860	0.0
2019-07-02	4979.0	4997.6	4956.0	4973.6	64372	124978	0.0
2019-07-03	4950.2	4954.2	4919.6	4944.6	66806	125676	0.0
2019-07-04	4959.8	4976.6	4890.6	4925.0	73642	126665	0.0
2019-07-05	4919.4	4966.8	4904.8	4956.4	65913	124793	0.0
2019-07-08	4928.8	4930.2	4740.6	4752.8	95847	135916	0.0
2019-07-09	4762.6	4785.0	4729.2	4753.6	66567	126608	0.0
2019-07-10	4769.6	4772.4	4721.0	4738.8	61515	129342	0.0
2019-07-11	4752.8	4808.8	4700.0	4732.6	88043	136099	0.0
2019-07-12	4731.6	4781.2	4720.4	4770.2	81803	129913	0.0
2019-07-15	4728.8	4872.0	4670.4	4831.2	120468	147633	0.0
2019-07-16	4838.8	4856.0	4813.4	4839.6	75922	133781	0.0
2019-07-17	4825.8	4860.0	4817.8	4822.8	89214	133434	0.0
2019-07-18	4788.0	4804.2	4743.6	4745.4	95678	131253	0.0
2019-07-19	4761.8	4834.6	4760.8	4769.8	97689	130249	0.0
2019-07-22	4762.2	4766.4	4650.2	4682.2	89193	135810	0.0
2019-07-23	4685.0	4734.2	4684.0	4723.8	65554	129458	0.0
2019-07-24	4764.4	4812.4	4757.2	4768.2	81254	134623	0.0
2019-07-25	4769.0	4806.4	4763.0	4795.0	66627	131527	0.0
2019-07-26	4781.6	4811.8	4757.8	4804.6	66819	134010	0.0
2019-07-29	4795.6	4820.6	4757.0	4786.4	60353	128956	0.0
2019-07-30	4792.8	4870.0	4792.6	4824.8	83122	140838	0.0
2019-07-31	4809.4	4830.8	4796.4	4815.0	63200	134422	0.0
2019-08-01	4786.6	4813.4	4757.4	4781.8	68035	137569	0.0
2019-08-02	4679.2	4723.0	4671.4	4719.2	73674	135957	0.0
2019-08-05	4704.4	4739.8	4659.8	4666.2	77048	138572	0.0
2019-08-06	4596.6	4612.8	4484.0	4568.6	108347	152513	0.0
2019-08-07	4583.8	4591.8	4529.6	4530.8	69788	143012	0.0
2019-08-08	4562.0	4573.8	4538.2	4550.6	67837	141311	0.0
2019-08-09	4572.0	4586.6	4487.2	4501.0	80603	143664	0.0
2019-08-12	4513.2	4595.4	4497.4	4591.4	88640	141850	0.0
2019-08-13	4564.8	4573.4	4533.4	4565.2	72429	138073	0.0
2019-08-14	4622.0	4651.2	4587.6	4591.4	84386	139811	0.0
2019-08-15	4520.0	4633.0	4512.8	4620.2	106317	144356	0.0
2019-08-16	4628.0	4665.4	4615.6	4620.8	93330	134294	0.0
2019-08-19	4687.2	4813.6	4672.0	4813.2	98031	146540	0.0
2019-08-20	4807.4	4849.2	4785.0	4789.4	79112	139571	0.0
2019-08-21	4784.4	4815.4	4775.2	4799.6	59598	139635	0.0
2019-08-22	4803.0	4804.8	4757.6	4792.4	69991	141885	0.0
2019-08-23	4799.0	4823.4	4767.0	4797.2	77814	142821	0.0
2019-08-26	4737.2	4779.2	4728.0	4767.4	82871	144793	0.0
2019-08-27	4793.4	4915.8	4792.4	4828.4	104890	151479	0.0
2019-08-28	4839.6	4861.4	4822.4	4837.2	60790	145030	0.0
2019-08-29	4845.2	4868.2	4817.2	4841.8	70407	143599	0.0
2019-08-30	4879.8	4896.8	4764.6	4808.8	90625	150052	0.0
2019-09-02	4805.2	4957.0	4804.4	4927.8	103466	155498	0.0
2019-09-03	4945.4	4956.6	4913.0	4950.8	69649	147842	0.0
2019-09-04	4950.8	5046.0	4938.2	5046.0	100197	158506	0.0
2019-09-05	5094.0	5165.2	5069.0	5078.8	128944	167144	0.0
2019-09-06	5097.6	5122.0	5059.8	5103.8	85935	158323	0.0
2019-09-09	5119.4	5202.6	5108.2	5201.0	97227	162871	0.0
2019-09-10	5197.6	5206.8	5143.2	5185.8	89606	157676	0.0
2019-09-11	5197.4	5223.0	5142.8	5168.2	104731	163253	0.0
2019-09-12	5184.2	5217.6	5142.2	5192.4	91617	154481	0.0
2019-09-16	5181.6	5227.4	5155.4	5180.6	101917	161382	0.0
2019-09-17	5158.2	5165.6	5055.0	5067.0	110346	155242	0.0
2019-09-18	5087.8	5093.2	5059.4	5064.0	86609	148956	0.0
2019-09-19	5072.4	5109.2	5047.6	5107.6	103818	150905	0.0
2019-09-20	5117.2	5140.8	5092.8	5099.4	100449	144177	0.0
2019-09-23	5063.8	5097.4	5023.8	5089.6	86268	149415	0.0
2019-09-24	5089.2	5175.0	5069.8	5075.6	105606	156962	0.0
2019-09-25	5053.4	5055.0	4994.8	4996.6	91588	151875	0.0
2019-09-26	5019.0	5022.6	4901.6	4904.4	98759	157426	0.0
2019-09-27	4914.6	4962.2	4911.4	4929.6	77574	150289	0.0
2019-09-30	4937.0	4952.8	4836.6	4838.6	80725	152601	0.0
2019-10-08	4879.2	4924.4	4861.4	4865.4	76050	151704	0.0
2019-10-09	4839.2	4919.6	4831.0	4905.6	84155	157547	0.0
2019-10-10	4902.8	4973.6	4902.8	4965.4	86843	154462	0.0
2019-10-11	4975.8	5004.8	4928.8	4998.0	90910	156348	0.0
2019-10-14	5030.4	5092.6	5021.2	5043.4	108257	158634	0.0
2019-10-15	5032.6	5034.4	4981.8	4988.8	82931	152743	0.0
2019-10-16	5010.0	5023.0	4950.8	4950.8	98555	156945	0.0
2019-10-17	4957.4	4974.4	4917.6	4936.8	94573	151741	0.0
2019-10-18	4947.6	4973.2	4825.4	4849.2	108159	155774	0.0
2019-10-21	4845.8	4863.0	4798.6	4856.4	71565	150909	0.0
2019-10-22	4861.8	4929.0	4853.4	4909.6	89089	158280	0.0
2019-10-23	4912.8	4921.4	4847.0	4876.2	71692	151833	0.0
2019-10-24	4868.0	4886.4	4828.2	4879.0	81544	158969	0.0
2019-10-25	4862.2	4932.0	4826.2	4927.6	90916	159982	0.0
2019-10-28	4998.6	5003.4	4950.2	4998.4	88973	159538	0.0
2019-10-29	4981.0	4983.2	4931.2	4932.2	68831	154688	0.0
2019-10-30	4905.4	4911.8	4863.0	4870.2	78374	161487	0.0
2019-10-31	4881.6	4895.4	4834.0	4846.6	73242	158990	0.0
2019-11-01	4827.0	4902.4	4820.6	4899.6	82663	160879	0.0
2019-11-04	4914.4	4946.0	4897.0	4905.8	75719	159284	0.0
2019-11-05	4917.8	4976.8	4890.6	4946.4	91420	161982	0.0
2019-11-06	4939.2	4956.4	4868.0	4900.2	82444	158543	0.0
2019-11-07	4890.0	4954.0	4888.6	4933.4	102054	165002	0.0
2019-11-08	4979.8	4987.6	4908.4	4913.0	100409	161641	0.0
2019-11-11	4872.0	4873.6	4793.2	4798.2	87777	161124	0.0
2019-11-12	4811.8	4818.8	4746.4	4800.2	94204	165223	0.0
2019-11-13	4791.4	4804.0	4767.2	4798.6	82799	159589	0.0
2019-11-14	4795.2	4829.2	4780.2	4808.4	96364	161827	0.0
2019-11-15	4813.2	4845.4	4770.2	4779.4	104282	157666	0.0
2019-11-18	4768.8	4822.6	4763.8	4810.8	78791	157668	0.0
2019-11-19	4812.8	4903.2	4810.4	4898.8	82599	160360	0.0
2019-11-20	4893.0	4908.8	4851.8	4854.8	72858	159057	0.0
2019-11-21	4835.6	4885.0	4830.6	4870.6	77809	163193	0.0
2019-11-22	4880.8	4954.8	4787.6	4808.8	121332	177650	0.0
2019-11-25	4819.0	4836.8	4774.0	4827.8	80036	163904	0.0
2019-11-26	4844.6	4852.0	4795.0	4804.2	79328	165654	0.0
2019-11-27	4799.2	4868.4	4789.4	4831.4	94270	167338	0.0
2019-11-28	4821.0	4848.8	4807.8	4826.6	75653	163526	0.0
2019-11-29	4821.2	4844.4	4773.2	4831.2	92039	169894	0.0
2019-12-02	4847.4	4871.6	4819.6	4845.4	77907	162511	0.0
2019-12-03	4829.8	4874.8	4800.4	4874.4	85899	170344	0.0
2019-12-04	4861.8	4881.6	4836.0	4860.0	83962	166685	0.0
2019-12-05	4876.0	4926.4	4862.4	4909.0	91983	172478	0.0
2019-12-06	4906.4	4967.8	4898.2	4966.6	85193	170954	0.0
2019-12-09	4977.8	5000.4	4957.0	4978.6	84302	171836	0.0
2019-12-10	4961.4	5024.4	4955.6	5012.8	87936	174008	0.0
2019-12-11	5009.6	5019.8	4969.6	4988.6	85634	170981	0.0
2019-12-12	4987.2	5010.4	4973.2	4975.0	77562	171143	0.0
2019-12-13	5028.6	5062.2	4994.4	5050.4	101052	177290	0.0
2019-12-16	5048.8	5127.2	5041.2	5118.6	98161	175366	0.0
2019-12-17	5122.4	5234.4	5115.8	5204.6	115982	178705	0.0
2019-12-18	5214.8	5255.0	5188.2	5215.4	111010	177412	0.0
2019-12-19	5212.8	5232.8	5189.2	5222.0	94988	171163	0.0
2019-12-20	5235.8	5243.2	5175.0	5183.6	108966	169072	0.0
2019-12-23	5161.4	5184.6	5029.4	5031.2	110785	172571	0.0
2019-12-24	5048.4	5118.2	5043.8	5099.4	79412	165201	0.0
2019-12-25	5105.6	5147.4	5083.4	5132.6	93426	169969	0.0
2019-12-26	5137.8	5168.2	5099.8	5167.0	91280	167352	0.0
2019-12-27	5177.8	5205.0	5125.0	5125.6	101243	170618	0.0
2019-12-30	5099.4	5225.6	5074.6	5216.2	107890	171653	0.0
2019-12-31	5221.0	5244.8	5188.4	5235.8	82370	166264	0.0
2020-01-02	5276.6	5356.6	5253.4	5335.0	97640	169951	0.0
2020-01-03	5350.6	5372.2	5330.2	5349.4	78878	165064	0.0
2020-01-06	5339.8	5467.6	5338.6	5408.8	114538	179266	0.0
2020-01-07	5442.2	5481.6	5411.4	5476.6	96886	169773	0.0
2020-01-08	5451.6	5479.6	5379.0	5408.0	116448	178805	0.0
2020-01-09	5467.6	5474.2	5420.8	5465.8	103744	170381	0.0
2020-01-10	5482.2	5483.8	5413.6	5436.6	97294	173472	0.0
2020-01-13	5441.8	5542.8	5399.8	5542.8	117018	178627	0.0
2020-01-14	5561.0	5564.4	5508.4	5511.2	95851	170071	0.0
2020-01-15	5503.0	5520.0	5455.6	5498.0	106405	173928	0.0
2020-01-16	5509.4	5525.0	5487.2	5514.4	100092	169188	0.0
2020-01-17	5529.6	5536.6	5463.4	5476.8	117677	174902	0.0
2020-01-20	5489.2	5570.4	5469.6	5570.2	91751	169155	0.0
2020-01-21	5551.0	5554.0	5463.0	5484.6	105623	175241	0.0
2020-01-22	5428.0	5572.0	5383.4	5548.4	125458	180528	0.0
2020-01-23	5483.4	5510.4	5265.4	5304.6	152178	184050	0.0
2020-02-03	4830.2	4857.8	4768.8	4769.0	93722	162126	0.0
2020-02-04	4876.2	4954.4	4827.8	4914.8	135128	183325	0.0
2020-02-05	4968.2	5086.8	4951.0	5018.0	139506	173352	0.0
2020-02-06	5011.8	5216.0	4999.8	5196.6	150949	185479	0.0
2020-02-07	5170.2	5241.2	5139.2	5240.0	137111	178333	0.0
2020-02-10	5215.4	5356.4	5195.0	5259.2	119990	178758	0.0
2020-02-11	5282.8	5287.8	5223.0	5254.8	111478	177362	0.0
2020-02-12	5253.8	5368.0	5253.2	5368.0	121514	184131	0.0
2020-02-13	5368.0	5384.2	5307.0	5326.0	127027	184610	0.0
2020-02-14	5334.6	5393.8	5304.6	5347.8	128129	184227	0.0
2020-02-17	5394.6	5559.0	5391.4	5556.0	135620	184339	0.0
2020-02-18	5562.8	5595.8	5506.8	5568.4	145492	187472	0.0
2020-02-19	5565.4	5594.0	5528.8	5541.8	125260	180620	0.0
2020-02-20	5562.8	5662.0	5511.4	5633.4	157626	192154	0.0
2020-02-21	5644.6	5754.2	5640.0	5730.8	159652	181631	0.0
2020-02-24	5725.2	5800.6	5656.4	5757.4	146713	187361	0.0
2020-02-25	5729.6	5820.8	5571.2	5807.4	203357	204618	0.0
2020-02-26	5742.4	5766.4	5635.8	5666.0	204206	199052	0.0
2020-02-27	5699.4	5714.8	5620.0	5659.6	162802	197389	0.0
2020-02-28	5516.2	5555.0	5313.0	5327.8	218845	203273	0.0
2020-03-02	5445.2	5598.4	5416.2	5542.0	181765	193958	0.0
2020-03-03	5657.2	5725.0	5538.8	5560.6	179794	194557	0.0
2020-03-04	5582.4	5615.0	5478.4	5596.0	157430	192520	0.0
2020-03-05	5678.0	5697.0	5589.4	5662.4	166969	193709	0.0
2020-03-06	5622.8	5652.6	5589.0	5609.8	140347	189998	0.0
2020-03-09	5511.0	5529.0	5352.6	5380.0	175064	198977	0.0
2020-03-10	5486.8	5572.4	5327.0	5563.6	213847	205734	0.0
2020-03-11	5553.2	5579.8	5443.4	5443.4	158059	194168	0.0
2020-03-12	5392.2	5408.8	5295.8	5395.4	169518	202575	0.0
2020-03-13	5159.8	5410.4	5102.6	5368.8	223362	210937	0.0
2020-03-16	5345.6	5349.2	5045.6	5059.6	190416	199416	0.0
2020-03-17	5143.8	5160.2	4962.4	5072.2	212147	204660	0.0
2020-03-18	5109.2	5208.6	4954.4	4963.0	218015	205543	0.0
2020-03-19	5008.4	5069.0	4880.6	5030.4	238473	206348	0.0
2020-03-20	5080.6	5107.6	4986.4	5082.0	191920	188656	0.0
2020-03-23	4940.2	4990.0	4852.8	4885.0	166665	189794	0.0
2020-03-24	4960.6	5007.4	4854.4	4953.2	185248	201754	0.0
2020-03-25	5052.2	5095.0	5014.8	5063.2	152591	188070	0.0
2020-03-26	5033.0	5067.6	4995.6	5004.2	133473	187903	0.0
2020-03-27	5054.0	5084.8	4976.0	4976.0	158456	195248	0.0
2020-03-30	4905.8	4947.4	4830.0	4898.6	152257	195874	0.0
2020-03-31	4952.6	4961.6	4873.6	4884.0	133185	193149	0.0
2020-04-01	4889.8	4980.0	4862.6	4877.0	150892	200765	0.0
2020-04-02	4885.4	5056.8	4884.4	5054.0	161194	200876	0.0
2020-04-03	5035.0	5035.6	4950.8	4983.2	130612	189261	0.0
2020-04-07	5088.2	5157.2	5087.6	5134.0	129912	190314	0.0
2020-04-08	5118.0	5165.0	5108.6	5145.6	112051	184037	0.0
2020-04-09	5179.8	5208.4	5161.4	5187.0	117004	188483	0.0
2020-04-10	5184.0	5184.8	5077.6	5110.0	136113	192875	0.0
2020-04-13	5061.8	5087.8	5035.4	5051.8	113651	187805	0.0
2020-04-14	5092.8	5172.8	5085.6	5167.2	131356	190886	0.0
2020-04-15	5177.4	5192.4	5142.0	5144.6	120043	183724	0.0
2020-04-16	5133.8	5209.8	5123.4	5188.6	160837	197485	0.0
2020-04-17	5255.0	5267.8	5165.6	5179.8	159022	185313	0.0
2020-04-20	5196.0	5224.0	5180.8	5216.4	100267	181729	0.0
2020-04-21	5199.8	5199.8	5094.6	5171.0	127185	191367	0.0
2020-04-22	5139.0	5228.0	5121.8	5227.8	124168	188622	0.0
2020-04-23	5230.0	5236.0	5169.6	5191.6	112486	188378	0.0
2020-04-24	5172.0	5185.4	5103.4	5130.8	115295	190237	0.0
2020-04-27	5140.6	5170.2	5107.8	5121.4	107457	189667	0.0
2020-04-28	5122.2	5126.2	4984.0	5081.0	149067	207451	0.0
2020-04-29	5086.2	5130.6	5080.2	5103.2	107314	190395	0.0
2020-04-30	5155.4	5262.8	5150.2	5249.0	131028	194686	0.0
2020-05-06	5231.0	5341.4	5221.6	5324.2	120325	190332	0.0
2020-05-07	5335.4	5341.8	5284.0	5309.4	107079	188912	0.0
2020-05-08	5345.4	5409.0	5334.0	5382.8	126200	194725	0.0
2020-05-11	5413.0	5435.4	5344.2	5363.4	118148	189800	0.0
2020-05-12	5367.2	5389.2	5317.6	5374.4	124299	192156	0.0
2020-05-13	5361.0	5402.2	5346.4	5391.8	113034	184971	0.0
2020-05-14	5373.4	5376.8	5333.4	5354.0	129152	184076	0.0
2020-05-15	5376.4	5401.0	5334.0	5334.0	138830	178326	0.0
2020-05-18	5348.0	5374.4	5301.8	5320.8	118999	182095	0.0
2020-05-19	5364.0	5391.0	5344.6	5379.8	103696	174443	0.0
2020-05-20	5377.2	5380.8	5316.2	5334.8	92505	174751	0.0
2020-05-21	5343.0	5347.0	5265.0	5270.6	102156	182706	0.0
2020-05-22	5262.2	5280.0	5176.4	5194.6	125778	188634	0.0
2020-05-25	5201.8	5221.6	5161.6	5181.0	98197	182384	0.0
2020-05-26	5212.4	5276.4	5205.6	5267.0	100912	183147	0.0
2020-05-27	5262.8	5265.2	5200.6	5224.0	100413	182784	0.0
2020-05-28	5217.0	5248.6	5144.0	5206.0	122301	193284	0.0
2020-05-29	5183.4	5262.6	5182.8	5238.4	106121	187617	0.0
2020-06-01	5333.8	5444.4	5328.0	5440.0	129569	194387	0.0
2020-06-02	5455.4	5463.0	5407.0	5435.6	93918	183043	0.0
2020-06-03	5456.4	5474.4	5419.6	5423.2	100012	187605	0.0
2020-06-04	5440.6	5448.4	5393.2	5424.0	89357	182340	0.0
2020-06-05	5437.2	5443.2	5390.4	5442.2	96341	185435	0.0
2020-06-08	5481.8	5487.0	5405.6	5419.2	93294	181154	0.0
2020-06-09	5421.8	5461.8	5407.4	5450.2	106276	191618	0.0
2020-06-10	5446.0	5448.4	5407.8	5441.2	92417	181252	0.0
2020-06-11	5435.4	5510.0	5398.6	5436.6	149030	206903	0.0
2020-06-12	5382.0	5481.8	5381.4	5456.0	146939	196874	0.0
2020-06-15	5455.0	5492.4	5419.6	5420.6	141380	198902	0.0
2020-06-16	5484.6	5534.2	5470.4	5534.0	131050	192366	0.0
2020-06-17	5528.0	5545.8	5496.4	5541.0	113860	188476	0.0
2020-06-18	5538.6	5558.2	5514.0	5558.0	132237	190432	0.0
2020-06-19	5554.8	5643.8	5549.8	5613.6	143002	188062	0.0
2020-06-22	5638.6	5671.8	5613.8	5618.0	103485	186565	0.0
2020-06-23	5606.8	5645.2	5576.0	5637.6	99718	187775	0.0
2020-06-24	5658.4	5663.6	5602.6	5644.0	85017	182409	0.0
2020-06-29	5632.4	5633.6	5566.6	5608.8	92194	186209	0.0
2020-06-30	5637.8	5735.8	5636.2	5702.8	122406	195594	0.0
2020-07-01	5725.4	5731.2	5660.6	5725.4	118266	190401	0.0
2020-07-02	5731.2	5884.8	5711.0	5869.0	139196	199854	0.0
2020-07-03	5902.6	5962.4	5889.8	5955.0	140344	191491	0.0
2020-07-06	6022.0	6358.8	6021.6	6262.8	176354	197836	0.0
2020-07-07	6351.2	6470.0	6326.4	6355.2	168376	198862	0.0
2020-07-08	6403.0	6487.0	6314.4	6454.6	142959	196739	0.0
2020-07-09	6465.6	6653.6	6463.8	6650.2	156276	204232	0.0
2020-07-10	6612.8	6701.8	6561.6	6623.8	167483	205351	0.0
2020-07-13	6700.2	6821.6	6648.2	6817.0	158876	201865	0.0
2020-07-14	6782.4	6802.4	6551.8	6692.6	208039	214591	0.0
2020-07-15	6749.8	6751.6	6491.2	6546.6	216713	211664	0.0
2020-07-16	6577.0	6640.8	6136.6	6210.6	258994	219477	0.0
2020-07-17	6245.8	6342.8	6183.2	6238.0	206248	213098	0.0
2020-07-20	6301.2	6380.4	6220.2	6370.0	165086	199084	0.0
2020-07-21	6400.4	6451.8	6348.6	6406.6	146842	202748	0.0
2020-07-22	6389.8	6592.0	6366.0	6455.8	181725	208805	0.0
2020-07-23	6449.2	6504.0	6278.6	6468.4	180383	207637	0.0
2020-07-24	6442.6	6443.8	6087.0	6121.6	203980	218611	0.0
2020-07-27	6175.0	6203.6	6074.6	6123.4	151940	207475	0.0
2020-07-28	6207.8	6230.0	6113.0	6165.2	143145	208744	0.0
2020-07-29	6168.0	6415.6	6156.6	6415.2	168264	214900	0.0
2020-07-30	6444.0	6450.2	6336.4	6365.4	141795	209900	0.0
2020-07-31	6391.8	6516.0	6276.0	6432.2	194204	228153	0.0
2020-08-03	6539.4	6591.2	6475.0	6578.6	157767	214193	0.0
2020-08-04	6588.2	6602.4	6499.0	6542.4	138194	211228	0.0
2020-08-05	6546.0	6628.0	6477.0	6585.2	154306	219709	0.0
2020-08-06	6634.4	6635.8	6434.4	6594.0	183686	223739	0.0
2020-08-07	6510.0	6552.6	6360.4	6512.4	182733	222934	0.0
2020-08-10	6475.0	6602.4	6441.0	6556.0	163291	218359	0.0
2020-08-11	6576.2	6602.0	6383.0	6413.4	155159	219533	0.0
2020-08-12	6405.2	6408.8	6210.6	6339.2	176419	227353	0.0
2020-08-13	6378.0	6397.6	6316.8	6356.4	145507	216740	0.0
2020-08-14	6345.0	6513.8	6338.4	6510.6	170902	223962	0.0
2020-08-17	6510.0	6610.2	6462.0	6588.2	161449	212236	0.0
2020-08-18	6603.8	6653.6	6590.4	6613.6	130281	209851	0.0
2020-08-19	6607.0	6613.8	6470.6	6479.2	153547	214335	0.0
2020-08-20	6428.2	6505.8	6394.2	6424.8	167621	217077	0.0
2020-08-21	6475.6	6522.4	6385.2	6430.0	170984	204634	0.0
2020-08-24	6448.4	6496.6	6376.8	6444.8	137515	201061	0.0
2020-08-25	6464.8	6542.4	6398.4	6424.4	135237	205904	0.0
2020-08-26	6424.0	6450.4	6294.4	6338.4	132179	209081	0.0
2020-08-27	6353.0	6410.4	6312.2	6407.2	125477	206899	0.0
2020-08-28	6389.6	6562.8	6351.4	6562.0	157461	216637	0.0
2020-08-31	6599.4	6620.2	6483.0	6483.2	136183	209253	0.0
2020-09-01	6498.2	6555.2	6475.8	6549.8	113579	207975	0.0
2020-09-02	6567.8	6569.0	6443.2	6509.8	143435	212949	0.0
2020-09-03	6502.8	6535.8	6436.8	6485.2	137457	211053	0.0
2020-09-04	6406.6	6475.2	6371.2	6463.8	134465	214644	0.0
2020-09-07	6473.2	6513.2	6287.2	6306.6	148894	222354	0.0
2020-09-08	6332.4	6401.8	6285.8	6374.8	140113	221174	0.0
2020-09-09	6320.4	6330.4	6150.0	6207.0	169671	233876	0.0
2020-09-10	6252.4	6263.4	6076.6	6103.6	167172	232623	0.0
2020-09-11	6113.2	6178.2	6081.0	6156.0	152235	232434	0.0
2020-09-14	6198.6	6222.8	6121.4	6189.8	148269	225471	0.0
2020-09-15	6185.6	6215.0	6155.4	6204.8	138872	221833	0.0
2020-09-16	6194.6	6203.2	6129.6	6172.0	131527	219960	0.0
2020-09-17	6148.2	6245.2	6096.6	6187.0	182035	233748	0.0
2020-09-18	6203.6	6321.2	6163.8	6316.4	172073	215480	0.0
2020-09-21	6334.0	6340.6	6228.4	6248.8	119241	216905	0.0
2020-09-22	6218.0	6294.2	6137.4	6168.8	130648	224370	0.0
2020-09-23	6192.2	6223.8	6158.2	6199.0	104295	216849	0.0
2020-09-24	6160.2	6171.6	6015.0	6070.2	143852	234496	0.0
2020-09-25	6100.8	6117.4	6043.8	6093.8	119049	226347	0.0
2020-09-28	6104.8	6109.2	6032.4	6051.4	118415	226876	0.0
2020-09-29	6087.4	6165.4	6061.6	6104.4	140398	226854	0.0
2020-09-30	6120.0	6135.0	5982.2	6042.0	132935	218741	0.0
2020-10-09	6173.8	6243.4	6172.0	6204.8	116696	217043	0.0
2020-10-12	6280.8	6415.4	6277.4	6415.0	133020	220423	0.0
2020-10-13	6389.6	6418.2	6340.4	6407.6	118363	213375	0.0
2020-10-14	6390.0	6403.2	6353.0	6377.6	98878	208665	0.0
2020-10-15	6372.2	6377.2	6315.8	6329.4	122493	213120	0.0
2020-10-16	6326.6	6345.4	6236.6	6287.4	135333	220967	0.0
2020-10-19	6334.0	6364.2	6158.0	6199.8	143892	226023	0.0
2020-10-20	6191.6	6270.4	6174.0	6266.8	95492	218601	0.0
2020-10-21	6261.8	6262.0	6145.6	6204.2	119906	226539	0.0
2020-10-22	6168.4	6193.8	6106.4	6174.8	111590	223774	0.0
2020-10-23	6186.2	6231.0	6073.8	6090.4	119257	230571	0.0
2020-10-26	6038.4	6121.4	5993.0	6097.0	122026	234329	0.0
2020-10-27	6095.6	6109.2	6050.0	6090.6	95537	224968	0.0
2020-10-28	6092.6	6138.0	6031.6	6130.4	117349	234200	0.0
2020-10-29	6082.8	6180.2	6074.6	6146.4	128659	228905	0.0
2020-10-30	6147.8	6157.2	5983.6	5989.0	140577	240494	0.0
2020-11-02	6008.4	6062.2	5997.2	6029.0	115071	232392	0.0
2020-11-03	6053.6	6146.2	6042.8	6120.8	124714	234580	0.0
2020-11-04	6118.2	6149.4	6050.6	6109.6	129808	237250	0.0
2020-11-05	6177.4	6245.4	6133.0	6234.0	146352	236250	0.0
2020-11-06	6221.4	6221.8	6119.4	6189.8	133141	236831	0.0
2020-11-09	6252.6	6351.8	6250.4	6283.0	141316	236960	0.0
2020-11-10	6278.4	6283.4	6190.6	6231.8	128445	235255	0.0
2020-11-11	6230.0	6251.2	6154.0	6156.2	108024	230877	0.0
2020-11-12	6186.2	6209.2	6146.8	6173.0	103458	232855	0.0
2020-11-13	6137.4	6180.8	6090.6	6175.2	140678	246543	0.0
2020-11-16	6188.4	6236.6	6162.4	6235.6	115935	234417	0.0
2020-11-17	6210.8	6214.0	6162.4	6203.0	109334	232507	0.0
2020-11-18	6205.8	6261.2	6180.6	6204.2	134790	234119	0.0
2020-11-19	6186.8	6250.8	6159.8	6245.0	130655	229087	0.0
2020-11-20	6251.6	6310.4	6247.0	6294.0	113426	221858	0.0
2020-11-23	6294.6	6417.0	6258.2	6356.6	122094	228635	0.0
2020-11-24	6363.0	6381.0	6332.2	6342.0	81505	220508	0.0
2020-11-25	6357.2	6363.6	6234.4	6248.4	110476	229182	0.0
2020-11-26	6249.0	6254.2	6192.6	6240.0	100242	227160	0.0
2020-11-27	6241.2	6271.0	6160.4	6268.8	108111	230997	0.0
2020-11-30	6270.8	6324.2	6193.8	6216.4	134198	237107	0.0
2020-12-01	6221.2	6358.4	6214.8	6329.0	124927	237712	0.0
2020-12-02	6326.8	6345.0	6281.2	6315.6	105987	226847	0.0
2020-12-03	6315.6	6348.8	6260.6	6335.0	108626	230666	0.0
2020-12-04	6314.6	6354.2	6273.6	6353.0	98248	225493	0.0
2020-12-07	6352.4	6360.6	6269.4	6290.4	102300	228855	0.0
2020-12-08	6300.4	6326.4	6279.0	6289.6	94755	224305	0.0
2020-12-09	6299.6	6307.8	6187.2	6197.8	114133	234914	0.0
2020-12-10	6173.8	6223.4	6151.6	6202.2	106059	230803	0.0
2020-12-11	6221.6	6230.6	6045.8	6088.0	132192	246902	0.0
2020-12-14	6088.2	6134.2	6059.2	6131.4	103983	232579	0.0
2020-12-15	6110.0	6141.8	6091.2	6128.8	95330	226640	0.0
2020-12-16	6126.2	6136.2	6079.6	6104.6	111312	227558	0.0
2020-12-17	6096.6	6197.8	6056.6	6192.0	150624	232320	0.0
2020-12-18	6191.8	6210.6	6112.8	6150.4	120249	218882	0.0
2020-12-21	6147.4	6284.4	6141.6	6258.2	105124	224261	0.0
2020-12-22	6246.8	6258.6	6119.6	6150.2	109587	222712	0.0
2020-12-23	6149.2	6221.2	6122.4	6183.4	107181	229387	0.0
2020-12-24	6167.2	6186.8	6093.0	6110.4	104013	230833	0.0
2020-12-25	6097.0	6186.0	6090.0	6176.8	98224	225064	0.0
2020-12-28	6175.6	6191.2	6106.8	6131.8	101590	229275	0.0
2020-12-29	6143.2	6188.4	6101.0	6117.2	95385	229639	0.0
2020-12-30	6117.2	6195.2	6093.4	6161.4	99396	227104	0.0
2020-12-31	6179.0	6271.6	6179.0	6257.4	108147	228652	0.0
2021-01-04	6288.0	6378.0	6246.2	6328.6	108774	226527	0.0
2021-01-05	6331.2	6384.8	6307.6	6360.2	103529	222864	0.0
2021-01-06	6382.2	6422.4	6313.2	6365.0	103839	224858	0.0
2021-01-07	6365.0	6407.6	6319.0	6398.8	120888	228610	0.0
2021-01-08	6425.6	6474.8	6346.2	6436.2	136448	234049	0.0
2021-01-11	6425.6	6429.0	6280.6	6327.2	133911	229572	0.0
2021-01-12	6327.4	6395.4	6312.6	6380.8	115920	223955	0.0
2021-01-13	6390.8	6403.4	6307.6	6348.6	117299	222916	0.0
2021-01-14	6344.8	6379.6	6277.4	6319.6	132827	228026	0.0
2021-01-15	6316.0	6326.4	6224.2	6270.4	130480	217885	0.0
2021-01-18	6294.2	6378.0	6260.4	6345.8	99756	219341	0.0
2021-01-19	6351.6	6371.0	6301.4	6319.0	92708	213969	0.0
2021-01-20	6326.8	6391.4	6304.8	6381.0	97722	219569	0.0
2021-01-21	6412.4	6501.4	6405.6	6466.8	101272	220596	0.0
2021-01-22	6456.2	6474.4	6397.4	6464.4	106206	222363	0.0
2021-01-25	6455.0	6508.6	6406.2	6452.8	114570	224749	0.0
2021-01-26	6424.0	6431.6	6346.8	6377.4	101262	219775	0.0
2021-01-27	6389.2	6403.0	6338.0	6368.4	84266	217531	0.0
2021-01-28	6323.2	6352.2	6258.6	6288.8	103136	227800	0.0
2021-01-29	6305.4	6318.2	6108.6	6208.6	120462	233667	0.0
2021-02-01	6215.4	6258.8	6198.8	6244.4	81780	224335	0.0
2021-02-02	6266.4	6296.8	6213.8	6287.6	86095	220973	0.0
2021-02-03	6284.4	6300.8	6242.4	6255.2	84782	219225	0.0
2021-02-04	6237.6	6248.0	6130.0	6204.4	121136	239770	0.0
2021-02-05	6218.6	6232.2	6098.2	6115.4	109465	231003	0.0
2021-02-08	6138.4	6224.8	6101.0	6198.0	107594	235376	0.0
2021-02-09	6207.0	6323.4	6200.8	6304.6	106012	224889	0.0
2021-02-10	6311.0	6366.2	6261.6	6347.0	109479	221828	0.0
2021-02-18	6490.0	6532.0	6379.4	6418.2	137732	230098	0.0
2021-02-19	6427.8	6530.8	6388.8	6526.0	125001	221311	0.0
2021-02-22	6588.0	6634.0	6460.8	6472.6	125043	227965	0.0
2021-02-23	6492.4	6519.2	6443.6	6463.8	92263	221196	0.0
2021-02-24	6463.0	6492.0	6335.8	6392.8	118265	232200	0.0
2021-02-25	6434.0	6434.0	6314.8	6368.6	103993	228172	0.0
2021-02-26	6261.6	6313.4	6194.0	6216.6	111674	233419	0.0
2021-03-01	6268.8	6325.8	6257.0	6325.2	90247	224798	0.0
2021-03-02	6330.4	6336.4	6210.6	6266.6	103146	228665	0.0
2021-03-03	6267.2	6358.0	6266.8	6339.0	93989	222801	0.0
2021-03-04	6308.8	6321.6	6222.0	6256.8	107933	233519	0.0
2021-03-05	6198.8	6304.4	6187.2	6282.2	114746	237050	0.0
2021-03-08	6306.0	6356.6	6115.6	6129.2	122690	242514	0.0
2021-03-09	6116.8	6117.0	5945.0	6015.0	151956	260455	0.0
2021-03-10	6065.4	6071.8	5918.0	5922.0	118793	251609	0.0
2021-03-11	5940.8	6077.8	5903.2	6073.0	116816	246338	0.0
2021-03-12	6065.8	6078.4	5977.2	6072.0	108077	242996	0.0
2021-03-15	6031.2	6072.6	5959.8	6041.4	107255	246122	0.0
2021-03-16	6045.2	6081.6	5990.0	6030.6	103519	242178	0.0
2021-03-17	5996.6	6070.8	5965.8	6056.0	122739	246683	0.0
2021-03-18	6072.0	6128.4	6060.4	6093.6	126432	238370	0.0
2021-03-19	6023.4	6084.2	5994.2	6049.2	130121	236621	0.0
2021-03-22	6048.2	6141.0	6042.0	6124.0	96157	235108	0.0
2021-03-23	6134.8	6145.2	6020.8	6069.6	97042	240135	0.0
2021-03-24	6048.6	6078.8	5992.2	6019.4	87085	240243	0.0
2021-03-25	6009.4	6059.8	5972.0	6042.4	93812	248262	0.0
2021-03-26	6070.2	6135.8	6059.0	6114.8	91763	241921	0.0
2021-03-29	6099.0	6125.4	6065.0	6114.0	80533	240231	0.0
2021-03-30	6093.2	6140.4	6069.8	6123.2	81851	241476	0.0
2021-03-31	6120.6	6128.8	6044.8	6113.4	85330	240591	0.0
2021-04-01	6124.4	6180.8	6087.6	6165.2	77682	239109	0.0
2021-04-02	6176.4	6185.8	6137.4	6172.2	69094	237470	0.0
2021-04-06	6199.4	6227.0	6161.0	6175.6	73951	238468	0.0
2021-04-07	6183.6	6190.8	6125.0	6183.0	77683	239219	0.0
2021-04-08	6154.2	6218.8	6144.8	6208.0	84621	242107	0.0
2021-04-09	6199.6	6209.8	6152.2	6189.8	83695	241780	0.0
2021-04-12	6168.0	6188.0	6072.8	6110.6	109843	255115	0.0
2021-04-13	6109.6	6130.2	6075.6	6096.4	93167	248774	0.0
2021-04-14	6105.6	6157.0	6098.6	6136.6	94523	247993	0.0
2021-04-15	6126.2	6154.2	6070.0	6150.8	118401	250341	0.0
2021-04-16	6166.8	6236.6	6153.6	6232.0	114292	243985	0.0
2021-04-19	6206.2	6312.6	6192.4	6290.0	96758	243205	0.0
2021-04-20	6297.0	6327.2	6289.6	6301.6	72488	238669	0.0
2021-04-21	6274.8	6306.8	6239.6	6286.8	75089	239183	0.0
2021-04-22	6305.6	6327.2	6278.0	6298.6	73612	237012	0.0
2021-04-23	6280.8	6344.8	6266.8	6343.0	79044	239545	0.0
2021-04-26	6350.6	6420.0	6301.4	6319.8	100556	247767	0.0
2021-04-27	6332.4	6346.6	6285.6	6314.4	79066	242410	0.0
2021-04-28	6295.6	6368.0	6276.4	6360.4	79639	243217	0.0
2021-04-29	6358.0	6373.2	6328.8	6362.2	74265	237049	0.0
2021-04-30	6340.6	6385.2	6304.0	6377.4	94069	247780	0.0
2021-05-06	6383.8	6429.2	6314.0	6346.6	96438	241436	0.0
2021-05-07	6379.2	6407.2	6324.2	6337.2	94673	247795	0.0
2021-05-10	6346.8	6383.4	6320.2	6346.8	85752	242395	0.0
2021-05-11	6313.0	6357.4	6238.2	6340.6	109417	254831	0.0
2021-05-12	6323.4	6409.2	6296.8	6396.4	95623	242113	0.0
2021-05-13	6362.2	6380.0	6298.4	6328.6	93605	248629	0.0
2021-05-14	6334.6	6438.2	6310.2	6436.6	103487	243274	0.0
2021-05-17	6453.8	6504.4	6446.6	6467.6	99463	244444	0.0
2021-05-18	6485.2	6506.0	6461.0	6488.0	74252	238757	0.0
2021-05-19	6442.6	6485.8	6439.4	6480.0	81161	233637	0.0
2021-05-20	6444.6	6486.4	6401.8	6453.2	101406	236569	0.0
2021-05-21	6463.6	6474.2	6398.0	6420.4	100933	228883	0.0
2021-05-24	6423.6	6468.6	6382.4	6441.2	79038	235056	0.0
2021-05-25	6451.8	6539.0	6425.4	6513.8	88898	230267	0.0
2021-05-26	6519.4	6533.8	6502.0	6520.6	67741	227274	0.0
2021-05-27	6531.8	6581.4	6514.6	6562.6	74353	228842	0.0
2021-05-28	6578.6	6598.2	6529.0	6563.4	70869	226292	0.0
2021-05-31	6560.0	6600.4	6543.0	6584.0	65084	223862	0.0
2021-06-01	6562.2	6596.0	6512.2	6574.4	86620	234991	0.0
2021-06-02	6577.8	6585.8	6505.8	6536.6	84791	232320	0.0
2021-06-03	6542.4	6581.2	6493.0	6493.0	92517	241045	0.0
2021-06-04	6475.8	6573.2	6468.0	6553.2	105612	242651	0.0
2021-06-07	6558.4	6572.0	6516.4	6544.6	72077	235091	0.0
2021-06-08	6545.6	6592.8	6485.6	6526.6	92038	241049	0.0
2021-06-09	6512.6	6541.0	6501.8	6522.2	69367	236378	0.0
2021-06-10	6527.4	6615.4	6525.0	6603.0	92275	241841	0.0
2021-06-11	6616.6	6618.0	6567.6	6592.0	84701	238037	0.0
2021-06-15	6589.0	6590.4	6503.2	6519.4	97694	241760	0.0
2021-06-16	6489.6	6511.0	6422.4	6450.4	110524	245259	0.0
2021-06-17	6455.8	6486.6	6452.6	6471.0	107699	239471	0.0
2021-06-18	6467.6	6533.8	6460.0	6520.6	103476	232808	0.0
2021-06-21	6504.8	6586.2	6498.8	6556.8	81204	234838	0.0
2021-06-22	6552.6	6588.0	6541.6	6575.8	65785	230894	0.0
2021-06-23	6581.2	6668.6	6567.8	6661.8	76118	238528	0.0
2021-06-24	6642.0	6646.4	6616.8	6646.0	65018	236997	0.0
2021-06-25	6637.2	6720.2	6628.8	6707.8	74602	242695	0.0
2021-06-28	6691.0	6739.2	6683.4	6702.2	63947	240337	0.0
2021-06-29	6704.8	6715.6	6636.2	6656.8	71037	243356	0.0
2021-06-30	6656.8	6704.8	6646.4	6670.4	61905	240849	0.0
2021-07-01	6670.8	6675.4	6574.8	6593.6	89502	254041	0.0
2021-07-02	6582.8	6602.4	6534.4	6550.8	85273	250821	0.0
2021-07-05	6580.4	6607.2	6548.0	6589.8	72385	251958	0.0
2021-07-06	6585.0	6624.0	6523.6	6585.2	88291	258152	0.0
2021-07-07	6550.8	6650.2	6544.8	6643.8	87668	254217	0.0
2021-07-08	6666.0	6671.6	6617.4	6625.6	78333	253386	0.0
2021-07-09	6623.0	6694.6	6577.0	6689.6	96731	258940	0.0
2021-07-12	6731.0	6808.8	6716.8	6765.4	102024	256231	0.0
2021-07-13	6781.0	6845.4	6772.0	6830.0	94082	253869	0.0
2021-07-14	6819.6	6842.8	6776.2	6805.0	114987	261008	0.0
2021-07-15	6793.4	6815.4	6737.8	6809.0	131998	264618	0.0
2021-07-16	6825.2	6859.8	6791.8	6819.6	105791	256001	0.0
2021-07-19	6809.4	6823.0	6751.8	6785.6	85289	259260	0.0
2021-07-20	6755.6	6803.4	6746.0	6789.8	76310	256740	0.0
2021-07-21	6820.2	6875.0	6813.2	6863.2	84972	255330	0.0
2021-07-22	6882.4	6899.4	6846.4	6895.8	70672	253398	0.0
2021-07-23	6905.0	6914.0	6840.0	6868.0	86822	258256	0.0
2021-07-26	6862.8	6879.2	6680.6	6750.2	127707	273793	0.0
2021-07-27	6763.2	6801.6	6632.8	6642.4	120512	277027	0.0
2021-07-28	6618.8	6623.2	6495.8	6557.0	141987	294010	0.0
2021-07-29	6630.4	6667.6	6586.8	6655.8	107595	280765	0.0
2021-07-30	6639.4	6675.8	6600.0	6674.8	100452	277781	0.0
2021-08-02	6646.6	6755.6	6637.0	6746.8	100211	270967	0.0
2021-08-03	6731.0	6754.8	6691.4	6707.6	86883	271854	0.0
2021-08-04	6721.4	6793.0	6712.2	6774.6	82881	266751	0.0
2021-08-05	6765.8	6793.0	6736.0	6772.0	76452	267229	0.0
2021-08-06	6793.6	6800.4	6748.8	6800.0	73853	267001	0.0
2021-08-09	6775.2	6840.4	6747.4	6812.8	86398	267352	0.0
2021-08-10	6811.0	6859.4	6811.0	6856.6	82444	265808	0.0
2021-08-11	6857.6	6901.2	6839.6	6883.4	85900	267227	0.0
2021-08-12	6872.2	6963.0	6870.0	6934.2	85681	265298	0.0
2021-08-13	6921.2	6961.2	6892.4	6961.0	83454	268051	0.0
2021-08-16	6952.0	6965.8	6894.8	6926.6	80689	263613	0.0
2021-08-17	6920.4	6927.0	6768.2	6793.0	126743	279642	0.0
2021-08-18	6797.0	6833.4	6759.0	6802.8	107871	273077	0.0
2021-08-19	6784.4	6822.0	6723.4	6805.4	113786	274316	0.0
2021-08-20	6778.8	6805.0	6708.2	6775.6	117454	273300	0.0
2021-08-23	6815.2	6883.0	6814.8	6848.4	82365	263211	0.0
2021-08-24	6855.6	6930.0	6835.4	6922.6	75746	264198	0.0
2021-08-25	6921.6	6966.0	6890.4	6957.4	66259	264261	0.0
2021-08-26	6964.2	6995.2	6930.4	6957.4	74855	267459	0.0
2021-08-27	6940.0	7016.6	6925.8	6999.2	82392	271094	0.0
2021-08-30	7027.0	7071.6	6988.2	7012.0	89400	271562	0.0
2021-08-31	7002.8	7050.8	6969.4	7038.4	85412	266914	0.0
2021-09-01	7059.4	7064.0	6919.0	7001.4	117172	282311	0.0
2021-09-02	6992.4	7098.4	6992.0	7090.2	99110	274914	0.0
2021-09-03	7113.2	7150.8	7032.6	7090.2	109100	282281	0.0
2021-09-06	7101.2	7135.0	7053.4	7117.4	98369	277815	0.0
2021-09-07	7119.8	7301.4	7113.2	7291.8	118392	285680	0.0
2021-09-08	7299.2	7341.6	7284.4	7318.8	95987	278738	0.0
2021-09-09	7318.4	7399.6	7303.0	7393.6	93803	283328	0.0
2021-09-10	7384.6	7457.2	7373.4	7436.8	116042	285442	0.0
2021-09-13	7436.8	7466.2	7377.2	7434.2	109130	283303	0.0
2021-09-14	7403.4	7516.0	7339.6	7373.0	154010	294614	0.0
2021-09-15	7370.6	7446.0	7345.4	7397.2	138474	282921	0.0
2021-09-16	7422.4	7460.6	7224.8	7239.8	175677	294502	0.0
2021-09-17	7238.4	7281.0	7104.8	7175.0	149715	275293	0.0
2021-09-22	7149.0	7249.2	7107.4	7232.8	98790	272485	0.0
2021-09-23	7284.6	7309.2	7222.0	7268.0	91366	273550	0.0
2021-09-24	7262.8	7280.6	7202.4	7226.8	101637	277933	0.0
2021-09-27	7226.6	7234.0	7008.0	7053.8	136514	290660	0.0
2021-09-28	7048.2	7086.6	7023.8	7059.2	89638	280140	0.0
2021-09-29	6998.8	7033.4	6887.8	6923.4	127010	293208	0.0
2021-09-30	6931.4	6971.2	6906.6	6962.8	90739	278486	0.0
2021-10-08	7048.0	7048.8	6921.0	6957.6	97214	283124	0.0
2021-10-11	6972.2	6997.6	6917.4	6965.2	95935	280357	0.0
2021-10-12	6948.6	6969.0	6789.0	6833.8	138143	296522	0.0
2021-10-13	6836.0	6887.2	6782.8	6859.2	123667	285537	0.0
2021-10-14	6854.0	6908.6	6830.2	6885.4	116779	277315	0.0
2021-10-15	6885.4	6942.0	6857.6	6938.6	106246	265612	0.0
2021-10-18	6933.2	6945.6	6867.6	6925.2	89392	266848	0.0
2021-10-19	6911.2	6995.2	6906.2	6974.6	71291	258558	0.0
2021-10-20	6938.2	7021.8	6934.4	6976.8	77051	262216	0.0
2021-10-21	6979.6	7003.2	6911.6	6953.6	74534	260090	0.0
2021-10-22	6955.2	6972.0	6896.8	6912.6	79763	263684	0.0
2021-10-25	6907.6	6970.0	6887.2	6961.0	66553	258203	0.0
2021-10-26	6988.4	7020.6	6926.8	6962.8	74264	260140	0.0
2021-10-27	6937.8	6961.6	6864.0	6895.6	71772	259858	0.0
2021-10-28	6876.4	6896.6	6816.0	6846.0	83395	270365	0.0
2021-10-29	6848.8	6920.2	6819.0	6918.2	80009	267423	0.0
2021-11-01	6914.2	6974.6	6893.8	6949.6	70911	268190	0.0
2021-11-02	6951.0	7000.0	6828.2	6900.0	96206	276135	0.0
2021-11-03	6902.0	6955.0	6882.6	6918.8	86145	277063	0.0
2021-11-04	6942.2	6979.8	6928.0	6970.6	67711	270503	0.0
2021-11-05	6963.2	6984.2	6910.6	6922.2	80546	279054	0.0
2021-11-08	6916.8	6958.6	6892.6	6941.4	75974	275064	0.0
2021-11-09	6958.8	6998.0	6939.4	6979.6	75373	275912	0.0
2021-11-10	6968.8	6975.8	6861.4	6954.6	95716	282141	0.0
2021-11-11	6945.0	7014.2	6945.0	7009.2	77159	272490	0.0
2021-11-12	7018.0	7070.6	7012.8	7060.4	66818	272610	0.0
2021-11-15	7075.4	7090.6	6982.6	7008.0	80615	275382	0.0
2021-11-16	6994.0	7030.0	6943.2	6956.0	79853	273378	0.0
2021-11-17	6959.4	6998.6	6941.6	6993.2	71466	270512	0.0
2021-11-18	6997.8	7020.2	6941.6	6975.6	99042	275748	0.0
2021-11-19	6975.8	7085.2	6974.0	7081.2	95068	269879	0.0
2021-11-22	7096.8	7146.4	7086.0	7118.6	65782	266964	0.0
2021-11-23	7120.4	7158.6	7117.8	7133.0	53586	264197	0.0
2021-11-24	7135.8	7156.4	7112.4	7127.8	55212	266400	0.0
2021-11-25	7117.4	7135.0	7103.4	7120.4	48617	264010	0.0
2021-11-26	7093.2	7133.4	7064.8	7097.0	64965	270461	0.0
2021-11-29	7061.6	7117.2	7056.4	7116.2	70696	272597	0.0
2021-11-30	7134.4	7157.2	7082.0	7119.4	72292	273435	0.0
2021-12-01	7124.2	7166.4	7098.0	7163.2	68211	272691	0.0
2021-12-02	7147.6	7156.6	7084.8	7107.4	81183	276195	0.0
2021-12-03	7110.4	7171.2	7096.2	7171.2	75346	271169	0.0
2021-12-06	7175.6	7178.4	7092.4	7096.6	78964	275437	0.0
2021-12-07	7112.6	7124.4	7014.8	7059.2	97964	283049	0.0
2021-12-08	7072.2	7151.6	7067.4	7149.4	84388	268770	0.0
2021-12-09	7138.2	7199.8	7136.4	7175.6	81946	269391	0.0
2021-12-10	7158.4	7209.2	7154.0	7200.6	80477	266983	0.0
2021-12-13	7212.4	7240.4	7187.6	7206.0	88271	264317	0.0
2021-12-14	7199.4	7224.4	7189.8	7204.2	80750	263171	0.0
2021-12-15	7195.4	7223.8	7176.6	7186.4	99839	266800	0.0
2021-12-16	7226.8	7248.8	7205.0	7246.4	113374	264419	0.0
2021-12-17	7233.2	7246.2	7184.2	7208.4	102989	254340	0.0
2021-12-20	7185.4	7210.2	7106.6	7132.4	84238	262717	0.0
2021-12-21	7134.4	7201.6	7123.4	7170.8	68505	256051	0.0
2021-12-22	7179.6	7212.2	7172.0	7196.2	50739	253290	0.0
2021-12-23	7193.0	7259.8	7182.6	7240.6	60355	257110	0.0
2021-12-24	7232.0	7241.6	7172.0	7210.2	70552	261218	0.0
2021-12-27	7197.6	7247.4	7191.6	7204.8	64702	263555	0.0
2021-12-28	7216.6	7220.4	7167.6	7212.6	61289	265025	0.0
2021-12-29	7211.4	7216.8	7179.8	7196.2	52455	263633	0.0
2021-12-30	7207.8	7258.4	7207.4	7251.2	71552	272619	0.0
2021-12-31	7268.8	7310.4	7255.8	7279.4	61445	271465	0.0
2022-01-04	7295.8	7300.6	7228.6	7283.8	67570	274482	0.0
2022-01-05	7274.6	7274.6	7137.0	7143.8	99233	287065	0.0
2022-01-06	7119.2	7155.6	7085.8	7139.0	75086	275124	0.0
2022-01-07	7154.2	7170.4	7103.4	7114.0	72092	277847	0.0
2022-01-10	7104.8	7118.4	7058.4	7107.2	63987	271860	0.0
2022-01-11	7114.4	7133.8	7050.6	7076.6	59017	271898	0.0
2022-01-12	7108.4	7133.0	7079.6	7125.2	59040	269556	0.0
2022-01-13	7125.4	7125.6	7054.6	7058.0	81820	280922	0.0
2022-01-14	7032.2	7085.4	7013.8	7035.6	86081	285036	0.0
2022-01-17	7050.0	7126.8	7036.4	7100.8	88675	280279	0.0
2022-01-18	7095.8	7131.0	7081.2	7112.6	81038	276165	0.0
2022-01-19	7128.2	7140.2	7045.6	7082.6	107205	287368	0.0
2022-01-20	7084.2	7104.4	7009.0	7038.8	116639	286970	0.0
2022-01-21	7022.2	7022.2	6944.4	6969.0	106592	282068	0.0
2022-01-24	6946.0	6979.2	6905.8	6953.8	84732	282366	0.0
2022-01-25	6933.2	6945.2	6714.4	6720.0	110014	303556	0.0
2022-01-26	6743.8	6765.0	6699.4	6735.0	91345	298174	0.0
2022-01-27	6715.4	6738.4	6550.4	6567.6	110204	311228	0.0
2022-01-28	6592.6	6613.8	6433.0	6496.2	123091	314211	0.0
2022-02-07	6609.0	6630.0	6567.2	6592.2	80784	304170	0.0
2022-02-08	6588.8	6682.4	6530.4	6678.8	92673	310477	0.0
2022-02-09	6679.6	6779.4	6666.6	6768.6	83146	299230	0.0
2022-02-10	6769.6	6790.4	6731.6	6767.6	67554	296809	0.0
2022-02-11	6741.0	6775.6	6677.2	6698.2	84753	302078	0.0
2022-02-14	6663.6	6722.4	6627.4	6649.2	95280	306389	0.0
2022-02-15	6659.4	6712.8	6633.4	6705.6	82527	297452	0.0
2022-02-16	6729.2	6735.2	6692.8	6716.2	79980	294800	0.0
2022-02-17	6700.6	6751.4	6673.6	6713.4	98242	298786	0.0
2022-02-18	6688.4	6780.4	6685.2	6773.0	87991	292261	0.0
2022-02-21	6778.8	6806.4	6755.0	6785.8	62485	285894	0.0
2022-02-22	6752.0	6762.4	6678.0	6733.2	82579	296068	0.0
2022-02-23	6746.6	6829.4	6746.6	6829.4	66068	287626	0.0
2022-02-24	6799.6	6831.2	6648.2	6723.0	111475	309002	0.0
2022-02-25	6801.0	6855.8	6750.6	6768.4	98409	301458	0.0
2022-02-28	6765.6	6801.6	6722.4	6793.4	79912	301140	0.0
2022-03-01	6830.8	6833.2	6769.8	6802.6	71578	295616	0.0
2022-03-02	6786.4	6818.8	6759.4	6809.8	59303	292324	0.0
2022-03-03	6842.0	6842.6	6773.2	6797.8	62163	293714	0.0
2022-03-04	6753.4	6817.2	6729.6	6761.8	86394	305729	0.0
2022-03-07	6726.2	6731.8	6572.0	6607.2	101284	308362	0.0
2022-03-08	6609.6	6612.2	6327.0	6337.2	132649	322128	0.0
2022-03-09	6361.0	6386.6	5916.4	6205.4	169232	323432	0.0
2022-03-10	6331.2	6378.8	6278.4	6301.0	120292	313379	0.0
2022-03-11	6190.6	6413.0	6142.6	6408.0	146645	320363	0.0
2022-03-14	6369.0	6419.2	6229.2	6235.8	136955	319073	0.0
2022-03-15	6096.2	6194.0	5767.4	5792.0	198374	333231	0.0
2022-03-16	5927.0	6078.8	5687.0	6066.0	214232	337613	0.0
2022-03-17	6150.6	6256.4	6125.0	6143.4	171282	327261	0.0
2022-03-18	6137.0	6234.8	6103.4	6212.2	123560	319711	0.0
2022-03-21	6220.4	6249.8	6117.4	6209.0	106651	314878	0.0
2022-03-22	6179.0	6281.8	6156.8	6219.4	88715	313212	0.0
2022-03-23	6229.6	6296.2	6212.2	6263.6	86152	315720	0.0
2022-03-24	6221.6	6255.4	6188.2	6212.6	86239	315026	0.0
2022-03-25	6224.4	6249.2	6120.8	6122.8	88492	318080	0.0
2022-03-28	6068.6	6200.0	6030.8	6169.8	104320	324829	0.0
2022-03-29	6175.8	6198.8	6111.0	6130.6	81269	318937	0.0
2022-03-30	6173.2	6293.8	6157.0	6293.2	101520	321573	0.0
2022-03-31	6280.2	6287.8	6219.8	6237.0	74938	312565	0.0
2022-04-01	6208.0	6295.2	6201.2	6289.4	87089	317035	0.0
2022-04-06	6269.4	6269.4	6172.4	6258.8	84052	314495	0.0
2022-04-07	6227.4	6258.8	6099.2	6105.8	105910	327537	0.0
2022-04-08	6109.8	6122.4	5989.2	6119.6	114807	329580	0.0
2022-04-11	6059.2	6060.4	5885.0	5909.0	132129	341599	0.0
2022-04-12	5915.2	6058.4	5852.4	6046.2	157643	341483	0.0
2022-04-13	5995.8	6031.8	5941.4	5948.0	138377	340080	0.0
2022-04-14	5986.8	6074.6	5972.8	6024.4	148044	342280	0.0
2022-04-15	6001.4	6020.4	5942.6	5956.0	131982	331772	0.0
2022-04-18	5869.0	6009.6	5859.8	5986.2	108717	331330	0.0
2022-04-19	5993.0	6021.0	5959.6	6003.6	86104	327734	0.0
2022-04-20	6012.6	6014.2	5842.6	5844.8	106441	339190	0.0
2022-04-21	5843.8	5874.8	5635.8	5658.2	145088	354688	0.0
2022-04-22	5617.4	5688.0	5550.2	5617.4	153711	355781	0.0
2022-04-25	5487.4	5539.2	5205.0	5230.4	174809	365661	0.0
2022-04-26	5247.6	5330.4	5071.8	5086.2	193681	369126	0.0
2022-04-27	5076.2	5339.4	5038.0	5338.8	209142	366848	0.0
2022-04-28	5314.4	5341.0	5198.8	5314.6	174857	362275	0.0
2022-04-29	5337.0	5552.0	5313.0	5548.0	185585	353310	0.0
2022-05-05	5541.0	5622.8	5516.2	5575.2	119407	340581	0.0
2022-05-06	5473.4	5517.4	5416.8	5423.4	141744	350518	0.0
2022-05-09	5407.4	5502.8	5404.8	5456.6	115580	343917	0.0
2022-05-10	5373.4	5599.4	5350.4	5584.6	158876	357322	0.0
2022-05-11	5591.4	5755.8	5575.0	5613.6	169920	355716	0.0
2022-05-12	5613.4	5674.4	5563.2	5624.4	141996	353106	0.0
2022-05-13	5678.8	5694.8	5610.6	5691.8	130558	349852	0.0
2022-05-16	5730.0	5753.6	5623.0	5651.8	124696	345064	0.0
2022-05-17	5659.2	5694.0	5605.4	5693.6	119780	340788	0.0
2022-05-18	5672.2	5698.6	5646.2	5662.8	64241	325395	0.0
数据来源:通达信
