IHL9 上证加权 日线 前复权
      日期	    开盘	    最高	    最低	    收盘	    成交量	    持仓量	    结算价
2015-04-17	3305.8	3342.6	3241.0	3257.2	292961	44834	0.0
2015-04-20	3285.6	3317.0	3146.2	3149.2	291652	45659	0.0
2015-04-21	3189.2	3243.8	3156.2	3235.8	254832	45448	0.0
2015-04-22	3258.6	3334.6	3233.0	3310.6	253323	51012	0.0
2015-04-23	3326.6	3350.4	3256.2	3270.0	262467	48314	0.0
2015-04-24	3240.0	3269.4	3172.2	3234.8	236160	44628	0.0
2015-04-27	3262.4	3358.6	3262.2	3358.4	274546	53863	0.0
2015-04-28	3340.8	3377.6	3267.4	3289.2	350726	44987	0.0
2015-04-29	3296.8	3325.4	3263.8	3297.4	256394	48875	0.0
2015-04-30	3315.6	3332.6	3250.0	3271.4	215799	50764	0.0
2015-05-04	3297.8	3304.0	3228.8	3275.4	201984	50067	0.0
2015-05-05	3267.2	3277.4	3146.2	3166.0	235345	48367	0.0
2015-05-06	3189.6	3259.2	3120.2	3155.6	285485	46297	0.0
2015-05-07	3168.0	3168.4	3107.8	3114.6	254499	51780	0.0
2015-05-08	3140.2	3152.4	3055.4	3104.2	238530	49685	0.0
2015-05-11	3111.2	3176.0	3082.8	3167.8	232601	45245	0.0
2015-05-12	3170.8	3200.6	3143.4	3176.8	232973	42366	0.0
2015-05-13	3189.0	3200.2	3105.6	3119.6	224533	41710	0.0
2015-05-14	3134.2	3163.8	3102.4	3120.0	241834	40051	0.0
2015-05-15	3122.2	3131.8	3027.8	3043.2	252307	34572	0.0
2015-05-18	3028.2	3050.4	2963.0	2969.4	186027	36533	0.0
2015-05-19	2980.2	3146.2	2972.0	3143.8	309935	39866	0.0
2015-05-20	3160.0	3218.0	3106.2	3145.6	304254	49598	0.0
2015-05-21	3160.6	3201.0	3141.0	3193.0	269086	52636	0.0
2015-05-22	3200.2	3311.2	3197.6	3304.8	342163	59055	0.0
2015-05-25	3311.6	3437.8	3309.8	3416.4	314400	70518	0.0
2015-05-26	3435.4	3461.4	3381.8	3423.2	371434	73131	0.0
2015-05-27	3464.2	3512.2	3357.4	3401.4	363807	71922	0.0
2015-05-28	3409.2	3425.2	3123.0	3167.0	419225	60729	0.0
2015-05-29	3184.8	3199.6	3065.6	3122.8	399778	50373	0.0
2015-06-01	3123.4	3345.8	3091.8	3342.0	370752	55503	0.0
2015-06-02	3335.8	3357.2	3228.4	3304.4	386670	54893	0.0
2015-06-03	3315.4	3343.8	3221.2	3255.4	443330	51076	0.0
2015-06-04	3248.4	3400.6	3033.6	3379.0	597187	61106	0.0
2015-06-05	3406.2	3433.4	3213.6	3309.6	527977	65825	0.0
2015-06-08	3298.4	3547.0	3298.4	3539.8	527887	94992	0.0
2015-06-09	3562.4	3573.2	3391.6	3423.0	634556	94847	0.0
2015-06-10	3395.4	3453.4	3360.2	3371.8	477639	92083	0.0
2015-06-11	3389.8	3422.2	3335.6	3369.6	444866	95707	0.0
2015-06-12	3390.0	3416.0	3340.4	3415.0	410769	100729	0.0
2015-06-15	3410.4	3427.2	3259.0	3273.0	478931	100053	0.0
2015-06-16	3278.4	3303.2	3164.0	3203.4	490900	95711	0.0
2015-06-17	3226.6	3244.6	3168.4	3219.6	497250	94258	0.0
2015-06-18	3209.0	3210.6	3084.4	3104.4	505885	92419	0.0
2015-06-19	3096.2	3107.0	2818.0	2864.6	591688	88253	0.0
2015-06-23	2895.6	3044.2	2831.8	2990.0	585011	89537	0.0
2015-06-24	3004.2	3064.4	2972.0	3052.0	444115	82541	0.0
2015-06-25	3085.2	3103.8	2913.4	2925.4	510265	80408	0.0
2015-06-26	2915.8	2975.8	2671.0	2695.6	721459	84091	0.0
2015-06-29	2816.4	2841.8	2479.2	2661.6	946107	78803	0.0
2015-06-30	2726.2	2891.4	2639.2	2855.4	696700	78051	0.0
2015-07-01	2854.8	2886.2	2649.2	2702.6	592210	72108	0.0
2015-07-02	2760.8	2820.4	2612.0	2745.0	680410	70484	0.0
2015-07-03	2731.4	2766.8	2529.8	2603.8	624871	65280	0.0
2015-07-06	2822.8	2837.2	2640.8	2763.8	508641	63211	0.0
2015-07-07	2744.6	2825.2	2680.6	2740.8	434561	56933	0.0
2015-07-08	2568.0	2917.2	2497.4	2497.4	185480	47079	0.0
2015-07-09	2443.8	2747.2	2320.0	2732.4	324817	38984	0.0
2015-07-10	2699.2	3001.2	2696.2	2825.2	656089	36906	0.0
2015-07-13	2823.6	2867.2	2770.2	2781.6	423616	33407	0.0
2015-07-14	2781.4	2793.8	2624.4	2674.2	386037	31008	0.0
2015-07-15	2674.4	2696.8	2580.4	2642.0	409648	31473	0.0
2015-07-16	2623.4	2722.2	2593.0	2690.8	412322	25918	0.0
2015-07-17	2707.2	2793.6	2674.8	2724.8	382548	24364	0.0
2015-07-20	2732.0	2748.0	2631.2	2676.0	327898	26910	0.0
2015-07-21	2667.2	2690.0	2609.8	2645.6	339781	26218	0.0
2015-07-22	2637.2	2642.4	2574.6	2612.2	249548	27749	0.0
2015-07-23	2610.8	2744.0	2610.8	2729.4	306594	26310	0.0
2015-07-24	2724.0	2738.0	2629.4	2651.2	286237	27434	0.0
2015-07-27	2631.4	2635.2	2391.0	2420.2	279530	31479	0.0
2015-07-28	2391.2	2468.2	2367.8	2406.2	378437	29422	0.0
2015-07-29	2434.4	2469.0	2388.8	2461.6	294249	27887	0.0
2015-07-30	2459.2	2461.8	2347.0	2392.6	304112	30525	0.0
2015-07-31	2388.4	2441.0	2348.4	2390.2	283318	30628	0.0
2015-08-03	2362.2	2377.2	2325.8	2370.2	191395	30514	0.0
2015-08-04	2382.0	2473.8	2379.4	2449.2	212757	27907	0.0
2015-08-05	2446.4	2454.6	2398.8	2417.4	190194	28546	0.0
2015-08-06	2388.6	2456.8	2375.0	2410.4	230879	27832	0.0
2015-08-07	2418.8	2499.2	2417.2	2447.8	261191	27776	0.0
2015-08-10	2465.4	2589.2	2463.4	2558.0	234492	28749	0.0
2015-08-11	2565.2	2577.2	2534.4	2545.0	227146	28953	0.0
2015-08-12	2530.0	2571.2	2517.0	2529.8	248886	28427	0.0
2015-08-13	2555.4	2563.2	2495.4	2533.0	229269	28414	0.0
2015-08-14	2547.4	2554.4	2503.6	2519.6	215208	28246	0.0
2015-08-17	2489.2	2503.6	2443.2	2472.6	229528	31619	0.0
2015-08-18	2485.0	2501.0	2268.6	2354.2	317998	31298	0.0
2015-08-19	2345.6	2381.2	2277.6	2347.6	306984	29265	0.0
2015-08-20	2333.0	2338.8	2270.8	2285.4	300449	28973	0.0
2015-08-21	2272.0	2294.2	2185.6	2213.0	334907	25900	0.0
2015-08-24	2144.8	2145.2	1994.8	1994.8	236920	27542	0.0
2015-08-25	1917.8	1991.4	1800.6	1801.2	413934	33944	0.0
2015-08-26	1848.2	1945.4	1772.6	1817.6	384302	31060	0.0
2015-08-27	1884.6	2030.6	1865.0	2023.2	373455	33029	0.0
2015-08-28	2050.2	2089.8	2000.0	2060.2	280142	30858	0.0
2015-08-31	2051.2	2055.8	1971.8	2037.4	170696	29084	0.0
2015-09-01	2047.0	2071.0	1959.0	2009.0	198676	28208	0.0
2015-09-02	1990.0	2112.8	1971.4	1975.4	215256	29209	0.0
2015-09-07	2038.6	2171.2	2018.2	2019.2	18761	25356	0.0
2015-09-08	2047.4	2157.6	2026.6	2148.4	13904	23482	0.0
2015-09-09	2157.8	2186.6	2143.8	2161.2	11209	22049	0.0
2015-09-10	2135.6	2173.2	2127.0	2155.6	8423	21342	0.0
2015-09-11	2167.8	2187.8	2139.8	2144.4	8187	20477	0.0
2015-09-14	2165.0	2168.6	2055.0	2083.6	11362	20016	0.0
2015-09-15	2098.4	2119.2	2075.0	2103.0	9577	19989	0.0
2015-09-16	2117.8	2218.4	2079.8	2193.2	11503	18746	0.0
2015-09-17	2180.0	2198.4	2136.4	2141.8	9607	17885	0.0
2015-09-18	2148.0	2167.8	2123.4	2126.4	8019	14343	0.0
2015-09-21	2105.2	2171.8	2098.8	2163.2	6206	14545	0.0
2015-09-22	2158.4	2196.2	2148.8	2173.4	6117	15132	0.0
2015-09-23	2156.2	2160.4	2109.6	2117.4	6524	16015	0.0
2015-09-24	2127.4	2146.8	2117.0	2131.8	5009	16604	0.0
2015-09-25	2132.6	2136.8	2090.6	2108.2	5638	16983	0.0
2015-09-28	2110.2	2119.2	2082.8	2112.4	4854	17011	0.0
2015-09-29	2083.4	2085.0	2043.8	2069.4	5407	17528	0.0
2015-09-30	2081.2	2113.6	2079.0	2088.2	5173	17691	0.0
2015-10-08	2203.8	2212.8	2147.4	2149.0	6249	18129	0.0
2015-10-09	2165.4	2189.8	2160.4	2183.6	6393	18323	0.0
2015-10-12	2203.4	2289.2	2194.6	2251.6	7598	18439	0.0
2015-10-13	2251.0	2254.4	2233.8	2237.6	6363	18029	0.0
2015-10-14	2220.6	2251.0	2212.8	2213.8	7467	17735	0.0
2015-10-15	2232.6	2279.6	2223.6	2277.2	8779	17163	0.0
2015-10-16	2292.0	2303.8	2267.2	2278.4	9349	13857	0.0
2015-10-19	2279.6	2285.2	2236.4	2248.0	5640	14649	0.0
2015-10-20	2251.0	2279.0	2234.6	2277.0	5746	15364	0.0
2015-10-21	2267.8	2288.4	2195.8	2230.0	7793	16126	0.0
2015-10-22	2238.0	2283.4	2236.0	2271.0	6655	16195	0.0
2015-10-23	2284.0	2304.4	2262.2	2303.8	5626	16728	0.0
2015-10-26	2328.2	2333.0	2285.8	2301.6	5742	17202	0.0
2015-10-27	2295.8	2304.8	2256.2	2301.8	5756	17414	0.0
2015-10-28	2290.2	2295.8	2259.8	2262.8	5562	17636	0.0
2015-10-29	2271.2	2285.0	2257.2	2272.8	4987	17663	0.0
2015-10-30	2266.8	2297.2	2259.4	2273.6	5223	17782	0.0
2015-11-02	2253.6	2279.8	2250.8	2254.0	5634	17814	0.0
2015-11-03	2261.4	2269.0	2236.8	2238.6	5406	18022	0.0
2015-11-04	2251.4	2360.4	2250.0	2357.8	8364	18775	0.0
2015-11-05	2342.8	2461.0	2339.8	2412.0	10065	19114	0.0
2015-11-06	2423.8	2482.0	2407.4	2477.4	9228	18835	0.0
2015-11-09	2472.0	2550.6	2462.2	2494.0	9046	19030	0.0
2015-11-10	2489.2	2522.0	2475.8	2483.6	7656	18846	0.0
2015-11-11	2489.0	2497.2	2442.6	2487.4	6913	19041	0.0
2015-11-12	2489.8	2499.4	2434.0	2449.4	7030	18645	0.0
2015-11-13	2433.4	2454.2	2419.4	2422.6	6841	18436	0.0
2015-11-16	2390.4	2421.4	2385.8	2418.6	6814	17992	0.0
2015-11-17	2431.8	2487.4	2390.0	2392.8	9362	17725	0.0
2015-11-18	2409.0	2425.6	2389.6	2390.8	8092	17261	0.0
2015-11-19	2408.8	2440.6	2397.6	2439.4	7988	16722	0.0
2015-11-20	2440.8	2441.6	2408.0	2408.0	7688	15252	0.0
2015-11-23	2409.6	2434.4	2397.4	2401.8	5408	15595	0.0
2015-11-24	2400.4	2403.2	2366.2	2398.0	6144	16453	0.0
2015-11-25	2401.0	2425.2	2381.2	2421.6	6229	16555	0.0
2015-11-26	2429.6	2452.0	2405.4	2408.2	6386	16745	0.0
2015-11-27	2410.8	2414.8	2287.6	2309.6	8213	17031	0.0
2015-11-30	2307.0	2320.0	2267.4	2299.6	7900	17099	0.0
2015-12-01	2304.4	2338.0	2285.0	2311.2	6994	17004	0.0
2015-12-02	2315.8	2440.0	2308.8	2437.6	9929	17017	0.0
2015-12-03	2425.2	2434.6	2397.8	2426.6	7946	16546	0.0
2015-12-04	2408.2	2411.8	2352.2	2365.0	6915	16753	0.0
2015-12-07	2374.4	2377.2	2339.2	2353.6	6364	16787	0.0
2015-12-08	2340.2	2345.6	2310.4	2321.2	6928	16678	0.0
2015-12-09	2319.0	2352.4	2314.6	2332.0	6646	16661	0.0
2015-12-10	2324.8	2373.8	2300.6	2309.6	7604	16767	0.0
2015-12-11	2318.2	2326.6	2291.6	2317.6	6796	16477	0.0
2015-12-14	2287.8	2395.0	2285.6	2390.4	9213	17021	0.0
2015-12-15	2388.2	2390.2	2341.8	2342.2	8733	16328	0.0
2015-12-16	2352.4	2366.2	2337.8	2341.6	8745	16896	0.0
2015-12-17	2353.4	2397.8	2353.4	2370.8	9340	16129	0.0
2015-12-18	2368.6	2416.4	2363.4	2381.4	8551	14078	0.0
2015-12-21	2378.4	2457.6	2370.2	2452.8	7235	15144	0.0
2015-12-22	2457.4	2465.6	2432.2	2453.4	6157	14916	0.0
2015-12-23	2458.0	2498.6	2446.2	2458.0	7736	15675	0.0
2015-12-24	2460.4	2465.6	2419.0	2445.2	6904	15493	0.0
2015-12-25	2448.4	2466.0	2440.6	2466.0	5369	15559	0.0
2015-12-28	2462.2	2463.6	2364.2	2365.8	6644	15978	0.0
2015-12-29	2376.8	2408.0	2375.8	2398.6	6245	16256	0.0
2015-12-30	2405.8	2407.8	2373.8	2391.8	6354	16162	0.0
2015-12-31	2392.4	2411.6	2374.6	2375.8	6268	15666	0.0
2016-01-04	2365.4	2373.2	2232.8	2241.0	5396	15320	0.0
2016-01-05	2257.0	2283.6	2200.4	2247.2	8108	16600	0.0
2016-01-06	2247.2	2285.0	2242.0	2270.4	7290	16158	0.0
2016-01-07	2269.4	2269.4	2125.2	2131.6	2193	15515	0.0
2016-01-08	2136.4	2223.2	2119.0	2175.4	8960	16812	0.0
2016-01-11	2157.8	2167.0	2086.2	2089.8	9446	16966	0.0
2016-01-12	2090.0	2134.8	2090.0	2099.2	8882	16516	0.0
2016-01-13	2125.4	2136.6	2069.0	2072.2	10307	16336	0.0
2016-01-14	2044.2	2099.8	2036.8	2088.6	11679	16165	0.0
2016-01-15	2084.0	2086.8	2005.6	2015.6	11149	13919	0.0
2016-01-18	2020.0	2053.2	2007.0	2014.0	7415	14574	0.0
2016-01-19	2021.6	2079.8	2006.6	2069.8	7927	15016	0.0
2016-01-20	2053.4	2062.6	2006.2	2024.2	8217	15510	0.0
2016-01-21	2030.6	2055.8	1973.4	1981.6	9075	16415	0.0
2016-01-22	2012.8	2020.0	1975.2	2011.8	8821	16755	0.0
2016-01-25	2011.8	2022.6	1995.0	2004.8	6534	16463	0.0
2016-01-26	1994.2	1997.8	1898.4	1904.8	8485	17410	0.0
2016-01-27	1921.0	1925.2	1874.2	1905.6	8868	18059	0.0
2016-01-28	1901.4	1917.2	1871.8	1880.4	7468	17798	0.0
2016-01-29	1886.4	1953.2	1886.2	1936.6	8794	17896	0.0
2016-02-01	1937.2	1941.8	1888.0	1907.8	7083	17689	0.0
2016-02-02	1911.8	1954.6	1907.6	1942.8	7111	17591	0.0
2016-02-03	1927.0	1929.2	1899.6	1922.4	6886	17631	0.0
2016-02-04	1939.4	1960.2	1928.0	1949.8	7533	17555	0.0
2016-02-05	1940.8	1949.6	1930.4	1932.2	5538	16957	0.0
2016-02-15	1901.8	1928.4	1890.2	1915.0	7519	17868	0.0
2016-02-16	1928.2	1978.0	1927.8	1965.0	8803	17950	0.0
2016-02-17	1968.4	1988.0	1957.0	1974.8	8573	18167	0.0
2016-02-18	1993.6	1999.6	1970.0	1973.8	8424	18356	0.0
2016-02-19	1971.8	1978.8	1959.0	1964.4	8238	16513	0.0
2016-02-22	1993.8	2020.6	1972.6	2006.8	7762	18055	0.0
2016-02-23	2006.2	2007.4	1971.4	1987.0	7009	18332	0.0
2016-02-24	1983.2	2004.0	1966.6	1998.0	7532	18865	0.0
2016-02-25	1995.0	1996.2	1881.2	1896.0	9787	19364	0.0
2016-02-26	1920.0	1927.6	1896.6	1918.2	8112	19455	0.0
2016-02-29	1911.4	1916.2	1853.2	1891.2	9221	19875	0.0
2016-03-01	1895.0	1952.0	1892.2	1932.2	10140	19672	0.0
2016-03-02	1946.4	2011.2	1944.0	2010.4	10221	20144	0.0
2016-03-03	2007.4	2020.2	1995.6	2009.4	8264	19879	0.0
2016-03-04	2009.2	2081.6	2006.8	2081.2	11942	20774	0.0
2016-03-07	2103.2	2113.8	2065.8	2085.0	9730	19839	0.0
2016-03-08	2076.2	2083.4	2006.6	2080.6	9986	20127	0.0
2016-03-09	2041.8	2058.4	2022.0	2052.0	9437	19794	0.0
2016-03-10	2055.0	2071.8	2023.0	2023.0	8244	19893	0.0
2016-03-11	2016.6	2035.2	2005.6	2026.8	8973	19392	0.0
2016-03-14	2052.4	2088.0	2039.8	2042.0	11024	19243	0.0
2016-03-15	2049.6	2050.8	2017.0	2049.0	11120	19427	0.0
2016-03-16	2044.0	2075.8	2040.6	2065.6	12488	20072	0.0
2016-03-17	2083.8	2116.2	2063.2	2091.8	14153	19521	0.0
2016-03-18	2098.4	2130.2	2091.6	2106.0	11982	17021	0.0
2016-03-21	2131.0	2189.2	2125.6	2163.4	9537	18147	0.0
2016-03-22	2153.2	2167.4	2145.2	2148.8	6729	17832	0.0
2016-03-23	2153.4	2166.2	2130.0	2147.2	7337	18288	0.0
2016-03-24	2130.4	2130.8	2089.0	2109.2	7552	18096	0.0
2016-03-25	2118.6	2131.4	2112.8	2119.6	6185	18025	0.0
2016-03-28	2132.8	2147.4	2092.8	2094.4	7115	18169	0.0
2016-03-29	2103.6	2111.6	2074.0	2084.0	7375	18240	0.0
2016-03-30	2105.8	2142.4	2102.4	2139.4	8776	18984	0.0
2016-03-31	2150.4	2153.2	2125.4	2140.8	7658	19061	0.0
2016-04-01	2139.0	2148.6	2098.0	2148.4	8885	20215	0.0
2016-04-05	2132.6	2172.6	2126.0	2158.4	8353	20282	0.0
2016-04-06	2149.8	2157.2	2141.8	2149.2	6101	19830	0.0
2016-04-07	2161.2	2163.8	2119.2	2123.6	7696	19820	0.0
2016-04-08	2112.6	2120.0	2097.4	2107.2	7181	19531	0.0
2016-04-11	2126.2	2151.0	2124.8	2128.0	8383	19560	0.0
2016-04-12	2130.6	2132.6	2117.6	2125.4	8212	19614	0.0
2016-04-13	2146.6	2184.8	2141.6	2155.6	11893	20382	0.0
2016-04-14	2172.0	2181.2	2157.8	2167.6	11175	19324	0.0
2016-04-15	2172.2	2180.0	2164.0	2166.4	9904	17030	0.0
2016-04-18	2145.8	2155.0	2134.2	2141.2	6394	17680	0.0
2016-04-19	2157.8	2158.4	2135.4	2145.6	5849	17744	0.0
2016-04-20	2153.4	2154.2	2071.8	2111.8	8865	18647	0.0
2016-04-21	2110.6	2151.2	2109.8	2126.8	8219	18745	0.0
2016-04-22	2116.0	2143.6	2115.8	2138.2	6750	18832	0.0
2016-04-25	2129.0	2132.2	2104.8	2126.4	6315	18566	0.0
2016-04-26	2132.4	2148.6	2114.2	2130.4	6285	18784	0.0
2016-04-27	2135.6	2136.2	2112.8	2120.4	5269	18791	0.0
2016-04-28	2126.8	2128.6	2107.6	2113.6	5386	19062	0.0
2016-04-29	2115.0	2122.6	2109.8	2111.6	4731	18633	0.0
2016-05-03	2117.4	2150.8	2103.8	2142.2	6780	19269	0.0
2016-05-04	2134.6	2139.2	2125.8	2135.2	5271	18651	0.0
2016-05-05	2130.0	2133.2	2123.4	2131.8	4716	18528	0.0
2016-05-06	2130.2	2131.8	2079.8	2079.8	6963	19262	0.0
2016-05-09	2071.6	2077.2	2041.8	2046.4	6809	18930	0.0
2016-05-10	2045.8	2060.8	2044.6	2048.8	5963	18687	0.0
2016-05-11	2057.2	2063.8	2043.8	2053.8	6041	18626	0.0
2016-05-12	2042.6	2062.4	2031.2	2057.6	6558	18654	0.0
2016-05-13	2052.8	2064.2	2048.6	2052.8	6065	18228	0.0
2016-05-16	2049.4	2060.2	2037.4	2057.2	6801	18377	0.0
2016-05-17	2058.0	2060.4	2042.0	2051.8	7529	18071	0.0
2016-05-18	2045.2	2049.6	2021.0	2044.2	9494	18453	0.0
2016-05-19	2042.2	2056.0	2038.0	2041.2	8593	17551	0.0
2016-05-20	2038.2	2051.8	2034.6	2048.0	6930	16138	0.0
2016-05-23	2051.6	2066.8	2046.0	2050.0	5233	16441	0.0
2016-05-24	2049.2	2049.4	2032.2	2038.2	4958	16857	0.0
2016-05-25	2053.0	2055.6	2040.0	2042.8	5034	17366	0.0
2016-05-26	2044.8	2059.6	2031.4	2043.8	5605	17722	0.0
2016-05-27	2047.6	2052.6	2040.4	2048.8	4352	17629	0.0
2016-05-30	2050.2	2063.6	2035.8	2061.8	5289	18062	0.0
2016-05-31	2067.6	2136.4	2067.4	2132.6	8520	18541	0.0
2016-06-01	2131.6	2134.0	2114.2	2115.2	6378	17771	0.0
2016-06-02	2118.0	2125.0	2107.6	2113.2	4559	17691	0.0
2016-06-03	2122.8	2133.8	2112.8	2129.2	5664	17889	0.0
2016-06-06	2133.0	2133.2	2113.4	2116.6	5159	17530	0.0
2016-06-07	2123.2	2124.2	2114.6	2116.8	4321	17444	0.0
2016-06-08	2116.4	2117.0	2098.6	2110.6	4884	17662	0.0
2016-06-13	2080.0	2093.8	2044.0	2044.4	7443	17877	0.0
2016-06-14	2052.4	2070.6	2050.0	2063.0	8027	17738	0.0
2016-06-15	2044.0	2084.0	2043.6	2065.2	9131	17255	0.0
2016-06-16	2060.8	2066.2	2045.6	2051.4	7936	16472	0.0
2016-06-17	2058.2	2076.8	2050.6	2055.0	8668	15180	0.0
2016-06-20	2065.4	2065.8	2043.2	2058.0	4969	15569	0.0
2016-06-21	2066.0	2089.6	2053.4	2058.0	5696	16416	0.0
2016-06-22	2057.8	2072.4	2052.2	2069.4	4718	16330	0.0
2016-06-23	2069.6	2070.4	2055.0	2063.2	4844	16797	0.0
2016-06-24	2057.8	2077.6	2014.0	2037.4	6390	17490	0.0
2016-06-27	2048.6	2063.0	2044.6	2061.8	4787	17111	0.0
2016-06-28	2055.4	2069.8	2050.4	2068.2	4296	17275	0.0
2016-06-29	2075.2	2091.8	2072.0	2089.2	5169	17586	0.0
2016-06-30	2093.2	2101.2	2089.4	2090.6	4701	17428	0.0
2016-07-01	2097.8	2103.0	2093.6	2094.8	4690	18202	0.0
2016-07-04	2094.4	2139.4	2094.4	2128.8	5742	18625	0.0
2016-07-05	2131.0	2141.6	2127.6	2135.8	4628	18604	0.0
2016-07-06	2126.6	2134.0	2116.2	2132.6	4771	18631	0.0
2016-07-07	2129.8	2138.6	2123.2	2133.2	4642	18863	0.0
2016-07-08	2129.2	2132.0	2120.8	2125.2	5561	18825	0.0
2016-07-11	2132.4	2154.0	2129.0	2135.0	7317	18967	0.0
2016-07-12	2140.0	2186.8	2140.0	2185.4	8132	19056	0.0
2016-07-13	2190.6	2210.4	2180.2	2183.2	9734	18131	0.0
2016-07-14	2183.4	2188.0	2172.4	2182.6	7897	17046	0.0
2016-07-15	2186.0	2192.4	2174.6	2181.0	7267	14855	0.0
2016-07-18	2180.2	2192.2	2170.0	2171.2	4199	15497	0.0
2016-07-19	2176.6	2178.6	2145.4	2153.8	5054	15993	0.0
2016-07-20	2153.6	2161.0	2146.2	2146.8	4168	15777	0.0
2016-07-21	2152.8	2167.4	2151.6	2161.0	4641	16012	0.0
2016-07-22	2157.0	2159.8	2138.4	2139.6	4543	16169	0.0
2016-07-25	2141.0	2150.6	2138.8	2142.8	3957	16222	0.0
2016-07-26	2141.4	2172.0	2137.8	2170.2	5079	16468	0.0
2016-07-27	2171.0	2175.2	2065.8	2147.2	7271	17022	0.0
2016-07-28	2143.4	2159.0	2137.8	2154.0	6037	16708	0.0
2016-07-29	2154.8	2155.8	2137.8	2145.6	5013	16303	0.0
2016-08-01	2145.2	2147.2	2127.4	2133.2	4577	16253	0.0
2016-08-02	2138.0	2142.0	2127.8	2133.8	3296	16194	0.0
2016-08-03	2129.2	2140.0	2124.8	2132.2	3499	16369	0.0
2016-08-04	2133.6	2135.0	2117.0	2131.6	3595	16602	0.0
2016-08-05	2132.4	2149.8	2125.8	2138.2	4047	16849	0.0
2016-08-08	2138.0	2149.0	2128.6	2147.6	3890	16873	0.0
2016-08-09	2146.4	2165.0	2146.4	2160.8	4071	17119	0.0
2016-08-10	2165.0	2166.8	2157.6	2161.0	3580	17136	0.0
2016-08-11	2161.4	2201.8	2159.4	2166.0	6267	18031	0.0
2016-08-12	2168.2	2213.6	2165.0	2209.6	6387	18330	0.0
2016-08-15	2216.8	2307.2	2214.4	2276.8	9260	19382	0.0
2016-08-16	2290.2	2296.0	2251.4	2256.6	10392	18906	0.0
2016-08-17	2256.6	2269.8	2238.0	2249.2	8535	18511	0.0
2016-08-18	2252.4	2269.8	2227.6	2238.0	7658	18533	0.0
2016-08-19	2241.2	2245.6	2223.8	2241.6	6287	17731	0.0
2016-08-22	2242.8	2249.4	2225.4	2230.2	4342	17972	0.0
2016-08-23	2232.4	2248.2	2220.8	2231.2	5353	18446	0.0
2016-08-24	2234.6	2238.8	2212.0	2221.0	4915	19056	0.0
2016-08-25	2211.4	2212.4	2192.8	2207.4	5513	19582	0.0
2016-08-26	2209.4	2222.4	2205.0	2206.2	4699	19907	0.0
2016-08-29	2206.6	2207.8	2187.8	2200.6	4585	20497	0.0
2016-08-30	2205.0	2220.4	2202.4	2213.6	4328	20328	0.0
2016-08-31	2212.2	2229.6	2208.4	2222.2	4444	20615	0.0
2016-09-01	2217.4	2223.6	2206.2	2207.2	4353	20738	0.0
2016-09-02	2207.4	2218.4	2206.0	2214.2	5051	20750	0.0
2016-09-05	2218.4	2234.8	2216.6	2216.6	5056	20892	0.0
2016-09-06	2220.0	2232.2	2203.0	2224.6	6096	21442	0.0
2016-09-07	2225.2	2237.0	2222.2	2228.2	5662	21528	0.0
2016-09-08	2227.4	2229.4	2222.0	2224.8	5218	21661	0.0
2016-09-09	2226.4	2229.8	2217.8	2219.6	5837	21815	0.0
2016-09-12	2187.4	2190.2	2160.6	2176.2	9794	21920	0.0
2016-09-13	2183.6	2184.0	2172.4	2174.6	9859	21820	0.0
2016-09-14	2167.4	2170.2	2147.8	2149.8	9760	21419	0.0
2016-09-19	2162.4	2169.0	2161.0	2164.8	7149	19857	0.0
2016-09-20	2165.4	2166.6	2158.8	2165.0	3506	20784	0.0
2016-09-21	2164.8	2171.8	2162.2	2168.8	3536	21158	0.0
2016-09-22	2179.2	2196.4	2174.0	2182.0	4467	21486	0.0
2016-09-23	2183.2	2184.6	2178.2	2178.2	3898	21819	0.0
2016-09-27	2152.8	2165.6	2152.6	2162.6	5165	22118	0.0
2016-09-28	2161.6	2161.6	2153.2	2157.6	4077	22415	0.0
2016-09-29	2164.4	2175.4	2163.0	2167.4	4343	22445	0.0
2016-09-30	2163.8	2173.2	2163.4	2167.8	3429	22244	0.0
2016-10-10	2192.2	2200.8	2175.4	2192.8	5529	23010	0.0
2016-10-11	2194.8	2200.4	2191.2	2197.4	5070	22964	0.0
2016-10-12	2193.8	2194.0	2186.8	2189.4	4006	23126	0.0
2016-10-13	2186.6	2196.2	2183.4	2187.4	4115	23224	0.0
2016-10-14	2187.8	2198.6	2181.0	2197.4	4980	23459	0.0
2016-10-17	2193.0	2193.4	2163.8	2175.4	6045	23532	0.0
2016-10-18	2177.2	2210.0	2177.2	2209.2	7789	24191	0.0
2016-10-19	2211.6	2218.0	2202.0	2204.8	9222	24475	0.0
2016-10-20	2207.8	2214.8	2206.0	2209.6	8846	24442	0.0
2016-10-21	2209.4	2233.8	2206.0	2219.0	7863	23235	0.0
2016-10-24	2227.0	2268.8	2225.2	2254.0	5938	23816	0.0
2016-10-25	2256.0	2256.4	2246.2	2248.2	3660	23847	0.0
2016-10-26	2248.2	2253.4	2236.8	2240.6	3881	24010	0.0
2016-10-27	2241.8	2241.8	2229.0	2236.6	4096	24049	0.0
2016-10-28	2239.8	2258.8	2236.4	2241.4	5088	24125	0.0
2016-10-31	2237.8	2239.8	2217.6	2237.2	3493	23955	0.0
2016-11-01	2236.4	2251.8	2233.8	2248.4	4046	24246	0.0
2016-11-02	2241.0	2243.2	2229.4	2233.4	3626	23976	0.0
2016-11-03	2231.2	2269.8	2231.0	2257.2	5289	24672	0.0
2016-11-04	2260.4	2271.2	2252.8	2257.4	4291	24410	0.0
2016-11-07	2258.4	2267.2	2253.6	2262.0	3795	24285	0.0
2016-11-08	2272.8	2285.0	2264.0	2273.4	5155	24639	0.0
2016-11-09	2271.6	2271.6	2223.8	2254.8	7377	24928	0.0
2016-11-10	2277.4	2287.8	2273.8	2278.2	6206	24513	0.0
2016-11-11	2274.6	2304.6	2271.2	2300.2	7084	25215	0.0
2016-11-14	2293.4	2326.2	2293.4	2305.8	8086	25431	0.0
2016-11-15	2306.8	2308.4	2294.8	2300.0	6934	25122	0.0
2016-11-16	2302.6	2303.2	2292.0	2295.8	8067	25401	0.0
2016-11-17	2290.0	2300.6	2281.6	2300.0	8774	25103	0.0
2016-11-18	2300.4	2308.0	2289.4	2292.4	6966	22858	0.0
2016-11-21	2294.0	2332.2	2292.0	2316.2	5482	24088	0.0
2016-11-22	2322.8	2337.6	2321.4	2337.4	5317	24477	0.0
2016-11-23	2334.2	2355.4	2331.2	2344.4	5370	24733	0.0
2016-11-24	2341.4	2361.8	2339.2	2350.6	4673	25006	0.0
2016-11-25	2355.6	2386.6	2340.2	2385.2	5265	25177	0.0
2016-11-28	2398.6	2416.4	2386.8	2397.6	5958	25282	0.0
2016-11-29	2392.6	2452.6	2385.6	2439.0	6989	25959	0.0
2016-11-30	2435.8	2446.2	2410.0	2414.6	7752	25563	0.0
2016-12-01	2426.8	2446.6	2411.6	2428.2	6238	25734	0.0
2016-12-02	2423.8	2430.6	2399.8	2407.0	7415	25023	0.0
2016-12-05	2380.4	2386.8	2359.8	2365.0	7184	24889	0.0
2016-12-06	2371.0	2375.4	2359.6	2360.8	4987	24443	0.0
2016-12-07	2364.4	2367.0	2354.0	2362.8	4953	24078	0.0
2016-12-08	2368.4	2372.8	2363.0	2367.4	4904	23728	0.0
2016-12-09	2365.6	2407.8	2358.0	2399.4	6803	24502	0.0
2016-12-12	2397.8	2411.6	2356.0	2370.4	9459	24791	0.0
2016-12-13	2369.8	2373.2	2349.6	2359.6	9631	24730	0.0
2016-12-14	2362.2	2374.8	2345.8	2346.6	10122	24900	0.0
2016-12-15	2333.8	2344.8	2288.6	2296.6	12472	25536	0.0
2016-12-16	2298.2	2305.6	2285.6	2285.8	8768	22635	0.0
2016-12-19	2283.2	2287.6	2270.0	2275.2	4510	23501	0.0
2016-12-20	2278.2	2279.8	2242.6	2259.6	5833	24198	0.0
2016-12-21	2267.2	2287.8	2266.2	2283.2	5245	24278	0.0
2016-12-22	2278.6	2282.6	2264.6	2271.6	3921	24525	0.0
2016-12-23	2270.4	2273.6	2249.6	2256.2	3865	24725	0.0
2016-12-26	2245.0	2280.2	2229.8	2275.6	4798	25205	0.0
2016-12-27	2271.6	2283.8	2265.0	2267.0	3850	25123	0.0
2016-12-28	2267.8	2271.8	2252.8	2260.2	4159	25300	0.0
2016-12-29	2256.8	2272.0	2251.8	2258.8	4472	25644	0.0
2016-12-30	2269.2	2277.0	2263.2	2267.0	3919	25808	0.0
2017-01-03	2274.4	2304.8	2273.0	2292.0	5091	26207	0.0
2017-01-04	2290.6	2311.0	2290.6	2306.6	5953	26677	0.0
2017-01-05	2311.0	2315.0	2303.8	2306.0	5109	27101	0.0
2017-01-06	2309.6	2311.4	2297.2	2297.2	4192	27242	0.0
2017-01-09	2301.0	2311.0	2298.2	2305.6	3953	27381	0.0
2017-01-10	2306.2	2309.8	2298.6	2300.4	4802	27679	0.0
2017-01-11	2303.0	2307.4	2289.4	2290.8	5599	27917	0.0
2017-01-12	2293.2	2297.8	2279.8	2282.4	5822	28215	0.0
2017-01-13	2287.0	2306.6	2282.8	2296.4	5827	28331	0.0
2017-01-16	2294.6	2321.6	2277.0	2316.4	10538	28158	0.0
2017-01-17	2313.8	2322.6	2312.2	2316.8	10179	27115	0.0
2017-01-18	2318.4	2346.0	2317.2	2336.2	10317	27225	0.0
2017-01-19	2333.6	2343.4	2324.2	2327.2	11214	26627	0.0
2017-01-20	2328.8	2347.8	2328.6	2347.4	8159	25297	0.0
2017-01-23	2350.4	2358.6	2337.6	2344.0	4242	25602	0.0
2017-01-24	2346.6	2350.8	2340.6	2349.2	3929	25586	0.0
2017-01-25	2342.4	2356.0	2339.2	2355.8	3904	25468	0.0
2017-01-26	2359.2	2371.4	2357.0	2362.2	3899	25691	0.0
2017-02-03	2364.6	2365.2	2335.2	2338.8	3851	26096	0.0
2017-02-06	2343.4	2348.2	2332.2	2339.4	5268	26276	0.0
2017-02-07	2338.2	2343.2	2326.8	2330.0	4582	26494	0.0
2017-02-08	2330.6	2341.2	2316.8	2340.2	5703	26892	0.0
2017-02-09	2337.2	2358.8	2337.0	2347.2	5967	27303	0.0
2017-02-10	2353.6	2365.4	2352.6	2357.8	6709	27106	0.0
2017-02-13	2364.6	2373.0	2363.0	2366.8	7941	27250	0.0
2017-02-14	2368.0	2369.6	2360.0	2362.4	7966	27136	0.0
2017-02-15	2364.4	2375.2	2361.4	2361.4	10753	28193	0.0
2017-02-16	2365.6	2369.8	2357.4	2365.2	8679	27833	0.0
2017-02-17	2373.4	2379.2	2350.6	2351.4	9066	27730	0.0
2017-02-20	2357.2	2389.0	2356.6	2389.0	8922	30510	0.0
2017-02-21	2388.8	2401.8	2383.0	2385.2	8243	30462	0.0
2017-02-22	2385.6	2389.4	2380.0	2387.6	6178	30667	0.0
2017-02-23	2386.4	2393.0	2371.2	2376.4	7127	31669	0.0
2017-02-24	2374.8	2379.6	2367.0	2377.0	6566	32158	0.0
2017-02-27	2373.0	2375.8	2354.8	2361.2	6192	32895	0.0
2017-02-28	2362.8	2370.6	2351.0	2357.4	5773	33334	0.0
2017-03-01	2359.8	2373.6	2358.0	2359.0	7215	34055	0.0
2017-03-02	2367.8	2371.6	2340.6	2341.8	7366	34682	0.0
2017-03-03	2339.8	2341.0	2328.2	2331.6	6888	35317	0.0
2017-03-06	2331.8	2343.0	2329.0	2334.6	6978	35546	0.0
2017-03-07	2333.6	2342.0	2332.0	2339.4	6197	35611	0.0
2017-03-08	2337.2	2348.8	2335.6	2342.6	7018	35766	0.0
2017-03-09	2338.4	2339.0	2317.0	2327.2	9197	36270	0.0
2017-03-10	2327.2	2330.2	2321.4	2321.4	8916	35717	0.0
2017-03-13	2320.8	2344.2	2312.4	2343.2	14886	36062	0.0
2017-03-14	2342.2	2346.4	2250.2	2337.8	12024	35878	0.0
2017-03-15	2336.4	2341.8	2331.8	2337.2	13237	35722	0.0
2017-03-16	2355.6	2366.8	2350.0	2356.2	15922	35313	0.0
2017-03-17	2358.4	2359.4	2322.6	2327.8	12569	34506	0.0
2017-03-20	2337.8	2338.2	2323.2	2332.2	6540	34912	0.0
2017-03-21	2331.6	2340.0	2329.8	2337.6	6760	34940	0.0
2017-03-22	2327.6	2334.6	2312.8	2321.2	7723	35417	0.0
2017-03-23	2328.0	2340.8	2320.2	2329.0	8666	35239	0.0
2017-03-24	2334.0	2363.4	2329.0	2354.6	9121	35116	0.0
2017-03-27	2353.0	2366.0	2343.4	2346.8	9105	34171	0.0
2017-03-28	2355.2	2355.4	2340.8	2341.6	6619	33766	0.0
2017-03-29	2348.2	2352.0	2337.2	2345.0	6875	33954	0.0
2017-03-30	2343.2	2346.2	2327.8	2334.6	8591	33888	0.0
2017-03-31	2335.4	2355.8	2282.4	2346.8	6795	32821	0.0
2017-04-05	2368.0	2373.6	2355.0	2372.6	8836	33233	0.0
2017-04-06	2371.6	2378.0	2361.8	2372.6	6764	33128	0.0
2017-04-07	2369.2	2378.0	2363.4	2371.8	6749	32896	0.0
2017-04-10	2371.4	2375.6	2364.4	2366.0	6100	32107	0.0
2017-04-11	2363.6	2370.8	2342.2	2363.0	10156	32213	0.0
2017-04-12	2362.2	2370.0	2347.4	2357.4	7833	31552	0.0
2017-04-13	2355.6	2362.2	2352.2	2356.6	7629	31699	0.0
2017-04-14	2356.4	2356.6	2334.0	2337.8	8399	32074	0.0
2017-04-17	2330.2	2341.6	2325.6	2339.0	11965	31739	0.0
2017-04-18	2337.6	2337.8	2321.8	2321.8	11622	30858	0.0
2017-04-19	2317.8	2321.0	2298.6	2304.8	12762	31537	0.0
2017-04-20	2305.8	2314.0	2303.4	2313.2	11672	30836	0.0
2017-04-21	2315.2	2322.0	2310.6	2316.0	10041	29105	0.0
2017-04-24	2317.8	2317.8	2302.2	2311.0	7710	29551	0.0
2017-04-25	2317.2	2323.0	2313.8	2320.4	6457	28874	0.0
2017-04-26	2323.4	2334.8	2320.6	2322.2	7229	29018	0.0
2017-04-27	2319.0	2329.2	2310.0	2327.2	7394	28928	0.0
2017-04-28	2326.6	2330.0	2315.2	2322.4	5903	28788	0.0
2017-05-02	2324.0	2328.0	2314.6	2314.6	4886	28459	0.0
2017-05-03	2316.2	2322.4	2308.0	2310.0	5768	29033	0.0
2017-05-04	2307.6	2314.6	2301.4	2302.2	6338	29485	0.0
2017-05-05	2301.8	2303.2	2280.0	2295.0	8095	30082	0.0
2017-05-08	2293.6	2300.6	2282.6	2298.0	7902	29133	0.0
2017-05-09	2297.6	2302.6	2292.8	2298.6	6831	28865	0.0
2017-05-10	2303.6	2313.6	2301.4	2302.4	8602	28954	0.0
2017-05-11	2302.0	2318.4	2301.6	2317.2	9600	29347	0.0
2017-05-12	2315.6	2351.2	2315.2	2348.4	11800	29865	0.0
2017-05-15	2360.6	2369.4	2353.2	2354.4	10580	30065	0.0
2017-05-16	2354.2	2361.0	2343.6	2361.0	10617	30041	0.0
2017-05-17	2357.2	2358.6	2341.4	2341.4	11070	29418	0.0
2017-05-18	2335.4	2340.8	2329.0	2333.4	11530	28846	0.0
2017-05-19	2334.8	2340.2	2333.2	2334.6	8374	26603	0.0
2017-05-22	2332.6	2356.2	2332.6	2349.6	8186	28005	0.0
2017-05-23	2349.4	2381.6	2348.8	2378.8	9032	28985	0.0
2017-05-24	2375.8	2384.0	2356.4	2376.2	10002	28449	0.0
2017-05-25	2381.8	2452.8	2377.8	2452.8	13094	29910	0.0
2017-05-26	2448.0	2462.0	2433.6	2448.4	10756	28849	0.0
2017-05-31	2452.6	2486.6	2437.0	2457.6	10711	29709	0.0
2017-06-01	2459.2	2476.2	2445.6	2475.4	9222	29591	0.0
2017-06-02	2475.2	2482.6	2451.4	2454.8	9562	29361	0.0
2017-06-05	2455.2	2455.4	2423.6	2425.2	9244	28777	0.0
2017-06-06	2427.2	2446.2	2423.4	2440.4	9243	28927	0.0
2017-06-07	2441.2	2469.0	2440.8	2460.8	10271	29000	0.0
2017-06-08	2454.8	2490.6	2451.2	2485.6	11620	29032	0.0
2017-06-09	2484.2	2514.2	2484.2	2497.4	11462	28734	0.0
2017-06-12	2492.6	2517.6	2483.0	2488.8	12690	28073	0.0
2017-06-13	2486.8	2490.0	2467.0	2486.6	12778	27314	0.0
2017-06-14	2479.0	2479.4	2451.0	2454.0	13427	26141	0.0
2017-06-15	2454.4	2462.8	2432.4	2436.6	13742	26108	0.0
2017-06-16	2439.6	2450.8	2419.4	2419.8	13006	23975	0.0
2017-06-19	2427.6	2463.8	2423.6	2462.8	10323	25755	0.0
2017-06-20	2468.4	2472.6	2443.4	2450.4	9117	25481	0.0
2017-06-21	2460.2	2474.8	2439.8	2474.8	10919	26579	0.0
2017-06-22	2471.8	2518.2	2470.4	2484.4	13671	27970	0.0
2017-06-23	2485.8	2512.0	2469.2	2510.8	12598	27197	0.0
2017-06-26	2512.2	2535.8	2512.2	2520.6	11401	27599	0.0
2017-06-27	2514.8	2534.0	2504.8	2529.6	10353	27096	0.0
2017-06-28	2519.0	2533.6	2509.2	2510.0	10258	27484	0.0
2017-06-29	2519.4	2531.4	2507.6	2526.8	10105	27357	0.0
2017-06-30	2517.0	2526.8	2511.8	2518.8	8574	26923	0.0
2017-07-03	2520.4	2523.6	2496.6	2504.8	9537	27126	0.0
2017-07-04	2499.6	2501.0	2475.8	2476.2	10630	27373	0.0
2017-07-05	2483.4	2527.0	2482.4	2526.6	10629	27515	0.0
2017-07-06	2519.8	2537.2	2506.6	2525.0	10717	27908	0.0
2017-07-07	2521.8	2526.4	2510.2	2517.4	9171	27475	0.0
2017-07-10	2517.2	2536.2	2510.6	2529.8	9064	27808	0.0
2017-07-11	2530.2	2580.2	2530.0	2563.0	12539	29132	0.0
2017-07-12	2562.2	2591.8	2540.8	2549.2	15230	28414	0.0
2017-07-13	2555.4	2593.2	2555.0	2592.8	12792	28706	0.0
2017-07-14	2599.2	2622.8	2586.0	2622.4	12184	28667	0.0
2017-07-17	2633.8	2657.4	2598.4	2628.0	16521	29687	0.0
2017-07-18	2624.0	2638.0	2596.6	2615.2	15540	27885	0.0
2017-07-19	2620.2	2659.4	2617.4	2659.4	17075	27762	0.0
2017-07-20	2655.6	2668.4	2644.2	2668.2	17186	26373	0.0
2017-07-21	2658.6	2662.8	2635.8	2640.2	13939	24337	0.0
2017-07-24	2642.6	2670.0	2633.8	2663.0	11405	25822	0.0
2017-07-25	2661.0	2670.8	2640.8	2642.8	11211	25330	0.0
2017-07-26	2649.8	2663.2	2619.2	2632.0	12906	25765	0.0
2017-07-27	2631.8	2641.8	2615.0	2633.0	11148	25430	0.0
2017-07-28	2626.4	2642.8	2621.4	2635.8	8954	24774	0.0
2017-07-31	2636.8	2648.6	2626.2	2638.8	8562	25106	0.0
2017-08-01	2645.8	2683.2	2638.2	2682.0	11634	25845	0.0
2017-08-02	2683.0	2698.6	2680.6	2687.8	10857	25755	0.0
2017-08-03	2683.4	2695.4	2646.4	2647.4	11893	25855	0.0
2017-08-04	2652.6	2658.2	2627.6	2628.0	10118	25522	0.0
2017-08-07	2631.8	2645.8	2616.8	2636.6	9701	25315	0.0
2017-08-08	2634.8	2643.6	2622.8	2638.2	8961	25385	0.0
2017-08-09	2628.6	2636.6	2617.0	2618.8	8962	25130	0.0
2017-08-10	2619.8	2636.6	2586.8	2607.2	12560	25410	0.0
2017-08-11	2593.0	2602.2	2562.2	2563.0	12820	24828	0.0
2017-08-14	2568.6	2595.0	2566.0	2586.8	11681	23610	0.0
2017-08-15	2592.8	2618.4	2591.8	2604.4	12112	23423	0.0
2017-08-16	2596.8	2599.4	2584.2	2591.6	12322	22793	0.0
2017-08-17	2601.0	2609.0	2590.4	2604.4	12369	22685	0.0
2017-08-18	2598.6	2625.0	2594.0	2617.0	12611	21605	0.0
2017-08-21	2626.2	2638.2	2612.6	2617.6	8473	21482	0.0
2017-08-22	2624.0	2646.0	2619.0	2644.8	9105	21689	0.0
2017-08-23	2644.8	2677.8	2643.8	2664.8	9634	22346	0.0
2017-08-24	2663.6	2677.4	2647.6	2653.0	8878	22352	0.0
2017-08-25	2655.6	2719.2	2654.6	2715.8	12409	24021	0.0
2017-08-28	2727.0	2776.2	2727.0	2746.2	12973	24321	0.0
2017-08-29	2740.8	2754.0	2734.4	2747.4	9118	24053	0.0
2017-08-30	2755.6	2772.4	2729.4	2733.4	10383	24635	0.0
2017-08-31	2740.6	2744.2	2716.2	2726.6	10638	24822	0.0
2017-09-01	2735.4	2746.2	2711.0	2719.8	9711	24907	0.0
2017-09-04	2718.8	2725.6	2705.2	2720.2	8902	24866	0.0
2017-09-05	2726.6	2749.6	2719.8	2735.6	9849	25126	0.0
2017-09-06	2732.6	2734.0	2712.6	2718.0	9608	25429	0.0
2017-09-07	2723.6	2729.2	2695.6	2697.0	9281	25082	0.0
2017-09-08	2703.2	2709.4	2685.0	2691.4	9207	24679	0.0
2017-09-11	2699.2	2718.2	2681.4	2686.8	11869	25414	0.0
2017-09-12	2693.8	2706.8	2683.6	2703.6	13683	25743	0.0
2017-09-13	2702.4	2705.4	2689.4	2696.6	11993	24850	0.0
2017-09-14	2698.0	2706.0	2674.2	2680.4	14568	24067	0.0
2017-09-15	2676.8	2688.8	2668.8	2685.0	14512	21094	0.0
2017-09-18	2693.8	2712.8	2692.2	2694.8	9328	22297	0.0
2017-09-19	2698.0	2705.4	2675.4	2682.6	10193	23522	0.0
2017-09-20	2682.0	2691.0	2675.4	2680.2	9276	23610	0.0
2017-09-21	2680.8	2707.2	2675.4	2691.0	10334	24093	0.0
2017-09-22	2684.8	2700.0	2676.2	2688.6	9637	24240	0.0
2017-09-25	2686.4	2694.6	2677.8	2686.4	8433	23889	0.0
2017-09-26	2687.2	2695.2	2685.4	2690.6	6478	23280	0.0
2017-09-27	2689.4	2689.4	2671.8	2673.4	7738	23817	0.0
2017-09-28	2674.6	2679.0	2664.0	2678.0	7019	23304	0.0
2017-09-29	2680.4	2698.6	2680.2	2689.8	8059	23465	0.0
2017-10-09	2746.6	2747.8	2703.0	2707.6	10595	24592	0.0
2017-10-10	2711.4	2723.0	2692.0	2706.4	10326	25169	0.0
2017-10-11	2713.2	2726.2	2708.2	2719.0	9507	25269	0.0
2017-10-12	2719.0	2733.2	2712.8	2727.6	8576	24737	0.0
2017-10-13	2725.6	2731.6	2722.0	2729.2	7507	24661	0.0
2017-10-16	2732.4	2748.0	2729.8	2735.2	11878	25108	0.0
2017-10-17	2739.0	2743.6	2730.4	2734.8	10185	24659	0.0
2017-10-18	2739.4	2756.8	2735.4	2755.2	13018	24090	0.0
2017-10-19	2755.0	2761.2	2753.4	2757.2	12269	23558	0.0
2017-10-20	2752.8	2753.2	2742.4	2744.2	11233	21641	0.0
2017-10-23	2751.2	2751.4	2737.4	2746.8	6286	21936	0.0
2017-10-24	2742.8	2767.0	2742.2	2757.8	9183	23171	0.0
2017-10-25	2759.8	2763.6	2752.4	2758.0	7352	22699	0.0
2017-10-26	2757.4	2794.2	2756.2	2785.6	9777	23765	0.0
2017-10-27	2785.6	2824.8	2785.0	2824.4	9868	24225	0.0
2017-10-30	2824.8	2832.6	2791.4	2805.4	13397	25154	0.0
2017-10-31	2798.2	2805.2	2792.6	2803.6	7986	23838	0.0
2017-11-01	2805.6	2825.8	2791.0	2796.6	10522	24308	0.0
2017-11-02	2798.8	2803.0	2785.2	2802.2	8972	23845	0.0
2017-11-03	2800.4	2804.8	2780.0	2799.8	10369	24406	0.0
2017-11-06	2798.8	2802.8	2784.2	2799.0	9192	23320	0.0
2017-11-07	2802.8	2836.8	2801.6	2831.6	10701	24308	0.0
2017-11-08	2829.4	2854.0	2823.0	2827.6	11105	24209	0.0
2017-11-09	2828.8	2841.0	2821.8	2839.8	8618	23781	0.0
2017-11-10	2838.0	2875.8	2835.0	2872.0	10656	24240	0.0
2017-11-13	2883.2	2894.0	2876.6	2882.8	10300	23296	0.0
2017-11-14	2884.6	2889.4	2867.2	2869.0	11953	23368	0.0
2017-11-15	2862.4	2873.6	2854.8	2858.0	12438	23181	0.0
2017-11-16	2857.6	2893.2	2857.4	2889.0	13711	23086	0.0
2017-11-17	2888.2	2940.4	2886.2	2940.4	14282	22491	0.0
2017-11-20	2933.2	2950.4	2907.0	2949.2	12528	22469	0.0
2017-11-21	2944.0	3027.4	2941.4	3005.0	14111	23907	0.0
2017-11-22	3024.0	3053.0	3006.0	3025.4	13924	24439	0.0
2017-11-23	3021.0	3036.2	2922.6	2945.8	16652	25381	0.0
2017-11-24	2958.6	2964.4	2924.6	2947.0	14176	24746	0.0
2017-11-27	2942.2	2944.0	2898.4	2920.4	14958	23754	0.0
2017-11-28	2913.2	2921.2	2890.0	2906.2	11633	23684	0.0
2017-11-29	2921.0	2929.8	2867.8	2898.0	14251	24923	0.0
2017-11-30	2888.8	2910.2	2859.4	2862.2	13772	24192	0.0
2017-12-01	2869.4	2874.8	2838.6	2845.0	13179	23640	0.0
2017-12-04	2835.0	2878.4	2828.4	2863.2	12823	23095	0.0
2017-12-05	2866.8	2922.6	2865.0	2909.8	14977	23246	0.0
2017-12-06	2903.2	2904.4	2846.6	2871.8	14960	23116	0.0
2017-12-07	2875.6	2884.0	2831.0	2846.4	14008	22711	0.0
2017-12-08	2851.8	2883.4	2839.4	2872.8	13380	22180	0.0
2017-12-11	2873.8	2907.0	2867.2	2907.0	12621	21442	0.0
2017-12-12	2904.2	2911.4	2855.8	2857.0	13580	21803	0.0
2017-12-13	2860.8	2891.2	2847.2	2881.8	14570	21745	0.0
2017-12-14	2884.0	2892.0	2853.2	2863.6	14910	21178	0.0
2017-12-15	2857.4	2861.8	2825.0	2830.6	16301	19630	0.0
2017-12-18	2838.6	2861.8	2833.0	2844.4	10706	20111	0.0
2017-12-19	2847.0	2889.0	2846.2	2887.4	10311	20111	0.0
2017-12-20	2887.0	2901.2	2877.4	2889.2	10123	20407	0.0
2017-12-21	2883.6	2928.6	2875.4	2913.6	12105	21072	0.0
2017-12-22	2915.8	2919.2	2894.2	2897.0	8713	20497	0.0
2017-12-25	2905.6	2935.0	2887.8	2895.6	11447	21797	0.0
2017-12-26	2902.2	2921.6	2890.8	2917.2	11273	21707	0.0
2017-12-27	2911.2	2916.4	2847.4	2851.4	12522	22337	0.0
2017-12-28	2861.6	2889.6	2850.8	2875.0	11294	21484	0.0
2017-12-29	2881.8	2894.8	2868.4	2878.2	9176	20623	0.0
2018-01-02	2889.0	2927.8	2889.0	2927.0	11597	21238	0.0
2018-01-03	2926.8	2958.8	2923.0	2930.0	13015	21988	0.0
2018-01-04	2932.4	2948.6	2926.4	2936.6	10947	21145	0.0
2018-01-05	2937.6	2953.4	2932.8	2951.2	10330	20920	0.0
2018-01-08	2950.4	2966.4	2943.6	2958.0	10073	20853	0.0
2018-01-09	2957.6	2986.8	2957.6	2986.8	9924	20877	0.0
2018-01-10	2985.4	3009.4	2976.6	3007.0	12155	21451	0.0
2018-01-11	3000.4	3018.8	2995.2	3007.2	10883	20466	0.0
2018-01-12	3011.6	3034.4	3007.8	3034.2	11156	21268	0.0
2018-01-15	3041.4	3079.8	3034.2	3059.0	14722	22221	0.0
2018-01-16	3058.2	3087.0	3050.6	3087.0	15077	21879	0.0
2018-01-17	3092.0	3143.6	3079.2	3088.8	20846	23257	0.0
2018-01-18	3120.0	3141.6	3103.4	3129.0	19089	22843	0.0
2018-01-19	3147.0	3157.8	3123.6	3139.4	18999	22301	0.0
2018-01-22	3132.2	3158.8	3131.6	3152.4	14265	22361	0.0
2018-01-23	3169.8	3201.2	3167.2	3200.6	15606	23827	0.0
2018-01-24	3205.8	3219.2	3170.0	3194.4	17562	25124	0.0
2018-01-25	3191.2	3192.6	3147.6	3170.8	16860	25070	0.0
2018-01-26	3174.0	3218.6	3169.2	3196.4	15385	25281	0.0
2018-01-29	3213.8	3217.2	3124.6	3134.6	18938	26338	0.0
2018-01-30	3130.0	3146.0	3094.0	3094.2	15690	25660	0.0
2018-01-31	3091.6	3133.8	3089.4	3132.2	17743	25707	0.0
2018-02-01	3131.8	3153.4	3115.2	3146.6	16986	25388	0.0
2018-02-02	3132.8	3170.2	3097.4	3166.2	17813	25696	0.0
2018-02-05	3135.2	3202.4	3134.8	3200.8	16978	25639	0.0
2018-02-06	3162.0	3171.6	3103.6	3110.6	23879	28359	0.0
2018-02-07	3159.4	3178.4	3020.0	3022.4	27631	26637	0.0
2018-02-08	3018.6	3031.4	2915.2	2939.2	23992	25967	0.0
2018-02-09	2882.8	2884.6	2682.2	2771.8	30494	25554	0.0
2018-02-12	2790.8	2818.8	2767.8	2789.0	22157	23409	0.0
2018-02-13	2827.8	2879.6	2824.2	2838.4	19930	22445	0.0
2018-02-14	2851.4	2876.0	2839.4	2866.8	15076	20545	0.0
2018-02-22	2911.6	2926.2	2891.6	2915.8	14049	19303	0.0
2018-02-23	2926.0	2958.2	2920.4	2954.4	13601	20610	0.0
2018-02-26	2984.4	2988.6	2932.0	2973.2	15548	21319	0.0
2018-02-27	2980.2	2981.4	2915.2	2918.0	15721	21515	0.0
2018-02-28	2897.0	2906.8	2861.2	2868.8	16712	22159	0.0
2018-03-01	2851.2	2909.4	2850.6	2886.4	16326	22442	0.0
2018-03-02	2870.0	2889.4	2851.2	2861.6	14505	22561	0.0
2018-03-05	2881.0	2897.8	2838.6	2855.6	15003	22891	0.0
2018-03-06	2879.0	2897.4	2833.6	2896.6	17698	24070	0.0
2018-03-07	2895.0	2926.6	2859.4	2873.0	17702	23490	0.0
2018-03-08	2881.6	2903.8	2866.2	2899.2	15341	23289	0.0
2018-03-09	2910.8	2919.4	2888.2	2907.8	14193	22962	0.0
2018-03-12	2928.2	2928.8	2901.0	2909.4	15351	23218	0.0
2018-03-13	2907.0	2922.6	2868.6	2870.8	17684	23648	0.0
2018-03-14	2865.6	2877.2	2855.6	2862.6	16874	22893	0.0
2018-03-15	2861.8	2895.0	2861.6	2894.6	17653	23191	0.0
2018-03-16	2894.0	2909.6	2861.8	2862.0	16922	21384	0.0
2018-03-19	2870.0	2893.6	2852.4	2893.6	13055	21935	0.0
2018-03-20	2881.0	2903.6	2869.8	2896.0	13101	22422	0.0
2018-03-21	2920.0	2927.2	2870.0	2878.8	15177	22916	0.0
2018-03-22	2889.4	2898.6	2841.4	2854.0	16020	23501	0.0
2018-03-23	2764.0	2785.8	2717.4	2728.0	20452	24673	0.0
2018-03-26	2748.6	2752.8	2691.2	2722.6	18636	24214	0.0
2018-03-27	2761.8	2762.2	2709.8	2733.0	16202	24300	0.0
2018-03-28	2709.0	2737.6	2663.2	2664.0	18339	26258	0.0
2018-03-29	2679.8	2741.8	2640.0	2727.6	21228	26915	0.0
2018-03-30	2728.0	2733.0	2704.0	2707.2	14935	25704	0.0
2018-04-02	2710.0	2748.4	2689.4	2691.2	15938	26694	0.0
2018-04-03	2680.6	2705.0	2669.6	2696.2	16334	26226	0.0
2018-04-04	2701.4	2725.2	2686.8	2691.8	14710	25798	0.0
2018-04-09	2708.2	2718.4	2683.0	2711.8	13858	25728	0.0
2018-04-10	2710.0	2777.8	2704.8	2776.4	18073	26275	0.0
2018-04-11	2775.4	2793.4	2761.2	2773.0	16241	24936	0.0
2018-04-12	2774.8	2776.8	2738.6	2740.4	14533	24889	0.0
2018-04-13	2756.2	2763.2	2708.6	2712.6	15660	25021	0.0
2018-04-16	2709.0	2716.0	2647.6	2647.6	17228	25016	0.0
2018-04-17	2657.6	2679.0	2617.0	2624.4	20153	24815	0.0
2018-04-18	2650.6	2656.0	2617.4	2639.4	22933	25635	0.0
2018-04-19	2648.8	2688.8	2645.0	2679.8	20531	24514	0.0
2018-04-20	2668.6	2673.4	2619.0	2629.0	20949	24005	0.0
2018-04-23	2635.4	2667.0	2625.4	2658.8	18131	25137	0.0
2018-04-24	2676.8	2733.8	2675.0	2721.4	18828	25825	0.0
2018-04-25	2715.6	2718.0	2693.6	2699.8	13999	24974	0.0
2018-04-26	2711.0	2719.0	2647.2	2659.0	15901	25852	0.0
2018-04-27	2668.4	2668.6	2609.0	2647.8	18540	26258	0.0
2018-05-02	2661.4	2671.0	2634.6	2653.2	14005	25123	0.0
2018-05-03	2638.2	2671.8	2623.6	2658.0	15719	25885	0.0
2018-05-04	2657.6	2666.4	2635.0	2635.8	12613	24709	0.0
2018-05-07	2648.2	2678.2	2628.4	2674.0	15256	25753	0.0
2018-05-08	2676.8	2727.6	2676.8	2715.4	16357	25383	0.0
2018-05-09	2715.4	2719.0	2697.2	2709.0	12497	24373	0.0
2018-05-10	2726.2	2737.2	2705.0	2725.2	13766	25123	0.0
2018-05-11	2732.6	2735.2	2715.0	2719.8	13221	24717	0.0
2018-05-14	2732.2	2755.4	2729.0	2747.4	14567	25263	0.0
2018-05-15	2749.0	2749.2	2722.2	2740.8	14535	24645	0.0
2018-05-16	2733.2	2736.6	2699.8	2704.2	15318	24644	0.0
2018-05-17	2710.4	2711.8	2684.0	2685.4	15933	24134	0.0
2018-05-18	2688.4	2731.8	2679.8	2731.4	17297	23163	0.0
2018-05-21	2744.8	2758.0	2722.8	2730.2	14548	23590	0.0
2018-05-22	2729.8	2732.6	2693.8	2711.2	12875	24125	0.0
2018-05-23	2700.6	2703.8	2660.6	2661.2	14002	24314	0.0
2018-05-24	2661.0	2677.0	2644.2	2645.4	12751	24654	0.0
2018-05-25	2649.4	2667.4	2633.2	2643.2	12996	25404	0.0
2018-05-28	2648.4	2675.4	2641.6	2660.6	14633	25541	0.0
2018-05-29	2652.2	2662.4	2624.4	2641.8	15392	26079	0.0
2018-05-30	2615.6	2623.2	2583.2	2585.0	16360	25723	0.0
2018-05-31	2605.2	2642.0	2601.8	2636.6	17027	25232	0.0
2018-06-01	2628.0	2640.0	2613.4	2624.8	15373	24481	0.0
2018-06-04	2642.0	2674.0	2637.4	2669.8	14800	24449	0.0
2018-06-05	2668.4	2687.6	2658.0	2679.0	14093	23698	0.0
2018-06-06	2675.2	2678.0	2666.4	2671.0	10894	23089	0.0
2018-06-07	2681.4	2703.6	2674.8	2679.2	13742	23524	0.0
2018-06-08	2662.0	2666.2	2620.6	2629.8	13365	23349	0.0
2018-06-11	2624.8	2651.2	2619.0	2646.4	14824	23487	0.0
2018-06-12	2645.8	2680.4	2637.4	2671.0	16639	23780	0.0
2018-06-13	2665.0	2669.0	2645.4	2649.6	14964	22716	0.0
2018-06-14	2648.0	2678.8	2644.2	2652.6	17732	24301	0.0
2018-06-15	2651.2	2667.0	2639.6	2639.6	19303	21477	0.0
2018-06-19	2618.6	2628.0	2531.4	2556.8	19812	23582	0.0
2018-06-20	2567.8	2582.4	2543.8	2571.8	14878	22427	0.0
2018-06-21	2572.2	2604.8	2546.4	2551.8	16428	22867	0.0
2018-06-22	2542.0	2566.4	2535.2	2557.4	15115	22763	0.0
2018-06-25	2565.8	2570.2	2499.6	2500.2	15436	23730	0.0
2018-06-26	2488.2	2495.2	2440.2	2477.8	17521	24331	0.0
2018-06-27	2476.6	2489.0	2404.6	2412.6	18304	25159	0.0
2018-06-28	2405.6	2441.0	2390.6	2402.2	17804	24809	0.0
2018-06-29	2420.8	2462.4	2410.0	2455.0	17326	24334	0.0
2018-07-02	2444.8	2447.2	2324.2	2340.6	19607	25044	0.0
2018-07-03	2362.0	2371.4	2299.2	2359.4	21416	26305	0.0
2018-07-04	2351.4	2379.0	2334.0	2342.0	16847	25176	0.0
2018-07-05	2347.8	2374.2	2322.0	2341.4	19630	25945	0.0
2018-07-06	2352.0	2401.6	2322.2	2378.8	22385	25797	0.0
2018-07-09	2397.0	2453.0	2395.0	2452.8	17891	24680	0.0
2018-07-10	2454.4	2458.8	2426.2	2447.0	16551	24812	0.0
2018-07-11	2391.6	2418.8	2382.0	2408.4	18647	25433	0.0
2018-07-12	2416.0	2480.0	2413.0	2461.8	17275	24991	0.0
2018-07-13	2469.2	2470.4	2453.2	2462.0	12663	24278	0.0
2018-07-16	2460.2	2477.8	2430.0	2441.6	16629	24672	0.0
2018-07-17	2439.8	2446.2	2411.2	2428.0	17412	24106	0.0
2018-07-18	2442.8	2460.8	2413.8	2415.6	19236	23254	0.0
2018-07-19	2430.6	2454.4	2418.0	2431.2	18966	22551	0.0
2018-07-20	2424.8	2505.8	2409.4	2499.2	23711	23231	0.0
2018-07-23	2491.4	2533.2	2483.8	2522.2	18028	23545	0.0
2018-07-24	2540.6	2579.0	2540.6	2558.8	17855	23247	0.0
2018-07-25	2565.4	2566.6	2548.8	2555.4	13690	22325	0.0
2018-07-26	2560.6	2575.0	2522.8	2524.2	15955	23072	0.0
2018-07-27	2527.6	2543.0	2515.2	2530.0	14188	22404	0.0
2018-07-30	2532.0	2565.4	2520.2	2541.6	17059	23640	0.0
2018-07-31	2536.2	2560.4	2527.0	2547.6	15182	22851	0.0
2018-08-01	2561.0	2576.8	2485.2	2485.2	20140	23936	0.0
2018-08-02	2480.8	2489.0	2411.4	2435.2	21330	23657	0.0
2018-08-03	2436.2	2451.2	2406.2	2406.8	17290	22566	0.0
2018-08-06	2414.0	2448.0	2391.4	2407.6	19712	23394	0.0
2018-08-07	2427.6	2481.6	2411.4	2479.6	19285	23216	0.0
2018-08-08	2473.4	2481.4	2437.0	2443.4	17435	22488	0.0
2018-08-09	2438.2	2513.0	2438.2	2501.6	19395	23379	0.0
2018-08-10	2506.0	2518.0	2482.6	2500.8	16120	22343	0.0
2018-08-13	2479.8	2488.0	2438.2	2475.8	19482	23629	0.0
2018-08-14	2476.2	2484.8	2450.8	2469.2	18523	22946	0.0
2018-08-15	2465.6	2467.6	2398.6	2402.2	19997	23692	0.0
2018-08-16	2371.6	2434.8	2360.8	2406.2	25151	24719	0.0
2018-08-17	2424.6	2429.2	2363.8	2370.2	20326	22048	0.0
2018-08-20	2380.8	2413.0	2370.4	2410.8	18866	23234	0.0
2018-08-21	2414.4	2464.4	2414.0	2448.6	18151	22575	0.0
2018-08-22	2446.6	2455.4	2432.2	2449.6	14180	22021	0.0
2018-08-23	2452.8	2476.0	2429.2	2455.8	19611	23966	0.0
2018-08-24	2445.2	2495.8	2435.8	2474.8	19525	23823	0.0
2018-08-27	2489.4	2522.2	2480.4	2519.0	17820	23357	0.0
2018-08-28	2524.2	2534.0	2503.0	2508.2	13903	22624	0.0
2018-08-29	2505.8	2515.2	2499.4	2505.2	12279	22623	0.0
2018-08-30	2511.0	2522.2	2478.4	2483.6	14917	23201	0.0
2018-08-31	2465.4	2494.6	2456.8	2471.0	17723	23757	0.0
2018-09-03	2465.6	2473.2	2443.8	2461.4	15211	23511	0.0
2018-09-04	2462.0	2511.4	2449.0	2502.4	19265	24577	0.0
2018-09-05	2493.6	2495.8	2432.8	2434.2	17748	23914	0.0
2018-09-06	2432.8	2452.4	2407.8	2413.6	18537	25150	0.0
2018-09-07	2429.0	2461.6	2416.2	2442.0	19857	24675	0.0
2018-09-10	2438.4	2445.6	2414.2	2418.6	15664	23969	0.0
2018-09-11	2421.2	2430.0	2390.8	2400.0	17064	24877	0.0
2018-09-12	2393.0	2406.6	2378.4	2386.0	16506	24797	0.0
2018-09-13	2421.2	2427.6	2390.0	2421.8	19874	25426	0.0
2018-09-14	2424.6	2441.8	2416.6	2430.4	16441	24011	0.0
2018-09-17	2417.6	2421.6	2402.8	2404.0	13996	23783	0.0
2018-09-18	2403.2	2472.2	2400.4	2469.2	21480	25190	0.0
2018-09-19	2465.6	2509.2	2464.4	2489.6	22559	24288	0.0
2018-09-20	2496.4	2509.4	2491.0	2497.2	18463	22556	0.0
2018-09-21	2503.0	2596.4	2497.6	2596.4	25159	24829	0.0
2018-09-25	2569.0	2574.4	2549.8	2560.8	15628	23795	0.0
2018-09-26	2573.2	2623.6	2569.0	2595.6	21198	26553	0.0
2018-09-27	2590.4	2598.4	2572.8	2586.0	16812	24921	0.0
2018-09-28	2596.6	2632.6	2592.6	2612.6	20187	26004	0.0
2018-10-08	2555.4	2560.6	2488.2	2489.0	21443	26717	0.0
2018-10-09	2499.2	2522.6	2486.8	2504.2	19491	26535	0.0
2018-10-10	2508.2	2530.2	2480.0	2504.8	20424	27046	0.0
2018-10-11	2423.8	2454.8	2372.0	2392.6	26210	27085	0.0
2018-10-12	2410.6	2462.4	2399.6	2452.2	24177	25884	0.0
2018-10-15	2447.2	2456.8	2415.6	2421.6	19338	24851	0.0
2018-10-16	2434.2	2470.8	2414.6	2426.0	23539	26511	0.0
2018-10-17	2461.8	2463.0	2389.0	2434.6	29570	27955	0.0
2018-10-18	2419.8	2425.6	2378.0	2378.0	25284	27178	0.0
2018-10-19	2367.2	2459.4	2357.8	2442.4	32198	26384	0.0
2018-10-22	2481.8	2577.8	2480.8	2554.8	28971	26800	0.0
2018-10-23	2549.4	2557.4	2459.6	2468.8	26351	27851	0.0
2018-10-24	2482.0	2541.0	2475.6	2483.4	29877	28838	0.0
2018-10-25	2450.4	2497.8	2427.0	2493.2	27663	28774	0.0
2018-10-26	2499.4	2512.8	2451.0	2473.8	26916	28749	0.0
2018-10-29	2476.6	2477.4	2383.6	2394.6	25887	29183	0.0
2018-10-30	2400.8	2455.8	2395.6	2424.0	28802	30334	0.0
2018-10-31	2436.4	2468.2	2419.6	2452.4	25599	28964	0.0
2018-11-01	2478.4	2506.6	2459.2	2463.0	26574	29031	0.0
2018-11-02	2527.2	2549.8	2494.8	2548.6	29334	29208	0.0
2018-11-05	2529.6	2532.8	2496.6	2514.8	22365	27291	0.0
2018-11-06	2513.6	2517.2	2487.0	2504.0	20012	27689	0.0
2018-11-07	2508.0	2530.2	2480.0	2485.2	24482	28499	0.0
2018-11-08	2505.6	2520.4	2487.2	2495.0	21610	27375	0.0
2018-11-09	2473.8	2476.6	2439.0	2440.2	21032	27988	0.0
2018-11-12	2443.2	2454.6	2431.0	2448.4	19893	27543	0.0
2018-11-13	2425.6	2481.8	2421.8	2466.2	25078	28132	0.0
2018-11-14	2463.6	2464.6	2425.2	2431.0	23154	26321	0.0
2018-11-15	2436.4	2466.2	2431.2	2464.6	24273	26341	0.0
2018-11-16	2462.2	2491.4	2444.6	2464.2	25243	24347	0.0
2018-11-19	2472.2	2502.6	2469.4	2501.6	20166	24759	0.0
2018-11-20	2490.0	2492.6	2447.8	2458.2	20767	25299	0.0
2018-11-21	2442.2	2466.0	2442.2	2455.8	17370	24724	0.0
2018-11-22	2457.4	2459.0	2426.4	2442.8	18251	25471	0.0
2018-11-23	2441.8	2448.8	2406.0	2407.6	18835	26392	0.0
2018-11-26	2415.0	2430.2	2398.2	2411.2	17440	26262	0.0
2018-11-27	2413.2	2421.6	2391.8	2398.0	16776	26494	0.0
2018-11-28	2402.6	2435.2	2401.0	2425.4	19085	26744	0.0
2018-11-29	2436.8	2444.2	2409.6	2414.4	17752	26218	0.0
2018-11-30	2415.0	2440.8	2412.8	2434.6	18812	26532	0.0
2018-12-03	2495.0	2507.0	2474.2	2492.0	22601	27169	0.0
2018-12-04	2488.6	2508.8	2484.2	2503.4	24203	28438	0.0
2018-12-05	2486.2	2503.4	2484.0	2492.8	25023	28109	0.0
2018-12-06	2471.6	2471.8	2445.4	2447.6	25044	27390	0.0
2018-12-07	2455.6	2457.2	2437.8	2437.8	17195	26075	0.0
2018-12-10	2425.8	2438.0	2411.4	2421.2	18590	28628	0.0
2018-12-11	2425.2	2430.4	2416.0	2427.8	15967	28080	0.0
2018-12-12	2436.4	2441.4	2425.2	2431.8	19823	29449	0.0
2018-12-13	2437.0	2478.0	2434.6	2465.6	26323	30615	0.0
2018-12-14	2457.4	2457.8	2433.4	2435.0	23083	29916	0.0
2018-12-17	2440.0	2444.6	2423.8	2436.2	24079	32703	0.0
2018-12-18	2428.0	2438.8	2398.8	2404.8	28171	32189	0.0
2018-12-19	2410.4	2412.0	2372.0	2378.4	25755	30925	0.0
2018-12-20	2378.4	2382.4	2324.2	2343.0	35256	35419	0.0
2018-12-21	2334.8	2335.4	2296.4	2316.6	33225	31064	0.0
2018-12-24	2302.0	2325.2	2294.6	2315.2	23446	31891	0.0
2018-12-25	2281.2	2319.2	2257.4	2305.8	31759	33788	0.0
2018-12-26	2306.2	2310.0	2281.2	2287.6	23073	32009	0.0
2018-12-27	2318.6	2319.0	2281.0	2291.2	27371	33718	0.0
2018-12-28	2296.0	2319.4	2288.0	2289.8	27208	33774	0.0
2019-01-02	2299.4	2304.0	2255.2	2264.4	25355	34461	0.0
2019-01-03	2268.6	2297.2	2262.6	2271.0	25004	33237	0.0
2019-01-04	2264.2	2323.6	2257.4	2320.4	33228	35167	0.0
2019-01-07	2326.6	2337.8	2311.4	2317.2	27269	32160	0.0
2019-01-08	2318.0	2318.0	2304.4	2311.8	20570	30999	0.0
2019-01-09	2328.8	2365.2	2325.2	2335.2	32092	33830	0.0
2019-01-10	2333.0	2352.8	2324.8	2338.8	24558	31145	0.0
2019-01-11	2346.0	2368.0	2340.6	2359.2	26580	32448	0.0
2019-01-14	2353.2	2357.4	2335.4	2336.4	21110	29683	0.0
2019-01-15	2342.0	2382.0	2339.0	2379.4	30872	33547	0.0
2019-01-16	2374.6	2385.8	2367.2	2383.4	24293	29259	0.0
2019-01-17	2387.8	2402.0	2370.0	2372.8	30991	32717	0.0
2019-01-18	2385.8	2425.4	2384.6	2418.0	37391	31929	0.0
2019-01-21	2420.0	2448.8	2419.4	2436.6	27254	32253	0.0
2019-01-22	2432.2	2433.0	2401.6	2407.6	24279	30919	0.0
2019-01-23	2409.4	2421.4	2396.4	2399.2	23784	31491	0.0
2019-01-24	2406.2	2421.4	2389.6	2415.4	27674	32943	0.0
2019-01-25	2427.0	2457.6	2425.0	2443.2	29893	33370	0.0
2019-01-28	2463.4	2477.6	2431.8	2441.4	26650	33026	0.0
2019-01-29	2438.4	2466.8	2431.2	2460.2	30869	36144	0.0
2019-01-30	2450.8	2467.8	2445.8	2450.8	24769	33460	0.0
2019-01-31	2458.8	2489.6	2457.8	2488.2	29766	35966	0.0
2019-02-01	2499.8	2508.4	2481.8	2507.6	27755	32376	0.0
2019-02-11	2492.8	2530.0	2489.4	2525.2	26762	35376	0.0
2019-02-12	2525.4	2540.0	2517.6	2534.4	26087	34467	0.0
2019-02-13	2535.6	2595.2	2529.8	2586.2	35675	37525	0.0
2019-02-14	2580.0	2593.6	2573.8	2583.8	29917	34130	0.0
2019-02-15	2577.2	2577.8	2523.8	2527.0	33752	33609	0.0
2019-02-18	2550.4	2588.0	2550.0	2585.4	28650	34421	0.0
2019-02-19	2590.0	2620.8	2571.0	2580.6	35702	36485	0.0
2019-02-20	2595.6	2604.6	2575.8	2591.4	28345	34649	0.0
2019-02-21	2585.2	2620.0	2569.8	2580.8	35916	37935	0.0
2019-02-22	2579.4	2634.4	2560.8	2634.4	37685	37299	0.0
2019-02-25	2664.8	2837.0	2662.4	2837.0	56638	43452	0.0
2019-02-26	2807.0	2827.0	2737.0	2752.0	57616	43876	0.0
2019-02-27	2771.8	2803.0	2730.8	2759.8	53959	45456	0.0
2019-02-28	2756.0	2781.0	2747.8	2756.8	40248	43451	0.0
2019-03-01	2778.4	2831.6	2757.0	2826.2	49379	47258	0.0
2019-03-04	2848.4	2923.6	2823.6	2838.6	60802	51784	0.0
2019-03-05	2836.4	2850.8	2818.6	2839.8	45032	49873	0.0
2019-03-06	2837.6	2863.0	2800.4	2840.6	51116	52409	0.0
2019-03-07	2829.6	2832.0	2780.0	2797.8	52788	51041	0.0
2019-03-08	2731.8	2762.8	2693.4	2697.2	60001	52721	0.0
2019-03-11	2714.0	2724.8	2680.6	2710.8	48010	49532	0.0
2019-03-12	2737.0	2769.6	2707.8	2722.2	55499	51230	0.0
2019-03-13	2730.6	2759.4	2701.6	2731.0	64667	55872	0.0
2019-03-14	2735.8	2765.2	2725.8	2735.8	58180	53254	0.0
2019-03-15	2746.8	2795.4	2744.8	2769.4	59743	49443	0.0
2019-03-18	2773.2	2843.4	2761.6	2838.0	45675	49825	0.0
2019-03-19	2841.2	2856.8	2807.4	2813.2	40782	48694	0.0
2019-03-20	2805.2	2843.6	2794.0	2819.6	48171	51330	0.0
2019-03-21	2830.0	2833.4	2803.8	2804.4	43554	50493	0.0
2019-03-22	2812.4	2824.2	2777.0	2804.0	41804	49594	0.0
2019-03-25	2755.4	2771.8	2713.0	2715.4	46405	50662	0.0
2019-03-26	2738.0	2741.0	2696.6	2712.8	39694	49356	0.0
2019-03-27	2722.2	2753.0	2720.4	2736.8	38683	48491	0.0
2019-03-28	2722.0	2742.6	2706.2	2736.0	36500	47850	0.0
2019-03-29	2751.4	2851.4	2751.0	2837.4	48153	51282	0.0
2019-04-01	2872.8	2917.4	2872.8	2892.6	45496	50081	0.0
2019-04-02	2902.2	2909.4	2882.2	2893.4	32643	48472	0.0
2019-04-03	2872.6	2933.2	2872.4	2923.8	36933	50738	0.0
2019-04-04	2929.8	2968.2	2920.8	2960.0	45059	53413	0.0
2019-04-08	3001.6	3019.4	2942.6	2963.8	49337	55218	0.0
2019-04-09	2970.0	2986.4	2949.4	2968.6	40790	53883	0.0
2019-04-10	2955.0	3003.0	2941.6	2981.4	44529	53534	0.0
2019-04-11	2989.6	3005.2	2915.2	2928.4	51342	56233	0.0
2019-04-12	2934.0	2938.8	2909.2	2927.2	38677	53522	0.0
2019-04-15	2980.6	3003.2	2913.8	2914.6	59707	57812	0.0
2019-04-16	2913.2	3030.8	2908.4	3030.6	64532	58486	0.0
2019-04-17	3017.8	3042.8	2998.4	3015.4	53647	56518	0.0
2019-04-18	3012.6	3021.6	2995.6	3005.8	43810	53589	0.0
2019-04-19	3019.0	3060.6	2984.2	3043.4	64688	59751	0.0
2019-04-22	3045.8	3055.6	2957.0	2974.4	63953	60141	0.0
2019-04-23	2970.0	3010.6	2966.8	2980.8	53996	59697	0.0
2019-04-24	2994.8	3001.4	2927.6	2970.8	63874	64480	0.0
2019-04-25	2964.0	2974.6	2929.6	2930.8	55337	61174	0.0
2019-04-26	2930.0	2935.2	2891.0	2891.0	54558	62871	0.0
2019-04-29	2908.0	2972.6	2903.8	2937.2	68358	66028	0.0
2019-04-30	2936.6	2952.2	2919.2	2945.2	50353	61037	0.0
2019-05-06	2866.2	2877.6	2761.2	2792.6	76828	70981	0.0
2019-05-07	2823.6	2834.2	2773.0	2802.2	64401	64861	0.0
2019-05-08	2757.8	2793.2	2747.0	2758.2	57091	65326	0.0
2019-05-09	2743.2	2749.4	2674.4	2694.0	69304	70030	0.0
2019-05-10	2741.4	2791.4	2681.6	2776.8	84962	70183	0.0
2019-05-13	2744.2	2754.4	2720.8	2731.2	50130	62693	0.0
2019-05-14	2739.2	2757.4	2707.4	2711.8	58958	63699	0.0
2019-05-15	2733.4	2783.4	2731.2	2767.2	58024	57786	0.0
2019-05-16	2760.4	2776.0	2751.0	2772.0	49067	55039	0.0
2019-05-17	2775.0	2775.2	2710.8	2717.8	57007	53022	0.0
2019-05-20	2720.8	2732.6	2675.4	2693.0	55450	57459	0.0
2019-05-21	2699.6	2743.8	2695.6	2710.4	51398	56838	0.0
2019-05-22	2708.4	2716.8	2683.4	2700.4	44560	55969	0.0
2019-05-23	2681.8	2691.8	2648.6	2662.2	49505	57863	0.0
2019-05-24	2681.6	2704.0	2667.8	2675.4	46665	56265	0.0
2019-05-27	2676.4	2711.0	2641.6	2698.8	56994	61398	0.0
2019-05-28	2699.4	2734.6	2696.2	2711.6	49139	56044	0.0
2019-05-29	2706.4	2756.8	2698.0	2725.4	51669	59345	0.0
2019-05-30	2724.6	2729.0	2692.6	2718.6	48617	54907	0.0
2019-05-31	2710.4	2742.2	2702.2	2702.2	44959	55943	0.0
2019-06-03	2727.2	2745.0	2702.0	2722.0	51723	58370	0.0
2019-06-04	2725.4	2728.0	2694.0	2704.2	42886	56437	0.0
2019-06-05	2725.0	2727.6	2693.4	2698.0	45149	57835	0.0
2019-06-06	2704.4	2707.4	2682.0	2683.8	43925	58883	0.0
2019-06-10	2698.8	2725.8	2693.2	2717.2	47755	58549	0.0
2019-06-11	2729.2	2794.4	2729.2	2790.2	55425	60733	0.0
2019-06-12	2781.0	2787.0	2774.2	2780.2	38471	55514	0.0
2019-06-13	2782.8	2787.8	2753.8	2775.0	43043	58023	0.0
2019-06-14	2779.8	2795.8	2760.4	2764.6	35061	55260	0.0
2019-06-17	2772.2	2791.0	2765.4	2772.8	40816	56928	0.0
2019-06-18	2784.6	2787.0	2761.0	2781.8	42087	57434	0.0
2019-06-19	2857.2	2858.0	2824.6	2825.8	52121	58612	0.0
2019-06-20	2833.0	2943.2	2832.0	2920.2	77592	66217	0.0
2019-06-21	2920.0	2938.8	2911.8	2917.0	55023	54615	0.0
2019-06-24	2910.6	2934.2	2903.8	2923.4	37825	56113	0.0
2019-06-25	2919.0	2924.0	2853.4	2881.6	55106	62663	0.0
2019-06-26	2868.6	2889.0	2868.6	2877.8	33887	56295	0.0
2019-06-27	2891.4	2928.8	2889.8	2915.4	48166	61754	0.0
2019-06-28	2909.8	2916.6	2894.0	2915.8	40261	58090	0.0
2019-07-01	2970.0	2993.4	2958.6	2981.4	50226	65132	0.0
2019-07-02	2970.6	2984.6	2970.0	2979.4	27880	59834	0.0
2019-07-03	2969.4	2972.4	2943.4	2953.6	36750	62347	0.0
2019-07-04	2959.8	2965.0	2927.6	2943.4	37060	61284	0.0
2019-07-05	2942.6	2958.0	2931.8	2951.0	32398	60807	0.0
2019-07-08	2928.8	2929.2	2867.0	2884.4	50080	65285	0.0
2019-07-09	2891.2	2896.4	2864.0	2874.2	34340	59560	0.0
2019-07-10	2885.2	2888.0	2861.2	2873.2	30623	59114	0.0
2019-07-11	2885.6	2912.8	2868.6	2878.8	40895	61633	0.0
2019-07-12	2880.2	2912.0	2875.4	2898.6	42893	60841	0.0
2019-07-15	2867.8	2920.8	2842.8	2896.0	59788	65103	0.0
2019-07-16	2902.4	2905.2	2878.8	2881.0	35801	58675	0.0
2019-07-17	2865.2	2888.0	2861.0	2870.4	39587	57767	0.0
2019-07-18	2855.4	2871.0	2854.6	2859.4	40868	54160	0.0
2019-07-19	2875.2	2907.0	2874.4	2896.4	49620	54886	0.0
2019-07-22	2899.4	2906.2	2869.0	2878.2	37466	54885	0.0
2019-07-23	2885.4	2888.6	2871.4	2877.0	27759	52298	0.0
2019-07-24	2898.4	2926.0	2894.2	2903.4	40619	56981	0.0
2019-07-25	2913.2	2930.0	2902.6	2930.0	32845	53709	0.0
2019-07-26	2918.8	2940.6	2918.2	2932.8	27923	54017	0.0
2019-07-29	2929.4	2933.2	2918.2	2927.0	26704	51764	0.0
2019-07-30	2937.6	2953.8	2935.4	2939.8	30787	53989	0.0
2019-07-31	2926.2	2928.4	2906.0	2913.6	33381	53423	0.0
2019-08-01	2903.0	2909.4	2875.4	2886.4	34785	55988	0.0
2019-08-02	2832.8	2847.0	2826.0	2841.2	35250	54595	0.0
2019-08-05	2823.0	2823.4	2780.8	2786.4	41398	58792	0.0
2019-08-06	2736.4	2765.6	2717.4	2755.4	51974	61144	0.0
2019-08-07	2761.4	2765.4	2730.4	2732.0	36456	58409	0.0
2019-08-08	2757.6	2770.2	2748.8	2761.2	38800	57307	0.0
2019-08-09	2774.0	2777.6	2742.4	2753.0	36480	57364	0.0
2019-08-12	2760.0	2794.4	2759.4	2790.8	42003	60654	0.0
2019-08-13	2780.0	2784.2	2763.6	2771.4	33646	56172	0.0
2019-08-14	2813.4	2813.8	2784.8	2785.8	33155	56084	0.0
2019-08-15	2754.0	2799.2	2748.4	2794.2	43627	56572	0.0
2019-08-16	2792.8	2823.2	2783.0	2796.2	45424	53142	0.0
2019-08-19	2813.8	2861.4	2802.0	2857.8	43081	55530	0.0
2019-08-20	2851.2	2866.0	2850.6	2855.8	29679	52266	0.0
2019-08-21	2851.2	2859.6	2849.6	2856.8	22688	51162	0.0
2019-08-22	2863.2	2866.8	2845.6	2859.2	26226	52023	0.0
2019-08-23	2862.2	2905.0	2857.4	2895.8	40088	57654	0.0
2019-08-26	2870.2	2873.6	2843.4	2854.8	38145	54311	0.0
2019-08-27	2870.2	2903.6	2870.0	2875.8	41978	58565	0.0
2019-08-28	2878.8	2880.4	2854.4	2855.2	31875	55709	0.0
2019-08-29	2860.0	2860.6	2828.0	2844.6	34561	58570	0.0
2019-08-30	2869.8	2878.0	2840.0	2855.6	37711	57199	0.0
2019-09-02	2858.4	2889.6	2857.4	2875.2	35270	57667	0.0
2019-09-03	2877.8	2884.4	2866.6	2875.8	25394	54593	0.0
2019-09-04	2884.8	2911.2	2879.4	2911.2	42575	61970	0.0
2019-09-05	2939.2	2984.2	2939.2	2945.6	48979	60618	0.0
2019-09-06	2960.4	2985.4	2952.4	2984.6	36576	59268	0.0
2019-09-09	2999.4	3003.6	2973.8	2977.2	40456	58901	0.0
2019-09-10	2978.2	2978.6	2959.8	2968.4	30375	56640	0.0
2019-09-11	2974.0	2976.4	2946.6	2958.6	34865	61747	0.0
2019-09-12	2976.0	3003.6	2965.6	2999.6	35255	60202	0.0
2019-09-16	2988.6	2994.6	2967.6	2983.2	35862	61144	0.0
2019-09-17	2970.2	2973.2	2925.2	2934.4	42980	61996	0.0
2019-09-18	2946.6	2963.2	2943.4	2948.8	37018	58046	0.0
2019-09-19	2958.8	2960.2	2936.0	2954.6	36690	56584	0.0
2019-09-20	2962.0	2967.4	2953.8	2960.0	36051	52886	0.0
2019-09-23	2944.4	2944.8	2915.4	2929.8	31588	56942	0.0
2019-09-24	2937.6	2954.0	2928.4	2936.6	31297	54643	0.0
2019-09-25	2921.6	2942.2	2919.6	2927.0	29306	55664	0.0
2019-09-26	2938.8	2949.8	2924.6	2928.2	31905	56100	0.0
2019-09-27	2929.6	2937.2	2916.8	2930.8	27585	54555	0.0
2019-09-30	2922.2	2933.6	2883.6	2884.8	31281	58479	0.0
2019-10-08	2895.0	2930.8	2895.0	2914.8	30593	56719	0.0
2019-10-09	2898.2	2919.4	2889.0	2912.2	31137	57677	0.0
2019-10-10	2903.6	2934.6	2903.4	2928.8	29934	56299	0.0
2019-10-11	2940.6	2986.2	2931.4	2978.4	43859	64336	0.0
2019-10-14	3003.4	3036.4	2990.8	3006.4	47083	62560	0.0
2019-10-15	3006.0	3015.8	3004.4	3008.6	32902	59243	0.0
2019-10-16	3013.4	3042.2	2991.4	2995.6	45686	63444	0.0
2019-10-17	3006.4	3016.2	2995.6	3006.2	41168	59207	0.0
2019-10-18	3015.6	3024.6	2950.6	2954.2	50117	61384	0.0
2019-10-21	2948.2	2969.2	2939.6	2962.4	27832	57718	0.0
2019-10-22	2971.0	2973.4	2949.8	2965.2	31782	59375	0.0
2019-10-23	2962.8	2971.8	2934.8	2944.8	30252	57701	0.0
2019-10-24	2951.2	2970.4	2939.6	2958.0	36481	60601	0.0
2019-10-25	2951.4	2970.6	2930.4	2966.0	38627	60669	0.0
2019-10-28	2983.2	2986.4	2960.6	2977.6	34067	59301	0.0
2019-10-29	2977.8	2981.2	2965.4	2968.0	23727	56686	0.0
2019-10-30	2969.2	2973.8	2944.0	2948.8	28641	59776	0.0
2019-10-31	2955.4	2962.2	2944.8	2954.2	24917	57261	0.0
2019-11-01	2952.0	3003.8	2944.6	3003.2	37513	62663	0.0
2019-11-04	3017.0	3021.8	3006.0	3018.8	28752	58639	0.0
2019-11-05	3017.0	3070.2	3011.2	3035.4	41315	65997	0.0
2019-11-06	3039.0	3043.0	3022.4	3029.4	28364	59051	0.0
2019-11-07	3026.6	3049.4	3019.4	3031.2	35480	61843	0.0
2019-11-08	3047.0	3049.6	3009.4	3010.4	35107	58783	0.0
2019-11-11	2987.0	2994.8	2962.8	2968.0	34083	61443	0.0
2019-11-12	2971.4	2979.4	2954.4	2968.0	35647	59274	0.0
2019-11-13	2961.2	2973.6	2952.8	2966.0	31785	59452	0.0
2019-11-14	2970.6	2976.8	2961.6	2963.8	33155	57727	0.0
2019-11-15	2969.6	2975.8	2950.6	2955.8	36261	56506	0.0
2019-11-18	2958.2	2989.0	2950.2	2980.2	30684	56333	0.0
2019-11-19	2977.8	2999.4	2977.0	2999.2	28380	56940	0.0
2019-11-20	2991.8	2994.8	2957.8	2965.8	27502	56190	0.0
2019-11-21	2953.6	2958.2	2936.0	2945.2	29309	58989	0.0
2019-11-22	2955.2	2968.2	2907.2	2915.0	41260	63233	0.0
2019-11-25	2929.4	2946.4	2923.0	2944.8	33493	58080	0.0
2019-11-26	2955.8	2959.6	2937.4	2941.2	30396	58930	0.0
2019-11-27	2935.0	2951.6	2925.6	2941.2	27206	57383	0.0
2019-11-28	2937.2	2949.6	2922.4	2930.6	25961	58232	0.0
2019-11-29	2922.4	2931.0	2882.8	2891.8	40058	64078	0.0
2019-12-02	2899.8	2908.2	2890.8	2896.6	25884	58883	0.0
2019-12-03	2889.0	2906.6	2874.0	2906.6	29214	60642	0.0
2019-12-04	2897.2	2902.6	2884.4	2901.6	24109	56800	0.0
2019-12-05	2911.6	2926.6	2907.8	2918.8	31681	60650	0.0
2019-12-06	2923.4	2937.0	2920.6	2936.2	25389	56210	0.0
2019-12-09	2941.4	2941.8	2925.8	2934.2	26621	58784	0.0
2019-12-10	2927.0	2938.4	2926.4	2935.6	21396	56129	0.0
2019-12-11	2939.8	2951.2	2931.0	2948.4	26556	57399	0.0
2019-12-12	2950.0	2950.8	2936.2	2937.8	22984	56320	0.0
2019-12-13	2969.6	3009.0	2968.0	3004.2	42119	63734	0.0
2019-12-16	2995.0	3001.8	2987.0	2998.6	35446	59119	0.0
2019-12-17	3001.2	3061.6	2997.4	3036.4	46998	64782	0.0
2019-12-18	3040.0	3051.4	3030.8	3032.4	35372	59431	0.0
2019-12-19	3036.0	3041.6	3022.4	3028.8	35677	59717	0.0
2019-12-20	3033.8	3044.0	3023.6	3025.8	37100	55654	0.0
2019-12-23	3028.6	3040.2	2991.8	2995.6	31651	57055	0.0
2019-12-24	2999.6	3009.0	2992.0	3004.2	21197	54041	0.0
2019-12-25	2999.2	3002.0	2984.4	2997.6	23938	56534	0.0
2019-12-26	2998.6	3023.8	2998.2	3019.4	27951	57189	0.0
2019-12-27	3030.4	3063.4	3028.0	3028.8	39017	60681	0.0
2019-12-30	3022.8	3080.8	3019.4	3071.6	37719	59794	0.0
2019-12-31	3072.0	3082.6	3057.2	3080.4	27565	57416	0.0
2020-01-02	3091.6	3121.0	3091.0	3101.4	37139	62385	0.0
2020-01-03	3109.8	3110.4	3084.0	3085.4	27630	58556	0.0
2020-01-06	3077.2	3099.4	3042.4	3060.2	40384	62630	0.0
2020-01-07	3077.4	3091.4	3066.6	3077.4	31970	57756	0.0
2020-01-08	3058.8	3068.8	3038.4	3048.8	33704	59022	0.0
2020-01-09	3074.8	3079.8	3061.8	3071.8	29093	56139	0.0
2020-01-10	3084.0	3084.0	3066.8	3075.2	25714	55935	0.0
2020-01-13	3076.8	3097.8	3060.4	3097.8	32796	57789	0.0
2020-01-14	3108.6	3119.0	3086.8	3092.4	32291	58027	0.0
2020-01-15	3088.8	3096.6	3059.0	3059.8	35435	57967	0.0
2020-01-16	3068.2	3068.2	3045.6	3055.2	31161	55951	0.0
2020-01-17	3063.2	3080.0	3055.8	3065.6	35260	53157	0.0
2020-01-20	3078.4	3084.4	3066.0	3078.0	29977	54293	0.0
2020-01-21	3057.8	3058.8	3019.4	3023.4	35086	57741	0.0
2020-01-22	3010.2	3031.6	2971.0	3021.4	39106	58982	0.0
2020-01-23	2988.2	3000.4	2907.2	2930.0	42862	61308	0.0
2020-02-03	2719.0	2763.8	2634.2	2643.0	68043	72102	0.0
2020-02-04	2741.2	2779.6	2727.6	2775.6	56494	64393	0.0
2020-02-05	2773.6	2815.2	2764.8	2791.2	45860	64757	0.0
2020-02-06	2796.6	2862.8	2791.6	2845.4	48252	65337	0.0
2020-02-07	2817.4	2842.4	2811.0	2840.6	36197	62992	0.0
2020-02-10	2815.0	2842.2	2812.8	2829.2	35340	63228	0.0
2020-02-11	2851.6	2874.8	2838.2	2863.8	37726	63807	0.0
2020-02-12	2860.4	2879.6	2854.4	2876.8	29119	60268	0.0
2020-02-13	2878.0	2892.8	2856.6	2864.4	33254	62456	0.0
2020-02-14	2866.4	2889.2	2863.8	2883.8	33903	60610	0.0
2020-02-17	2892.2	2946.6	2889.6	2943.6	41461	64507	0.0
2020-02-18	2935.8	2937.6	2905.2	2912.8	37138	59330	0.0
2020-02-19	2908.0	2936.6	2908.0	2917.0	35443	61791	0.0
2020-02-20	2927.2	2978.0	2911.4	2969.4	49260	65647	0.0
2020-02-21	2963.2	2989.4	2954.0	2965.0	43191	60440	0.0
2020-02-24	2950.8	2953.4	2913.0	2919.0	39070	65212	0.0
2020-02-25	2897.8	2909.0	2867.6	2906.2	44649	66233	0.0
2020-02-26	2871.4	2929.8	2866.0	2904.8	55975	71847	0.0
2020-02-27	2913.6	2924.2	2898.0	2905.0	38977	67305	0.0
2020-02-28	2870.4	2877.8	2805.2	2814.2	54496	71640	0.0
2020-03-02	2842.0	2918.4	2838.6	2899.8	51577	68080	0.0
2020-03-03	2936.2	2949.0	2905.0	2908.8	43886	65768	0.0
2020-03-04	2926.4	2942.2	2907.4	2942.2	40859	65021	0.0
2020-03-05	2963.2	3020.6	2950.4	3008.8	56207	72694	0.0
2020-03-06	2992.8	2995.4	2952.0	2952.8	46671	68288	0.0
2020-03-09	2879.0	2884.4	2837.2	2850.8	55566	73680	0.0
2020-03-10	2898.8	2930.4	2840.2	2915.4	60316	72568	0.0
2020-03-11	2909.6	2918.4	2870.0	2872.0	43989	69419	0.0
2020-03-12	2844.4	2848.6	2804.6	2835.6	50794	72498	0.0
2020-03-13	2717.2	2811.8	2664.4	2786.8	73341	79719	0.0
2020-03-16	2762.0	2766.8	2650.4	2651.0	60777	74363	0.0
2020-03-17	2708.4	2715.4	2600.8	2649.8	69043	79059	0.0
2020-03-18	2667.0	2693.6	2562.4	2570.4	70012	74039	0.0
2020-03-19	2587.8	2598.4	2457.8	2528.8	87086	82281	0.0
2020-03-20	2560.6	2590.8	2524.4	2583.0	79617	69471	0.0
2020-03-23	2509.8	2542.4	2483.4	2516.0	57280	69560	0.0
2020-03-24	2573.6	2613.2	2553.4	2601.8	64106	71232	0.0
2020-03-25	2655.8	2675.8	2637.4	2651.4	56093	66801	0.0
2020-03-26	2637.2	2671.4	2634.0	2643.4	48048	64819	0.0
2020-03-27	2676.8	2697.2	2661.2	2663.0	51640	67802	0.0
2020-03-30	2639.6	2663.0	2632.6	2661.0	50873	67251	0.0
2020-03-31	2686.2	2687.2	2644.2	2645.0	44256	66744	0.0
2020-04-01	2654.4	2688.2	2638.8	2644.2	46674	67267	0.0
2020-04-02	2642.2	2688.6	2627.8	2687.2	44274	66282	0.0
2020-04-03	2674.4	2686.2	2658.4	2668.2	40191	63650	0.0
2020-04-07	2719.6	2729.4	2710.6	2716.8	40803	64626	0.0
2020-04-08	2712.6	2716.6	2697.6	2705.0	34318	61945	0.0
2020-04-09	2715.0	2721.4	2708.0	2710.4	29430	61756	0.0
2020-04-10	2712.2	2740.6	2700.0	2712.4	46450	67391	0.0
2020-04-13	2704.8	2707.0	2692.8	2694.6	34589	62598	0.0
2020-04-14	2708.2	2729.4	2703.0	2729.4	42296	65927	0.0
2020-04-15	2726.0	2733.0	2710.8	2711.4	41056	63604	0.0
2020-04-16	2706.0	2717.4	2700.6	2715.0	44188	62625	0.0
2020-04-17	2735.2	2766.0	2729.6	2739.4	57562	65860	0.0
2020-04-20	2746.2	2751.0	2731.8	2750.4	33578	61829	0.0
2020-04-21	2740.4	2741.0	2697.6	2711.6	39055	64371	0.0
2020-04-22	2700.8	2732.2	2697.2	2732.2	35219	62326	0.0
2020-04-23	2736.0	2744.8	2715.0	2724.4	34547	63747	0.0
2020-04-24	2708.6	2718.8	2704.0	2717.2	32312	61200	0.0
2020-04-27	2730.0	2760.6	2723.6	2745.4	36795	65252	0.0
2020-04-28	2749.4	2775.8	2721.4	2765.4	44073	67203	0.0
2020-04-29	2762.0	2787.0	2760.2	2782.6	35406	63966	0.0
2020-04-30	2800.2	2829.8	2799.2	2817.0	38910	63223	0.0
2020-05-06	2791.2	2814.4	2776.2	2811.0	38290	63285	0.0
2020-05-07	2803.2	2810.2	2794.0	2804.6	28074	60370	0.0
2020-05-08	2819.4	2837.6	2812.8	2823.8	35472	62703	0.0
2020-05-11	2836.6	2852.0	2817.4	2821.4	34785	60942	0.0
2020-05-12	2828.2	2832.2	2805.6	2815.6	32952	61248	0.0
2020-05-13	2802.6	2817.0	2794.2	2815.6	31780	59222	0.0
2020-05-14	2797.8	2799.6	2776.8	2781.4	34785	60687	0.0
2020-05-15	2794.6	2796.2	2757.6	2757.6	42892	58502	0.0
2020-05-18	2764.6	2795.6	2758.8	2783.0	38032	58517	0.0
2020-05-19	2815.6	2818.2	2797.2	2802.0	28216	56856	0.0
2020-05-20	2797.2	2809.8	2792.0	2801.6	29360	58182	0.0
2020-05-21	2809.8	2812.6	2787.2	2788.6	28511	57275	0.0
2020-05-22	2777.2	2777.2	2712.2	2715.0	44487	66203	0.0
2020-05-25	2714.8	2732.6	2704.0	2732.4	33584	60421	0.0
2020-05-26	2742.0	2749.4	2733.2	2748.4	29621	62464	0.0
2020-05-27	2744.2	2753.8	2731.0	2738.4	27206	61835	0.0
2020-05-28	2743.0	2776.2	2723.4	2749.8	40994	67545	0.0
2020-05-29	2731.6	2756.2	2730.0	2744.4	33599	62410	0.0
2020-06-01	2788.0	2813.6	2782.4	2807.2	39236	64702	0.0
2020-06-02	2807.2	2834.6	2804.2	2824.0	31031	61375	0.0
2020-06-03	2842.6	2867.0	2830.0	2830.0	35836	64942	0.0
2020-06-04	2842.8	2844.2	2819.4	2825.6	27462	60366	0.0
2020-06-05	2831.2	2844.8	2813.6	2843.6	28776	62347	0.0
2020-06-08	2861.8	2870.0	2840.4	2848.6	36210	64305	0.0
2020-06-09	2849.2	2871.2	2846.6	2865.6	32837	61584	0.0
2020-06-10	2864.6	2867.6	2847.0	2849.6	31468	62017	0.0
2020-06-11	2831.4	2849.8	2805.0	2814.6	42147	66358	0.0
2020-06-12	2791.0	2830.2	2790.6	2822.6	42858	64096	0.0
2020-06-15	2806.0	2812.2	2763.2	2769.4	42468	64736	0.0
2020-06-16	2801.6	2813.8	2795.2	2809.0	39851	60657	0.0
2020-06-17	2804.8	2809.4	2792.0	2807.6	33889	59274	0.0
2020-06-18	2795.8	2823.8	2786.6	2821.8	46219	62885	0.0
2020-06-19	2826.4	2874.0	2826.4	2855.6	49871	59032	0.0
2020-06-22	2860.0	2891.6	2849.2	2858.6	39665	59758	0.0
2020-06-23	2837.0	2868.2	2835.8	2862.0	33955	58840	0.0
2020-06-24	2870.8	2898.4	2869.2	2896.6	33445	58851	0.0
2020-06-29	2895.6	2896.6	2857.0	2874.4	33990	59242	0.0
2020-06-30	2891.0	2905.8	2878.8	2888.0	38532	59675	0.0
2020-07-01	2901.0	2967.8	2897.2	2964.4	47136	64704	0.0
2020-07-02	2977.8	3069.4	2973.4	3061.8	61405	69665	0.0
2020-07-03	3106.6	3149.0	3076.8	3145.2	67642	73416	0.0
2020-07-06	3218.8	3434.4	3211.8	3432.4	98560	84406	0.0
2020-07-07	3529.2	3529.6	3373.0	3375.0	107455	89916	0.0
2020-07-08	3416.2	3461.2	3362.2	3411.4	97288	95210	0.0
2020-07-09	3400.6	3437.2	3385.6	3419.2	81185	89900	0.0
2020-07-10	3388.4	3404.6	3315.0	3327.8	80425	89771	0.0
2020-07-13	3356.4	3422.6	3317.0	3374.2	84123	90493	0.0
2020-07-14	3352.6	3392.4	3298.8	3333.0	81450	86332	0.0
2020-07-15	3371.2	3374.8	3298.0	3304.0	80226	87092	0.0
2020-07-16	3317.0	3328.0	3126.4	3137.8	108894	86802	0.0
2020-07-17	3169.8	3210.4	3144.6	3176.8	83512	80835	0.0
2020-07-20	3210.6	3287.8	3178.8	3273.0	78076	81206	0.0
2020-07-21	3288.6	3291.6	3256.4	3270.0	60168	74225	0.0
2020-07-22	3278.0	3357.2	3257.6	3277.2	79051	79972	0.0
2020-07-23	3266.6	3300.2	3210.6	3270.6	77141	77919	0.0
2020-07-24	3255.2	3264.6	3115.8	3137.0	82723	80703	0.0
2020-07-27	3164.2	3189.4	3129.0	3152.4	58699	75664	0.0
2020-07-28	3184.6	3194.6	3152.0	3169.0	51450	73406	0.0
2020-07-29	3165.8	3244.4	3158.2	3240.4	62745	76314	0.0
2020-07-30	3248.2	3260.0	3220.4	3220.8	48894	72378	0.0
2020-07-31	3242.0	3287.0	3180.0	3227.2	71057	79805	0.0
2020-08-03	3275.6	3277.0	3238.6	3270.2	52798	73317	0.0
2020-08-04	3282.6	3325.2	3272.2	3304.0	69323	80033	0.0
2020-08-05	3292.6	3292.6	3242.6	3278.6	61443	74139	0.0
2020-08-06	3291.2	3306.4	3224.4	3276.4	69471	79778	0.0
2020-08-07	3251.8	3278.0	3202.8	3246.0	65862	74128	0.0
2020-08-10	3240.8	3294.4	3212.8	3269.6	62053	75881	0.0
2020-08-11	3287.6	3325.0	3235.0	3238.0	68255	78279	0.0
2020-08-12	3253.0	3255.6	3182.2	3234.4	66773	79385	0.0
2020-08-13	3242.2	3244.0	3213.6	3218.6	50007	75631	0.0
2020-08-14	3223.8	3282.8	3215.6	3282.8	57768	75814	0.0
2020-08-17	3305.2	3396.4	3292.8	3364.2	74110	84098	0.0
2020-08-18	3367.0	3374.4	3338.6	3355.2	49008	76803	0.0
2020-08-19	3353.4	3363.2	3288.6	3289.2	59950	80357	0.0
2020-08-20	3257.8	3273.2	3236.8	3253.6	56731	75551	0.0
2020-08-21	3269.8	3294.2	3252.2	3281.2	57108	70631	0.0
2020-08-24	3296.6	3318.8	3275.2	3277.6	48341	71559	0.0
2020-08-25	3300.0	3326.4	3285.4	3300.2	46978	70571	0.0
2020-08-26	3294.4	3317.4	3252.8	3259.8	48453	73253	0.0
2020-08-27	3272.2	3278.0	3241.4	3277.6	43782	71512	0.0
2020-08-28	3272.2	3365.8	3268.0	3364.0	62433	78013	0.0
2020-08-31	3394.6	3406.8	3314.2	3320.0	57389	75301	0.0
2020-09-01	3322.6	3346.0	3317.6	3345.0	41120	73661	0.0
2020-09-02	3351.4	3353.8	3294.6	3326.0	57947	77685	0.0
2020-09-03	3320.0	3359.4	3304.0	3319.0	52842	75139	0.0
2020-09-04	3281.6	3296.8	3266.0	3283.2	47387	73907	0.0
2020-09-07	3287.6	3307.2	3211.2	3222.8	56578	77039	0.0
2020-09-08	3245.0	3275.0	3228.4	3266.0	49011	74414	0.0
2020-09-09	3230.0	3248.2	3188.6	3208.0	58430	76349	0.0
2020-09-10	3231.8	3250.0	3215.4	3225.0	53419	75365	0.0
2020-09-11	3223.4	3248.4	3210.0	3241.6	43768	70986	0.0
2020-09-14	3265.0	3270.2	3249.8	3265.6	41817	69468	0.0
2020-09-15	3263.8	3293.2	3252.2	3286.4	48614	71830	0.0
2020-09-16	3286.0	3287.8	3246.6	3257.4	49660	69821	0.0
2020-09-17	3243.2	3250.2	3213.8	3220.4	59492	73857	0.0
2020-09-18	3232.8	3333.0	3227.4	3331.8	74363	78746	0.0
2020-09-21	3342.6	3343.0	3283.4	3284.8	50573	75506	0.0
2020-09-22	3272.8	3295.8	3221.8	3238.4	56001	78232	0.0
2020-09-23	3242.2	3252.4	3222.6	3234.2	39830	73200	0.0
2020-09-24	3220.6	3229.0	3174.2	3183.0	51126	76774	0.0
2020-09-25	3199.2	3213.8	3187.8	3202.8	40740	73681	0.0
2020-09-28	3219.2	3242.0	3210.8	3224.2	39330	72615	0.0
2020-09-29	3238.2	3240.6	3218.2	3223.0	37719	68567	0.0
2020-09-30	3235.4	3246.2	3182.0	3189.6	43829	69687	0.0
2020-10-09	3256.0	3274.6	3245.6	3253.6	38519	68410	0.0
2020-10-12	3282.6	3371.0	3282.0	3367.8	54731	75484	0.0
2020-10-13	3356.2	3368.8	3339.8	3362.0	41676	70599	0.0
2020-10-14	3349.2	3353.8	3335.4	3348.8	38649	70058	0.0
2020-10-15	3350.4	3372.4	3337.4	3352.8	53468	72573	0.0
2020-10-16	3370.8	3384.0	3334.8	3357.0	57220	73383	0.0
2020-10-19	3392.0	3416.2	3322.4	3329.2	58179	76506	0.0
2020-10-20	3332.6	3338.6	3321.6	3335.0	32851	71888	0.0
2020-10-21	3338.0	3356.0	3323.4	3354.4	38974	71645	0.0
2020-10-22	3347.4	3354.8	3296.4	3345.0	46588	73000	0.0
2020-10-23	3338.8	3374.2	3327.0	3337.4	53829	76473	0.0
2020-10-26	3305.6	3305.8	3268.0	3279.2	48392	73290	0.0
2020-10-27	3274.4	3279.6	3259.0	3275.4	34447	71698	0.0
2020-10-28	3281.0	3306.8	3265.4	3296.4	42570	71594	0.0
2020-10-29	3272.2	3334.8	3260.6	3316.6	50384	74070	0.0
2020-10-30	3313.2	3319.4	3254.8	3263.0	51698	73051	0.0
2020-11-02	3282.0	3288.8	3241.4	3256.6	45659	73180	0.0
2020-11-03	3285.0	3316.6	3275.8	3291.0	50646	72044	0.0
2020-11-04	3297.6	3330.8	3285.2	3312.0	46640	70885	0.0
2020-11-05	3356.2	3375.4	3331.2	3352.8	48653	71989	0.0
2020-11-06	3356.4	3356.6	3318.0	3340.6	40498	69251	0.0
2020-11-09	3374.4	3419.8	3371.2	3405.2	50516	69945	0.0
2020-11-10	3417.8	3424.0	3385.2	3400.4	43799	67954	0.0
2020-11-11	3403.8	3420.2	3397.4	3403.8	42463	69349	0.0
2020-11-12	3409.4	3410.8	3371.4	3384.0	40852	66041	0.0
2020-11-13	3351.0	3353.2	3305.2	3325.0	51067	71332	0.0
2020-11-16	3342.2	3363.6	3331.8	3363.6	38915	65022	0.0
2020-11-17	3355.2	3367.0	3344.2	3361.4	37937	64723	0.0
2020-11-18	3365.8	3394.0	3356.8	3370.6	48451	66410	0.0
2020-11-19	3365.0	3407.6	3363.4	3403.0	46736	65331	0.0
2020-11-20	3388.6	3405.6	3383.0	3403.0	39415	60878	0.0
2020-11-23	3421.4	3481.0	3412.8	3461.8	48283	69515	0.0
2020-11-24	3463.2	3470.6	3435.6	3438.0	40581	67015	0.0
2020-11-25	3458.4	3469.8	3406.6	3407.0	47902	69169	0.0
2020-11-26	3418.0	3438.0	3405.0	3437.2	42034	67648	0.0
2020-11-27	3439.6	3506.0	3433.8	3503.8	53959	74572	0.0
2020-11-30	3536.2	3579.8	3466.4	3468.2	81229	86890	0.0
2020-12-01	3484.2	3565.4	3478.6	3559.4	64749	80765	0.0
2020-12-02	3557.0	3575.6	3525.8	3546.2	55930	80822	0.0
2020-12-03	3541.4	3553.6	3523.4	3538.2	48491	78715	0.0
2020-12-04	3533.0	3549.6	3501.0	3544.2	49038	80091	0.0
2020-12-07	3541.6	3542.8	3489.0	3508.8	48680	78161	0.0
2020-12-08	3521.8	3532.6	3487.8	3498.0	45654	78907	0.0
2020-12-09	3515.0	3520.0	3465.4	3470.8	55434	82635	0.0
2020-12-10	3473.6	3477.2	3438.6	3456.2	46180	79309	0.0
2020-12-11	3471.8	3478.0	3401.6	3424.2	53675	80402	0.0
2020-12-14	3435.2	3467.0	3428.6	3462.8	43297	75117	0.0
2020-12-15	3455.2	3475.4	3439.0	3468.0	43920	73937	0.0
2020-12-16	3479.0	3490.6	3466.8	3484.6	42349	70662	0.0
2020-12-17	3488.4	3547.4	3486.4	3545.8	57185	74267	0.0
2020-12-18	3536.2	3547.0	3496.8	3515.6	54418	71995	0.0
2020-12-21	3503.0	3541.0	3483.0	3522.2	46195	73469	0.0
2020-12-22	3516.2	3527.0	3461.8	3465.6	45773	71813	0.0
2020-12-23	3480.8	3515.8	3472.2	3492.8	45837	70612	0.0
2020-12-24	3488.4	3514.4	3473.2	3490.2	38566	69033	0.0
2020-12-25	3481.0	3519.6	3467.4	3518.2	40189	69699	0.0
2020-12-28	3513.8	3546.6	3503.8	3526.0	40865	70904	0.0
2020-12-29	3539.6	3545.4	3513.4	3520.0	37821	69584	0.0
2020-12-30	3521.2	3569.8	3521.2	3569.4	42289	72429	0.0
2020-12-31	3587.0	3648.8	3586.8	3642.6	53912	78189	0.0
2021-01-04	3635.2	3666.2	3608.8	3639.6	52320	77739	0.0
2021-01-05	3622.0	3676.8	3620.8	3670.6	50322	75821	0.0
2021-01-06	3682.2	3730.6	3664.2	3723.8	57479	77903	0.0
2021-01-07	3742.2	3810.8	3723.4	3810.8	59050	76545	0.0
2021-01-08	3828.4	3831.8	3751.4	3786.6	59603	77974	0.0
2021-01-11	3791.2	3845.8	3752.2	3766.0	59934	74728	0.0
2021-01-12	3777.4	3914.2	3761.0	3914.2	64255	77927	0.0
2021-01-13	3915.2	3936.4	3848.0	3875.8	69652	79154	0.0
2021-01-14	3866.0	3866.4	3802.8	3814.8	67702	78098	0.0
2021-01-15	3836.2	3870.2	3785.4	3814.2	75980	75934	0.0
2021-01-18	3835.8	3877.6	3799.0	3845.6	55210	71338	0.0
2021-01-19	3849.6	3861.8	3789.8	3806.8	55505	74496	0.0
2021-01-20	3809.4	3834.6	3780.6	3805.2	49717	69532	0.0
2021-01-21	3829.4	3874.8	3806.2	3846.6	56586	75976	0.0
2021-01-22	3846.6	3859.2	3815.4	3837.2	47312	68852	0.0
2021-01-25	3835.6	3891.4	3816.4	3880.8	55537	73600	0.0
2021-01-26	3850.6	3858.6	3794.4	3799.0	53669	70282	0.0
2021-01-27	3814.6	3823.2	3785.8	3801.8	42820	70064	0.0
2021-01-28	3758.4	3765.4	3712.8	3732.2	53354	73432	0.0
2021-01-29	3750.4	3754.8	3662.2	3708.4	59533	73898	0.0
2021-02-01	3709.4	3733.2	3694.2	3730.2	43042	69030	0.0
2021-02-02	3742.8	3752.4	3724.4	3745.4	39954	68484	0.0
2021-02-03	3747.4	3776.6	3728.0	3757.4	42101	69152	0.0
2021-02-04	3747.8	3794.4	3737.6	3775.8	51646	72175	0.0
2021-02-05	3797.0	3844.4	3788.6	3822.4	55844	73619	0.0
2021-02-08	3855.6	3869.0	3811.8	3852.4	51688	68275	0.0
2021-02-09	3861.8	3923.8	3844.4	3923.2	51418	68618	0.0
2021-02-10	3946.4	4018.0	3931.6	4004.6	56494	71165	0.0
2021-02-18	4085.6	4090.4	3962.0	3988.2	64224	70847	0.0
2021-02-19	3985.6	4003.8	3947.0	3989.4	53051	67083	0.0
2021-02-22	3978.0	3979.0	3855.6	3864.0	59321	73666	0.0
2021-02-23	3876.8	3921.4	3852.4	3871.2	55300	72546	0.0
2021-02-24	3877.4	3888.0	3747.4	3783.6	61024	77026	0.0
2021-02-25	3814.4	3852.0	3798.2	3834.6	53136	75393	0.0
2021-02-26	3774.6	3795.4	3732.2	3737.4	60956	79365	0.0
2021-03-01	3764.4	3773.8	3729.6	3764.2	45900	74809	0.0
2021-03-02	3771.0	3778.8	3652.4	3689.6	61838	81067	0.0
2021-03-03	3698.8	3788.2	3693.4	3786.4	54293	75485	0.0
2021-03-04	3752.8	3758.4	3659.0	3684.8	64126	82118	0.0
2021-03-05	3635.6	3697.0	3600.0	3667.0	66612	80072	0.0
2021-03-08	3675.8	3701.0	3525.0	3530.2	66120	81886	0.0
2021-03-09	3553.4	3569.8	3468.0	3487.2	79983	85727	0.0
2021-03-10	3523.2	3547.8	3496.0	3503.6	59167	77053	0.0
2021-03-11	3534.2	3598.8	3527.6	3595.8	61751	81140	0.0
2021-03-12	3607.0	3611.6	3561.0	3590.6	53795	75737	0.0
2021-03-15	3584.6	3584.6	3504.8	3537.4	60439	80934	0.0
2021-03-16	3550.4	3574.6	3521.2	3555.6	56014	74341	0.0
2021-03-17	3528.8	3575.8	3504.0	3536.6	63424	80293	0.0
2021-03-18	3562.6	3567.6	3528.2	3549.0	62708	76323	0.0
2021-03-19	3497.8	3512.2	3424.4	3442.0	74260	78089	0.0
2021-03-22	3440.4	3496.2	3431.8	3478.8	47959	72454	0.0
2021-03-23	3488.6	3497.8	3422.4	3471.0	55918	79888	0.0
2021-03-24	3466.4	3489.4	3411.6	3431.2	55667	77369	0.0
2021-03-25	3424.6	3440.6	3402.6	3422.8	47934	78168	0.0
2021-03-26	3451.4	3497.6	3440.6	3483.0	49539	76497	0.0
2021-03-29	3497.4	3510.6	3469.8	3482.2	46078	75371	0.0
2021-03-30	3486.2	3523.8	3478.4	3523.0	44185	76173	0.0
2021-03-31	3514.0	3518.8	3456.4	3488.2	46457	75965	0.0
2021-04-01	3502.8	3546.2	3495.4	3538.0	47007	75613	0.0
2021-04-02	3546.4	3569.0	3531.2	3567.6	43613	75152	0.0
2021-04-06	3571.2	3571.8	3521.0	3531.8	44249	75813	0.0
2021-04-07	3535.6	3537.0	3481.0	3502.2	44367	76373	0.0
2021-04-08	3479.0	3527.6	3477.6	3518.0	45072	76979	0.0
2021-04-09	3497.2	3500.2	3451.0	3465.0	48175	79795	0.0
2021-04-12	3455.4	3473.4	3421.4	3439.4	52855	80466	0.0
2021-04-13	3454.4	3459.2	3406.8	3424.0	54630	79520	0.0
2021-04-14	3440.6	3446.4	3407.0	3430.8	51844	78184	0.0
2021-04-15	3413.8	3418.0	3357.0	3394.8	61558	81228	0.0
2021-04-16	3402.4	3419.0	3368.4	3409.2	62511	75708	0.0
2021-04-19	3393.2	3483.8	3381.4	3480.2	56560	79574	0.0
2021-04-20	3469.0	3491.4	3460.2	3468.6	46259	76637	0.0
2021-04-21	3456.6	3479.6	3448.4	3469.4	41477	75302	0.0
2021-04-22	3472.8	3473.6	3431.0	3446.6	48755	79226	0.0
2021-04-23	3445.0	3489.4	3440.2	3485.2	50699	76274	0.0
2021-04-26	3508.6	3511.8	3413.6	3424.6	61550	83365	0.0
2021-04-27	3421.8	3443.8	3411.4	3436.2	39748	77397	0.0
2021-04-28	3409.0	3441.2	3400.4	3439.4	48939	82369	0.0
2021-04-29	3445.4	3491.0	3434.6	3490.6	52055	80007	0.0
2021-04-30	3488.4	3492.4	3431.2	3457.6	51957	82014	0.0
2021-05-06	3459.8	3488.0	3410.8	3423.4	55799	85754	0.0
2021-05-07	3424.4	3440.2	3368.2	3375.2	52341	85114	0.0
2021-05-10	3370.6	3391.6	3341.6	3378.6	48747	84089	0.0
2021-05-11	3365.6	3419.4	3349.0	3411.2	55326	84355	0.0
2021-05-12	3418.2	3433.8	3390.6	3421.6	48492	79674	0.0
2021-05-13	3405.2	3410.8	3366.4	3389.4	52485	84493	0.0
2021-05-14	3398.0	3486.2	3384.2	3485.6	64318	83012	0.0
2021-05-17	3497.4	3538.0	3495.8	3513.4	57283	80700	0.0
2021-05-18	3516.2	3528.8	3495.2	3509.0	42278	76519	0.0
2021-05-19	3482.2	3497.0	3472.8	3482.8	45105	76763	0.0
2021-05-20	3479.6	3504.8	3463.8	3493.4	50065	75275	0.0
2021-05-21	3514.0	3520.8	3437.4	3445.4	63817	78542	0.0
2021-05-24	3444.4	3465.0	3420.4	3461.8	46824	75883	0.0
2021-05-25	3475.6	3625.4	3469.0	3620.6	74811	84584	0.0
2021-05-26	3645.6	3664.6	3617.6	3630.6	53038	78589	0.0
2021-05-27	3617.0	3692.2	3603.4	3643.8	63969	85194	0.0
2021-05-28	3630.2	3668.2	3595.8	3631.2	68399	83492	0.0
2021-05-31	3607.8	3627.2	3583.6	3620.4	57525	81524	0.0
2021-06-01	3605.2	3623.0	3570.6	3616.0	58729	80668	0.0
2021-06-02	3628.0	3628.4	3565.0	3588.8	57477	81552	0.0
2021-06-03	3595.2	3609.2	3548.8	3556.4	57992	80714	0.0
2021-06-04	3543.8	3628.2	3538.2	3576.8	72480	86275	0.0
2021-06-07	3568.4	3572.2	3542.0	3564.4	50204	79610	0.0
2021-06-08	3552.2	3602.8	3518.4	3542.2	66891	87328	0.0
2021-06-09	3546.6	3562.0	3527.0	3546.4	53774	81308	0.0
2021-06-10	3551.8	3592.8	3551.6	3563.4	68172	89507	0.0
2021-06-11	3567.2	3574.8	3529.8	3533.8	55942	85364	0.0
2021-06-15	3524.0	3544.2	3474.0	3486.4	55979	86756	0.0
2021-06-16	3485.4	3490.0	3439.2	3453.4	59393	86092	0.0
2021-06-17	3448.6	3463.4	3427.2	3439.0	58900	83105	0.0
2021-06-18	3435.6	3453.6	3389.8	3412.2	80303	87994	0.0
2021-06-21	3403.4	3423.0	3373.0	3399.0	58254	84940	0.0
2021-06-22	3414.6	3432.0	3392.2	3420.0	55575	87174	0.0
2021-06-23	3429.2	3459.8	3419.6	3428.0	57336	83402	0.0
2021-06-24	3425.8	3452.8	3419.6	3452.4	43651	83518	0.0
2021-06-25	3466.6	3522.4	3452.8	3506.6	56641	86125	0.0
2021-06-28	3507.4	3508.2	3474.6	3489.6	44503	84078	0.0
2021-06-29	3487.2	3488.2	3447.6	3458.8	44900	84770	0.0
2021-06-30	3460.8	3481.2	3458.4	3471.2	41546	82858	0.0
2021-07-01	3489.8	3492.6	3440.0	3459.8	64982	95582	0.0
2021-07-02	3444.0	3445.0	3366.6	3371.2	65175	92702	0.0
2021-07-05	3368.4	3388.6	3352.0	3377.0	44596	88497	0.0
2021-07-06	3378.2	3391.8	3348.2	3390.2	53197	92991	0.0
2021-07-07	3378.8	3418.2	3374.4	3402.8	57880	90218	0.0
2021-07-08	3407.2	3407.8	3343.0	3353.2	55450	93255	0.0
2021-07-09	3351.4	3360.0	3310.6	3341.6	57807	93161	0.0
2021-07-12	3355.2	3399.8	3342.4	3369.0	66712	93130	0.0
2021-07-13	3378.4	3408.4	3369.6	3383.2	61044	89984	0.0
2021-07-14	3360.8	3360.8	3313.6	3326.4	72448	94441	0.0
2021-07-15	3326.2	3407.6	3324.2	3399.6	82916	92499	0.0
2021-07-16	3401.0	3405.0	3355.8	3359.8	68354	86172	0.0
2021-07-19	3331.6	3383.4	3305.4	3378.2	67733	94006	0.0
2021-07-20	3370.2	3374.8	3348.0	3365.4	50561	89131	0.0
2021-07-21	3382.2	3407.4	3365.0	3376.4	60924	95202	0.0
2021-07-22	3379.0	3406.2	3378.6	3382.0	46704	89432	0.0
2021-07-23	3380.2	3380.2	3341.4	3344.4	55078	95305	0.0
2021-07-26	3310.4	3310.4	3181.6	3215.0	79684	105737	0.0
2021-07-27	3221.6	3231.4	3099.6	3112.0	77637	105585	0.0
2021-07-28	3129.0	3161.6	3086.0	3141.0	79297	103034	0.0
2021-07-29	3188.2	3188.4	3143.8	3163.4	62981	97924	0.0
2021-07-30	3138.2	3141.4	3098.0	3113.6	65887	101944	0.0
2021-08-02	3089.0	3206.2	3076.2	3189.6	79759	102403	0.0
2021-08-03	3176.8	3217.8	3165.6	3207.8	60401	95191	0.0
2021-08-04	3198.8	3223.2	3190.0	3198.4	53344	94384	0.0
2021-08-05	3171.6	3234.4	3171.0	3188.2	58533	96417	0.0
2021-08-06	3180.2	3182.8	3148.8	3175.2	52488	93335	0.0
2021-08-09	3158.0	3236.0	3144.4	3199.8	68586	104425	0.0
2021-08-10	3205.8	3268.2	3167.0	3263.0	85735	102365	0.0
2021-08-11	3255.4	3276.2	3226.6	3227.4	64970	94263	0.0
2021-08-12	3224.8	3234.0	3194.6	3198.8	49752	93498	0.0
2021-08-13	3191.4	3224.2	3175.6	3198.0	55738	94997	0.0
2021-08-16	3210.8	3227.0	3184.2	3205.8	58036	94030	0.0
2021-08-17	3208.6	3227.2	3121.2	3125.0	78217	101463	0.0
2021-08-18	3129.4	3188.8	3119.8	3171.0	70184	95729	0.0
2021-08-19	3162.4	3164.2	3111.0	3123.2	79956	100683	0.0
2021-08-20	3096.6	3113.4	3034.2	3056.6	86978	101244	0.0
2021-08-23	3075.2	3104.2	3060.6	3085.4	57359	94305	0.0
2021-08-24	3105.4	3152.0	3100.0	3134.0	66717	98302	0.0
2021-08-25	3138.2	3159.8	3119.0	3137.4	54762	93598	0.0
2021-08-26	3123.0	3123.0	3066.6	3072.8	61659	99722	0.0
2021-08-27	3084.0	3138.0	3082.4	3106.4	66515	97357	0.0
2021-08-30	3121.8	3122.0	3074.0	3097.0	67018	101617	0.0
2021-08-31	3101.2	3116.2	3040.0	3087.4	76784	109080	0.0
2021-09-01	3087.4	3179.4	3055.8	3164.2	101327	114225	0.0
2021-09-02	3169.0	3189.2	3145.4	3162.2	68086	110647	0.0
2021-09-03	3169.0	3207.4	3135.6	3170.4	88636	115694	0.0
2021-09-06	3172.8	3230.4	3166.2	3202.2	76598	109423	0.0
2021-09-07	3194.8	3259.2	3183.6	3243.0	84489	113472	0.0
2021-09-08	3235.8	3253.8	3198.0	3205.8	72892	110660	0.0
2021-09-09	3190.4	3206.8	3179.2	3198.4	56906	109808	0.0
2021-09-10	3202.6	3265.0	3202.6	3251.8	84946	113273	0.0
2021-09-13	3249.6	3271.6	3217.0	3237.8	72194	103870	0.0
2021-09-14	3247.0	3257.8	3174.6	3184.6	91029	111776	0.0
2021-09-15	3178.2	3180.4	3125.8	3147.6	81170	107807	0.0
2021-09-16	3149.8	3159.4	3109.0	3131.0	93481	115164	0.0
2021-09-17	3133.2	3167.0	3108.6	3166.2	92329	102082	0.0
2021-09-22	3127.6	3138.0	3102.2	3124.6	69361	105645	0.0
2021-09-23	3140.6	3169.6	3116.6	3128.6	60560	106303	0.0
2021-09-24	3129.2	3174.2	3129.2	3152.6	66434	103833	0.0
2021-09-27	3198.8	3213.0	3167.0	3209.0	83412	107695	0.0
2021-09-28	3192.8	3229.4	3179.8	3210.0	59425	100907	0.0
2021-09-29	3188.2	3225.6	3160.0	3217.4	80604	110978	0.0
2021-09-30	3208.2	3217.2	3185.6	3190.4	55221	98180	0.0
2021-10-08	3224.0	3264.0	3218.8	3259.4	68398	104015	0.0
2021-10-11	3295.4	3318.2	3269.8	3271.0	65476	99030	0.0
2021-10-12	3254.0	3285.4	3234.4	3258.4	72181	101322	0.0
2021-10-13	3257.0	3307.8	3244.2	3292.0	66455	96692	0.0
2021-10-14	3294.2	3305.2	3261.2	3270.0	63125	94972	0.0
2021-10-15	3258.0	3309.0	3255.6	3301.2	70621	95055	0.0
2021-10-18	3294.6	3294.6	3212.2	3230.8	71109	103746	0.0
2021-10-19	3243.0	3262.6	3241.0	3251.0	52203	96902	0.0
2021-10-20	3278.8	3284.2	3240.8	3257.0	49435	97186	0.0
2021-10-21	3269.0	3298.2	3254.4	3281.4	64210	102162	0.0
2021-10-22	3306.4	3342.6	3288.4	3316.4	66050	103330	0.0
2021-10-25	3300.0	3323.0	3295.6	3316.2	56254	102523	0.0
2021-10-26	3317.8	3338.2	3284.4	3292.0	62329	104454	0.0
2021-10-27	3268.6	3273.8	3239.2	3248.0	60494	102041	0.0
2021-10-28	3253.6	3257.4	3227.8	3253.2	51894	101372	0.0
2021-10-29	3262.0	3268.8	3248.0	3268.2	48903	100004	0.0
2021-11-01	3242.6	3270.4	3233.6	3256.2	50194	101680	0.0
2021-11-02	3257.6	3276.8	3193.4	3213.4	76529	113311	0.0
2021-11-03	3217.8	3226.2	3176.4	3182.6	55227	107124	0.0
2021-11-04	3199.0	3217.4	3193.0	3206.0	46053	103963	0.0
2021-11-05	3205.2	3233.6	3192.6	3208.8	50614	103421	0.0
2021-11-08	3203.0	3223.4	3188.6	3194.8	49284	104708	0.0
2021-11-09	3210.0	3223.0	3176.4	3189.0	54139	108121	0.0
2021-11-10	3182.8	3182.8	3124.2	3170.8	65508	108599	0.0
2021-11-11	3174.0	3244.4	3173.6	3242.4	67844	104023	0.0
2021-11-12	3245.4	3251.0	3222.6	3231.2	49120	101065	0.0
2021-11-15	3239.2	3251.4	3218.0	3232.2	45959	102822	0.0
2021-11-16	3239.4	3250.8	3213.8	3231.8	56385	103228	0.0
2021-11-17	3229.4	3235.0	3205.0	3210.4	54847	101918	0.0
2021-11-18	3194.8	3194.8	3168.2	3178.2	64787	101388	0.0
2021-11-19	3180.4	3230.6	3180.4	3221.0	73049	98064	0.0
2021-11-22	3225.8	3233.2	3214.6	3217.4	41064	92707	0.0
2021-11-23	3215.4	3244.6	3209.8	3229.8	43976	94906	0.0
2021-11-24	3237.8	3259.0	3220.0	3242.8	49201	97406	0.0
2021-11-25	3243.8	3245.0	3218.4	3221.0	41460	94221	0.0
2021-11-26	3210.0	3211.0	3184.4	3187.6	44749	96967	0.0
2021-11-29	3187.2	3195.0	3166.6	3193.2	46270	95850	0.0
2021-11-30	3195.8	3204.6	3156.8	3172.8	46557	100025	0.0
2021-12-01	3177.2	3191.8	3172.6	3185.4	38164	96008	0.0
2021-12-02	3179.0	3207.2	3170.0	3197.0	47404	100029	0.0
2021-12-03	3205.8	3225.2	3195.0	3224.4	50893	97884	0.0
2021-12-06	3236.6	3257.4	3228.4	3233.4	56199	93849	0.0
2021-12-07	3250.4	3269.4	3241.2	3259.8	53194	94949	0.0
2021-12-08	3259.4	3316.0	3250.4	3314.4	59637	99997	0.0
2021-12-09	3318.4	3411.8	3315.6	3365.8	80229	113787	0.0
2021-12-10	3363.8	3372.6	3352.4	3369.2	56845	107282	0.0
2021-12-13	3404.4	3442.4	3371.6	3373.6	76603	111753	0.0
2021-12-14	3365.8	3382.8	3357.4	3364.0	55720	107875	0.0
2021-12-15	3359.6	3372.6	3328.0	3328.8	61288	108117	0.0
2021-12-16	3335.8	3345.8	3320.8	3345.8	71024	107990	0.0
2021-12-17	3345.2	3348.0	3298.6	3299.8	72098	102619	0.0
2021-12-20	3298.8	3317.6	3270.6	3278.8	55985	108971	0.0
2021-12-21	3288.0	3298.8	3274.8	3290.8	46218	108980	0.0
2021-12-22	3298.6	3306.8	3274.4	3277.4	40465	110085	0.0
2021-12-23	3284.0	3311.6	3269.2	3310.8	49835	115048	0.0
2021-12-24	3313.2	3323.6	3294.4	3301.6	45150	107589	0.0
2021-12-27	3300.4	3314.0	3288.0	3309.0	43263	112251	0.0
2021-12-28	3312.8	3333.4	3305.0	3326.2	52242	114488	0.0
2021-12-29	3326.4	3328.0	3255.6	3255.8	57829	119007	0.0
2021-12-30	3259.6	3299.4	3253.4	3284.0	50493	114908	0.0
2021-12-31	3293.6	3305.4	3282.8	3285.2	41525	115078	0.0
2022-01-04	3289.6	3289.6	3229.0	3271.8	60527	120054	0.0
2022-01-05	3271.8	3301.6	3251.8	3267.0	62925	117030	0.0
2022-01-06	3262.0	3266.2	3205.0	3216.8	60292	119659	0.0
2022-01-07	3232.4	3249.2	3225.8	3229.2	48979	114447	0.0
2022-01-10	3225.0	3251.4	3210.6	3244.0	47290	116172	0.0
2022-01-11	3239.2	3260.6	3218.6	3222.2	52069	117485	0.0
2022-01-12	3233.4	3258.2	3225.6	3250.0	46298	115712	0.0
2022-01-13	3258.4	3262.4	3187.2	3187.2	63141	122031	0.0
2022-01-14	3181.8	3181.8	3138.6	3139.2	63762	120442	0.0
2022-01-17	3151.6	3164.4	3138.4	3151.6	49831	115838	0.0
2022-01-18	3149.2	3204.2	3142.0	3190.6	69122	117908	0.0
2022-01-19	3203.4	3211.2	3183.0	3193.4	60432	109930	0.0
2022-01-20	3205.0	3268.0	3202.2	3242.4	81189	118684	0.0
2022-01-21	3244.0	3250.6	3220.4	3238.8	65673	106831	0.0
2022-01-24	3222.4	3232.0	3197.0	3223.6	55557	114072	0.0
2022-01-25	3205.8	3207.4	3148.2	3149.6	60162	112335	0.0
2022-01-26	3170.8	3179.8	3140.8	3170.4	53226	114787	0.0
2022-01-27	3163.4	3165.6	3120.6	3129.0	64449	117005	0.0
2022-01-28	3141.0	3143.2	3002.6	3031.4	77126	119724	0.0
2022-02-07	3084.6	3131.4	3081.8	3113.6	58306	113230	0.0
2022-02-08	3109.0	3122.8	3059.6	3119.0	56222	113405	0.0
2022-02-09	3131.0	3147.6	3109.0	3140.0	55885	113369	0.0
2022-02-10	3138.4	3149.4	3124.8	3147.4	48861	111524	0.0
2022-02-11	3133.6	3175.8	3133.2	3140.0	65075	115934	0.0
2022-02-14	3129.4	3137.6	3097.2	3106.6	58393	109737	0.0
2022-02-15	3110.6	3129.2	3100.4	3117.2	51798	106887	0.0
2022-02-16	3132.0	3146.8	3125.8	3134.4	53514	105103	0.0
2022-02-17	3135.4	3158.8	3132.6	3137.0	52803	103047	0.0
2022-02-18	3122.2	3165.8	3121.2	3164.4	50698	101733	0.0
2022-02-21	3157.0	3157.2	3127.0	3149.0	44794	100793	0.0
2022-02-22	3108.2	3114.0	3081.6	3100.2	52755	104738	0.0
2022-02-23	3112.6	3121.0	3090.8	3119.6	39338	99454	0.0
2022-02-24	3098.8	3103.6	3039.0	3062.2	60478	111010	0.0
2022-02-25	3091.2	3109.0	3063.8	3072.2	51790	102971	0.0
2022-02-28	3068.8	3080.2	3048.2	3079.6	40199	103130	0.0
2022-03-01	3111.2	3132.0	3097.8	3124.4	50990	101396	0.0
2022-03-02	3106.8	3115.2	3099.6	3108.4	36054	97253	0.0
2022-03-03	3124.8	3128.4	3090.2	3097.2	38811	99287	0.0
2022-03-04	3062.0	3078.0	3049.8	3067.6	53843	106030	0.0
2022-03-07	3033.2	3033.4	2964.6	2969.4	63063	108765	0.0
2022-03-08	2997.0	3002.2	2907.6	2922.0	76598	112348	0.0
2022-03-09	2943.8	2961.6	2780.4	2896.2	91375	116030	0.0
2022-03-10	2951.8	2958.8	2916.8	2920.2	61218	106042	0.0
2022-03-11	2863.4	2938.2	2834.0	2935.2	81409	113292	0.0
2022-03-14	2886.6	2907.6	2836.2	2836.4	74340	110463	0.0
2022-03-15	2772.2	2815.4	2643.8	2650.4	114208	121059	0.0
2022-03-16	2708.2	2827.0	2674.0	2816.4	116576	111126	0.0
2022-03-17	2869.8	2895.8	2841.0	2848.2	96390	105939	0.0
2022-03-18	2846.2	2912.2	2833.4	2896.0	81421	95438	0.0
2022-03-21	2881.0	2892.2	2836.6	2862.2	58858	95346	0.0
2022-03-22	2861.8	2896.8	2858.6	2867.8	54030	92611	0.0
2022-03-23	2875.6	2897.4	2859.0	2884.4	58834	95530	0.0
2022-03-24	2860.6	2893.6	2854.4	2872.8	49590	92337	0.0
2022-03-25	2874.0	2888.8	2827.8	2828.2	57466	96642	0.0
2022-03-28	2790.6	2849.2	2772.6	2834.2	66413	98188	0.0
2022-03-29	2844.4	2857.4	2818.6	2820.8	44958	94247	0.0
2022-03-30	2847.8	2906.0	2844.0	2906.0	62328	96518	0.0
2022-03-31	2894.0	2901.8	2882.6	2887.2	43401	92261	0.0
2022-04-01	2870.4	2946.2	2864.4	2930.2	65413	99958	0.0
2022-04-06	2916.8	2926.0	2892.4	2910.4	57614	93540	0.0
2022-04-07	2898.2	2931.0	2881.2	2886.0	57432	97048	0.0
2022-04-08	2895.4	2919.0	2878.4	2915.0	53682	92764	0.0
2022-04-11	2886.8	2886.8	2824.6	2835.6	69503	101642	0.0
2022-04-12	2846.8	2885.6	2816.6	2880.4	70909	97821	0.0
2022-04-13	2865.6	2901.4	2862.2	2875.2	59995	96481	0.0
2022-04-14	2901.6	2941.6	2890.8	2925.6	74084	100485	0.0
2022-04-15	2915.0	2943.0	2911.2	2928.8	66244	97233	0.0
2022-04-18	2894.4	2900.2	2865.0	2881.4	65439	104158	0.0
2022-04-19	2885.8	2894.4	2829.8	2850.8	63609	105383	0.0
2022-04-20	2851.8	2857.2	2817.2	2820.6	63642	105637	0.0
2022-04-21	2823.8	2838.0	2770.2	2786.2	78661	113813	0.0
2022-04-22	2770.6	2812.2	2759.4	2798.6	67245	107210	0.0
2022-04-25	2751.2	2765.6	2661.8	2665.6	86340	117508	0.0
2022-04-26	2677.0	2718.4	2655.6	2666.6	86086	112855	0.0
2022-04-27	2681.6	2721.8	2671.8	2716.0	80602	113917	0.0
2022-04-28	2709.6	2755.0	2707.8	2752.2	70052	108651	0.0
2022-04-29	2757.8	2808.0	2724.2	2796.6	79892	113248	0.0
2022-05-05	2807.6	2814.4	2779.6	2780.8	47722	103969	0.0
2022-05-06	2751.0	2751.0	2695.0	2698.0	68622	115185	0.0
2022-05-09	2677.8	2695.8	2652.4	2669.6	57200	112929	0.0
2022-05-10	2635.8	2719.4	2622.6	2700.2	77323	120771	0.0
2022-05-11	2704.4	2748.2	2697.4	2717.2	72785	113969	0.0
2022-05-12	2714.8	2719.8	2692.2	2697.4	54397	111690	0.0
2022-05-13	2726.4	2740.4	2709.6	2727.6	54352	110545	0.0
2022-05-16	2739.4	2741.0	2686.4	2696.8	56960	111311	0.0
2022-05-17	2706.0	2734.0	2705.0	2732.4	51117	104220	0.0
2022-05-18	2726.2	2729.4	2695.4	2701.2	28650	100509	0.0
数据来源:通达信
