JDL9 鸡蛋指数 日线 前复权
      日期	    开盘	    最高	    最低	    收盘	    成交量	    持仓量	    结算价
2013-11-08	4010	4196	3994	4077	350712	65726	0
2013-11-11	4107	4107	4023	4044	166804	70542	0
2013-11-12	4045	4092	4037	4084	114240	67840	0
2013-11-13	4079	4110	4070	4105	78388	66142	0
2013-11-14	4104	4113	4090	4110	48194	60106	0
2013-11-15	4109	4142	4108	4140	148218	71550	0
2013-11-18	4138	4146	4124	4136	120366	78240	0
2013-11-19	4136	4148	4124	4145	68166	69896	0
2013-11-20	4142	4158	4140	4152	64854	70160	0
2013-11-21	4154	4155	4133	4140	43978	61068	0
2013-11-22	4144	4163	4135	4147	42632	59996	0
2013-11-25	4149	4260	4149	4246	299388	97914	0
2013-11-26	4244	4259	4230	4249	158180	91302	0
2013-11-27	4253	4259	4210	4230	125030	86808	0
2013-11-28	4233	4266	4230	4256	195074	97032	0
2013-11-29	4258	4264	4237	4255	91980	95182	0
2013-12-02	4256	4270	4236	4248	61338	94818	0
2013-12-03	4247	4268	4224	4245	169046	98352	0
2013-12-04	4248	4258	4233	4236	68392	97502	0
2013-12-05	4239	4259	4234	4241	88080	95552	0
2013-12-06	4245	4258	4194	4220	96776	90056	0
2013-12-09	4227	4238	4217	4221	44980	89560	0
2013-12-10	4229	4258	4222	4237	144898	92690	0
2013-12-11	4243	4250	4229	4235	70366	91862	0
2013-12-12	4239	4251	4229	4237	59686	90282	0
2013-12-13	4234	4240	4177	4186	82832	86912	0
2013-12-16	4199	4202	4165	4172	56250	88026	0
2013-12-17	4177	4204	4174	4193	59400	85752	0
2013-12-18	4187	4205	4179	4182	41770	86090	0
2013-12-19	4180	4180	4030	4069	237242	91536	0
2013-12-20	4079	4086	4051	4074	87104	81624	0
2013-12-23	4057	4062	4030	4058	73194	81572	0
2013-12-24	4053	4080	4047	4072	58882	80452	0
2013-12-25	4074	4108	4071	4086	64640	80840	0
2013-12-26	4092	4106	4045	4062	69608	80062	0
2013-12-27	4062	4083	4058	4060	38818	79004	0
2013-12-30	4065	4095	4062	4079	49470	76696	0
2013-12-31	4077	4093	4030	4042	63670	79890	0
2014-01-02	4044	4069	4032	4065	33338	78484	0
2014-01-03	4079	4117	4072	4102	106728	80104	0
2014-01-06	4094	4108	4030	4032	80118	80322	0
2014-01-07	3963	4007	3929	3969	112632	75730	0
2014-01-08	3972	3981	3945	3961	49382	74146	0
2014-01-09	3955	3983	3909	3926	70054	77814	0
2014-01-10	3929	3944	3915	3931	41338	77254	0
2014-01-13	3929	3957	3915	3930	43610	76422	0
2014-01-14	3935	3983	3930	3975	43692	74176	0
2014-01-15	3971	3976	3931	3940	55706	79030	0
2014-01-16	3946	3946	3871	3880	93854	90534	0
2014-01-17	3880	3903	3863	3902	61918	89396	0
2014-01-20	3894	3932	3894	3913	54624	88034	0
2014-01-21	3908	3908	3869	3886	60106	90254	0
2014-01-22	3884	3884	3813	3858	124494	95074	0
2014-01-23	3849	3878	3848	3867	44148	94652	0
2014-01-24	3863	3877	3840	3863	50006	97112	0
2014-01-27	3852	3906	3845	3905	79274	95552	0
2014-01-28	3883	3971	3883	3946	120682	94862	0
2014-01-29	3946	3975	3933	3967	51292	94304	0
2014-01-30	3963	4014	3960	4012	38372	93908	0
2014-02-07	4001	4040	3951	3956	60948	101346	0
2014-02-10	3948	3995	3932	3986	83058	109838	0
2014-02-11	3985	3987	3945	3947	94404	118396	0
2014-02-12	3953	3959	3929	3957	46492	119052	0
2014-02-13	3960	3984	3957	3966	40744	119264	0
2014-02-14	3970	4069	3950	4068	208378	134612	0
2014-02-17	4057	4115	4057	4104	143174	131086	0
2014-02-18	4101	4115	4075	4106	106152	132014	0
2014-02-19	4115	4122	4099	4111	78978	132292	0
2014-02-20	4107	4111	4056	4065	109814	132646	0
2014-02-21	4071	4077	4039	4069	70368	136026	0
2014-02-24	4068	4100	4047	4076	104608	136226	0
2014-02-25	4079	4082	3995	4000	118434	136882	0
2014-02-26	4008	4025	3962	4017	106570	133686	0
2014-02-27	4020	4047	4006	4019	84076	135376	0
2014-02-28	4026	4040	4006	4039	66926	132390	0
2014-03-03	4043	4097	4043	4071	140624	123220	0
2014-03-04	4082	4113	4050	4113	126500	123052	0
2014-03-05	4110	4151	4099	4150	110950	120624	0
2014-03-06	4140	4160	4125	4153	85720	120208	0
2014-03-07	4154	4286	4136	4278	218422	127900	0
2014-03-10	4252	4312	4251	4309	351122	126104	0
2014-03-11	4300	4345	4291	4334	254416	122996	0
2014-03-12	4323	4331	4301	4320	129990	121592	0
2014-03-13	4323	4417	4312	4386	320354	140318	0
2014-03-14	4394	4400	4344	4380	285318	135814	0
2014-03-17	4387	4394	4232	4259	324260	119038	0
2014-03-18	4272	4332	4231	4328	315300	125390	0
2014-03-19	4313	4361	4313	4344	181428	124230	0
2014-03-20	4348	4368	4291	4367	206920	120520	0
2014-03-21	4355	4457	4355	4444	349988	128960	0
2014-03-24	4425	4468	4420	4460	147368	132338	0
2014-03-25	4455	4478	4436	4467	129838	131112	0
2014-03-26	4464	4531	4430	4521	184432	147448	0
2014-03-27	4518	4550	4510	4535	124862	149650	0
2014-03-28	4534	4544	4490	4526	160540	142262	0
2014-03-31	4514	4517	4485	4510	119724	135472	0
2014-04-01	4505	4568	4498	4523	157414	128882	0
2014-04-02	4538	4540	4484	4495	107218	126072	0
2014-04-03	4505	4559	4467	4551	132162	136600	0
2014-04-04	4540	4564	4538	4562	86254	136348	0
2014-04-08	4556	4633	4556	4622	111906	148280	0
2014-04-09	4612	4647	4585	4599	105774	145104	0
2014-04-10	4606	4656	4598	4650	178878	165976	0
2014-04-11	4638	4658	4616	4651	127596	163848	0
2014-04-14	4638	4671	4608	4629	126484	154580	0
2014-04-15	4633	4651	4613	4650	71692	158596	0
2014-04-16	4629	4675	4626	4675	98840	162336	0
2014-04-17	4676	4743	4659	4731	264500	190604	0
2014-04-18	4713	4762	4713	4758	192792	197254	0
2014-04-21	4745	4880	4745	4875	333992	229984	0
2014-04-22	4843	4886	4840	4867	321374	232058	0
2014-04-23	4864	4879	4820	4867	278176	240336	0
2014-04-24	4848	4892	4798	4817	364338	230120	0
2014-04-25	4814	4840	4801	4831	186230	225584	0
2014-04-28	4820	4920	4820	4911	270214	241766	0
2014-04-29	4912	4926	4870	4899	187848	242092	0
2014-04-30	4894	4955	4894	4952	278960	267186	0
2014-05-05	4970	4990	4933	4961	274584	283672	0
2014-05-06	4966	4978	4947	4977	238498	294336	0
2014-05-07	4977	5008	4948	5004	363984	307706	0
2014-05-08	5007	5055	4943	4946	619184	290958	0
2014-05-09	4955	4971	4929	4962	384460	297128	0
2014-05-12	4980	5080	4976	5078	588228	337520	0
2014-05-13	5076	5117	5066	5116	465608	370232	0
2014-05-14	5125	5135	5096	5126	515138	368482	0
2014-05-15	5118	5168	5096	5167	524410	393296	0
2014-05-16	5152	5202	5126	5200	661576	386100	0
2014-05-19	5171	5177	5041	5069	767620	341904	0
2014-05-20	5070	5185	5067	5170	784266	387316	0
2014-05-21	5152	5164	4977	4999	1008108	348348	0
2014-05-22	5004	5026	4957	4978	677514	350564	0
2014-05-23	4977	5013	4943	4992	698056	347486	0
2014-05-26	4939	4939	4869	4869	458278	331382	0
2014-05-27	4869	4923	4855	4897	553628	347418	0
2014-05-28	4893	4963	4882	4910	578924	355936	0
2014-05-29	4900	4930	4877	4914	389060	349134	0
2014-05-30	4915	4934	4806	4813	616650	338550	0
2014-06-03	4768	4789	4745	4770	328292	333776	0
2014-06-04	4778	4832	4778	4820	303134	341134	0
2014-06-05	4816	4860	4803	4837	412676	345818	0
2014-06-06	4840	4958	4836	4956	563232	382548	0
2014-06-09	4951	4981	4938	4960	504316	390240	0
2014-06-10	4957	4960	4909	4917	426252	379940	0
2014-06-11	4916	5009	4910	4995	581510	417040	0
2014-06-12	4989	5033	4969	4982	521302	385056	0
2014-06-13	4984	5022	4944	5006	429050	392632	0
2014-06-16	4989	4993	4937	4966	361276	378274	0
2014-06-17	4960	5052	4951	5008	562000	376230	0
2014-06-18	5007	5026	4985	5023	308916	393780	0
2014-06-19	5017	5073	5017	5065	397822	417252	0
2014-06-20	5057	5148	5057	5127	579020	441438	0
2014-06-23	5131	5163	5100	5128	463472	437742	0
2014-06-24	5128	5140	5096	5129	360088	448146	0
2014-06-25	5128	5160	5108	5145	454520	473886	0
2014-06-26	5140	5149	5110	5134	355778	464250	0
2014-06-27	5133	5228	5106	5213	747468	500096	0
2014-06-30	5203	5233	5199	5225	395502	504270	0
2014-07-01	5205	5217	5143	5212	525270	487498	0
2014-07-02	5207	5250	4952	5054	1118926	401494	0
2014-07-03	5065	5092	5048	5082	375002	407314	0
2014-07-04	5084	5179	5084	5177	544458	447102	0
2014-07-07	5181	5222	5118	5158	589608	455552	0
2014-07-08	5170	5174	5073	5165	727072	477276	0
2014-07-09	5149	5166	5102	5119	625262	471716	0
2014-07-10	5126	5147	5085	5123	545198	479656	0
2014-07-11	5122	5298	5122	5221	795892	500478	0
2014-07-14	5228	5268	5220	5242	468902	496616	0
2014-07-15	5243	5247	5204	5236	366698	496024	0
2014-07-16	5225	5235	5175	5194	500948	466352	0
2014-07-17	5196	5244	5183	5235	457470	496228	0
2014-07-18	5205	5223	5092	5118	832802	449602	0
2014-07-21	5125	5125	5029	5047	522904	427188	0
2014-07-22	5036	5036	4945	4947	682920	370000	0
2014-07-23	4942	4974	4921	4930	376834	360956	0
2014-07-24	4932	5026	4930	5008	569210	364208	0
2014-07-25	4994	5044	4983	5042	427670	370786	0
2014-07-28	5040	5136	5040	5124	574610	384520	0
2014-07-29	5121	5145	5098	5123	329050	383254	0
2014-07-30	5117	5117	4998	5048	536546	358312	0
2014-07-31	5027	5070	5015	5018	347720	355576	0
2014-08-01	5029	5069	4999	5022	444174	351474	0
2014-08-04	5035	5054	5003	5035	305160	351348	0
2014-08-05	5031	5057	5006	5030	248368	347998	0
2014-08-06	5030	5057	4979	4995	478294	348280	0
2014-08-07	5016	5016	4923	4923	510328	352532	0
2014-08-08	4945	4945	4864	4877	420880	324800	0
2014-08-11	4889	4908	4838	4842	317872	309888	0
2014-08-12	4840	4889	4836	4885	345962	304402	0
2014-08-13	4869	4916	4748	4761	629882	283984	0
2014-08-14	4809	4809	4712	4735	319302	269782	0
2014-08-15	4735	4781	4694	4759	461230	267904	0
2014-08-18	4749	4798	4693	4712	372174	283216	0
2014-08-19	4723	4723	4615	4615	382488	293234	0
2014-08-20	4595	4641	4587	4614	302268	280562	0
2014-08-21	4628	4645	4612	4629	229716	274694	0
2014-08-22	4635	4637	4557	4636	482504	275688	0
2014-08-25	4652	4693	4643	4692	411638	283280	0
2014-08-26	4691	4695	4631	4632	348398	275288	0
2014-08-27	4617	4654	4587	4628	382222	270446	0
2014-08-28	4602	4625	4585	4586	244376	265158	0
2014-08-29	4587	4609	4526	4564	401658	258088	0
2014-09-01	4573	4573	4541	4549	167584	255538	0
2014-09-02	4539	4544	4502	4510	275484	260274	0
2014-09-03	4510	4513	4457	4461	291488	262152	0
2014-09-04	4456	4497	4454	4471	225350	247178	0
2014-09-05	4474	4483	4396	4408	278034	240388	0
2014-09-09	4418	4435	4381	4421	158356	234196	0
2014-09-10	4417	4486	4411	4462	315196	226422	0
2014-09-11	4458	4478	4401	4401	231480	235220	0
2014-09-12	4387	4476	4369	4476	287988	227298	0
2014-09-15	4492	4505	4462	4482	219302	231992	0
2014-09-16	4477	4510	4435	4454	261382	233472	0
2014-09-17	4474	4502	4453	4501	199766	238394	0
2014-09-18	4523	4535	4472	4473	263940	233164	0
2014-09-19	4460	4487	4438	4453	223654	231964	0
2014-09-22	4414	4476	4355	4444	365596	218942	0
2014-09-23	4438	4488	4408	4412	293350	226000	0
2014-09-24	4411	4473	4403	4435	238210	219396	0
2014-09-25	4445	4455	4406	4450	196076	214956	0
2014-09-26	4439	4534	4432	4499	348722	203078	0
2014-09-29	4498	4540	4468	4535	181628	190088	0
2014-09-30	4560	4581	4535	4575	245812	186826	0
2014-10-08	4587	4594	4527	4540	178516	197624	0
2014-10-09	4534	4551	4500	4543	213962	207148	0
2014-10-10	4537	4586	4512	4555	237338	218160	0
2014-10-13	4565	4664	4561	4661	344324	237786	0
2014-10-14	4663	4704	4652	4704	247574	242046	0
2014-10-15	4695	4698	4656	4682	213568	238086	0
2014-10-16	4664	4723	4642	4702	282974	249720	0
2014-10-17	4705	4738	4651	4656	318074	227564	0
2014-10-20	4660	4745	4660	4743	290778	245550	0
2014-10-21	4740	4764	4722	4741	286076	258062	0
2014-10-22	4743	4754	4719	4735	246154	255698	0
2014-10-23	4723	4769	4721	4763	260586	265412	0
2014-10-24	4768	4768	4733	4754	199854	254070	0
2014-10-27	4744	4745	4671	4676	276488	234374	0
2014-10-28	4680	4711	4667	4675	212520	239084	0
2014-10-29	4678	4745	4673	4744	257614	242414	0
2014-10-30	4752	4776	4713	4727	265772	237814	0
2014-10-31	4710	4760	4694	4746	231034	230980	0
2014-11-03	4612	4639	4510	4518	508236	185952	0
2014-11-04	4515	4541	4494	4513	219928	185154	0
2014-11-05	4528	4549	4502	4506	186852	186152	0
2014-11-06	4524	4525	4461	4512	305668	190526	0
2014-11-07	4526	4553	4510	4516	164928	177056	0
2014-11-10	4503	4555	4472	4541	302922	179664	0
2014-11-11	4537	4547	4490	4491	178770	188192	0
2014-11-12	4510	4537	4483	4504	228208	187154	0
2014-11-13	4498	4532	4495	4516	146286	188968	0
2014-11-14	4508	4516	4469	4511	191064	188944	0
2014-11-17	4561	4615	4556	4592	288880	179168	0
2014-11-18	4599	4620	4577	4610	206258	179724	0
2014-11-19	4603	4621	4581	4591	183768	176380	0
2014-11-20	4599	4622	4572	4606	222146	176402	0
2014-11-21	4613	4626	4586	4603	145482	173686	0
2014-11-24	4552	4574	4524	4524	159550	154948	0
2014-11-25	4514	4553	4513	4536	100154	151994	0
2014-11-26	4542	4542	4469	4470	143108	157004	0
2014-11-27	4474	4492	4458	4473	143292	151000	0
2014-11-28	4474	4499	4458	4462	102208	144554	0
2014-12-01	4424	4478	4413	4470	216366	143924	0
2014-12-02	4492	4513	4466	4477	187706	132652	0
2014-12-03	4477	4638	4459	4559	167294	141504	0
2014-12-04	4555	4606	4541	4573	276592	154806	0
2014-12-05	4585	4595	4541	4580	137314	156944	0
2014-12-08	4577	4621	4545	4565	166080	155466	0
2014-12-09	4569	4569	4469	4514	188520	139770	0
2014-12-10	4552	4618	4534	4595	242020	158554	0
2014-12-11	4593	4615	4561	4606	145194	167842	0
2014-12-12	4624	4647	4539	4576	227464	152306	0
2014-12-15	4550	4596	4519	4521	174332	152056	0
2014-12-16	4503	4536	4496	4528	140088	143394	0
2014-12-17	4529	4553	4468	4483	179088	140226	0
2014-12-18	4487	4504	4463	4466	115868	138508	0
2014-12-19	4432	4444	4378	4380	175338	134704	0
2014-12-22	4369	4401	4347	4349	147514	140090	0
2014-12-23	4364	4408	4361	4382	174632	138694	0
2014-12-24	4385	4425	4377	4417	139576	138794	0
2014-12-25	4416	4425	4362	4369	135866	143276	0
2014-12-26	4374	4406	4363	4378	122824	141178	0
2014-12-29	4395	4449	4384	4421	164444	137522	0
2014-12-30	4413	4457	4396	4413	163908	137390	0
2014-12-31	4416	4434	4288	4308	336554	153660	0
2015-01-05	4321	4344	4304	4328	150078	160450	0
2015-01-06	4349	4351	4301	4315	143166	164102	0
2015-01-07	4326	4339	4272	4338	211570	165756	0
2015-01-08	4333	4341	4319	4327	90802	165908	0
2015-01-09	4323	4348	4310	4321	131728	167438	0
2015-01-12	4333	4375	4327	4346	120470	170700	0
2015-01-13	4318	4326	4262	4265	163134	184244	0
2015-01-14	4259	4267	4168	4193	179012	181994	0
2015-01-15	4221	4230	4199	4215	88118	177570	0
2015-01-16	4216	4242	4191	4217	119620	178134	0
2015-01-19	4209	4270	4195	4239	157610	168316	0
2015-01-20	4237	4255	4205	4229	98502	168364	0
2015-01-21	4230	4257	4135	4166	136102	180520	0
2015-01-22	4166	4193	4142	4188	175024	185504	0
2015-01-23	4186	4200	4169	4198	108734	181334	0
2015-01-26	4192	4285	4167	4284	170382	183422	0
2015-01-27	4288	4353	4278	4298	242494	179202	0
2015-01-28	4295	4319	4279	4312	108724	180646	0
2015-01-29	4309	4311	4246	4254	135750	188410	0
2015-01-30	4251	4279	4230	4271	126282	186086	0
2015-02-02	4265	4289	4226	4229	106588	191658	0
2015-02-03	4230	4297	4224	4296	140668	182272	0
2015-02-04	4310	4322	4277	4289	113262	174764	0
2015-02-05	4288	4326	4284	4297	163816	178264	0
2015-02-06	4309	4311	4279	4292	108088	177678	0
2015-02-09	4325	4331	4263	4267	133354	175114	0
2015-02-10	4270	4280	4254	4263	103646	175898	0
2015-02-11	4246	4266	4221	4227	105924	178494	0
2015-02-12	4228	4237	4197	4199	104402	183898	0
2015-02-13	4195	4235	4191	4219	122986	169420	0
2015-02-16	4222	4241	4211	4221	77604	165752	0
2015-02-17	4222	4235	4197	4219	84460	162894	0
2015-02-25	4191	4310	4191	4307	189818	171482	0
2015-02-26	4320	4323	4286	4303	115350	178530	0
2015-02-27	4306	4379	4297	4377	223060	182896	0
2015-03-02	4378	4400	4358	4398	116722	182534	0
2015-03-03	4390	4391	4352	4378	110326	176208	0
2015-03-04	4381	4412	4344	4363	218112	173178	0
2015-03-05	4339	4359	4331	4349	85110	162282	0
2015-03-06	4362	4375	4280	4291	150544	143198	0
2015-03-09	4268	4291	4251	4271	99392	140108	0
2015-03-10	4271	4299	4263	4282	70208	139250	0
2015-03-11	4278	4317	4276	4315	87556	145858	0
2015-03-12	4325	4367	4317	4332	138976	149644	0
2015-03-13	4323	4340	4276	4303	112972	142836	0
2015-03-16	4305	4376	4305	4373	97382	143052	0
2015-03-17	4373	4373	4349	4369	63540	138864	0
2015-03-18	4356	4375	4335	4366	75306	135206	0
2015-03-19	4385	4424	4356	4360	136350	142676	0
2015-03-20	4357	4370	4334	4360	82566	136680	0
2015-03-23	4372	4399	4348	4398	95714	144962	0
2015-03-24	4420	4421	4384	4386	115668	144812	0
2015-03-25	4367	4376	4177	4179	374332	179384	0
2015-03-26	4183	4197	4142	4158	193662	176992	0
2015-03-27	4163	4188	4154	4175	105190	171674	0
2015-03-30	4184	4209	4174	4203	118294	161498	0
2015-03-31	4192	4264	4176	4263	119752	148372	0
2015-04-01	4269	4291	4256	4259	119508	141402	0
2015-04-02	4267	4268	4157	4191	284596	161856	0
2015-04-03	4189	4213	4157	4163	176114	160706	0
2015-04-07	4127	4137	4063	4075	187754	174380	0
2015-04-08	4086	4105	4072	4097	103634	166186	0
2015-04-09	4102	4122	4087	4108	98132	157060	0
2015-04-10	4115	4219	4114	4202	189036	141736	0
2015-04-13	4216	4229	4184	4226	89204	138190	0
2015-04-14	4212	4280	4205	4243	149966	130050	0
2015-04-15	4253	4273	4223	4266	110126	124692	0
2015-04-16	4275	4303	4229	4248	127016	125920	0
2015-04-17	4261	4358	4252	4333	143818	114966	0
2015-04-20	4371	4380	4323	4330	94166	111848	0
2015-04-21	4323	4369	4309	4340	75082	109746	0
2015-04-22	4342	4367	4333	4361	59938	109074	0
2015-04-23	4366	4387	4332	4373	97332	106778	0
2015-04-24	4371	4392	4359	4383	70210	103256	0
2015-04-27	4363	4394	4347	4378	83456	102842	0
2015-04-28	4377	4478	4371	4440	156072	102388	0
2015-04-29	4434	4446	4420	4433	60872	97880	0
2015-04-30	4396	4416	4355	4416	131220	95518	0
2015-05-04	4415	4444	4411	4412	78548	97158	0
2015-05-05	4415	4476	4390	4463	123940	101078	0
2015-05-06	4477	4487	4439	4444	80152	96598	0
2015-05-07	4432	4468	4414	4440	76498	96104	0
2015-05-08	4425	4437	4355	4368	134260	105404	0
2015-05-11	4342	4359	4306	4324	124494	116174	0
2015-05-12	4314	4346	4313	4331	69076	113000	0
2015-05-13	4326	4350	4314	4321	63084	114556	0
2015-05-14	4292	4393	4291	4392	146030	117428	0
2015-05-15	4397	4424	4387	4421	107570	111042	0
2015-05-18	4417	4436	4405	4408	66164	109762	0
2015-05-19	4398	4405	4331	4332	99752	106732	0
2015-05-20	4310	4342	4289	4291	82570	101856	0
2015-05-21	4310	4336	4300	4310	68902	103744	0
2015-05-22	4315	4347	4271	4333	134588	104494	0
2015-05-25	4306	4315	4216	4242	147882	117738	0
2015-05-26	4258	4277	4222	4222	108226	120078	0
2015-05-27	4205	4273	4204	4257	121862	120142	0
2015-05-28	4270	4272	4245	4264	74218	117836	0
2015-05-29	4248	4262	4242	4256	56464	114478	0
2015-06-01	4259	4316	4250	4252	114642	112660	0
2015-06-02	4255	4263	4233	4247	76964	115792	0
2015-06-03	4252	4280	4202	4204	119786	131846	0
2015-06-04	4170	4190	4143	4179	176226	133656	0
2015-06-05	4169	4187	4160	4170	73064	131068	0
2015-06-08	4156	4189	4156	4169	91004	135552	0
2015-06-09	4179	4220	4179	4208	107826	132304	0
2015-06-10	4227	4228	4180	4183	78580	132088	0
2015-06-11	4193	4207	4177	4188	66650	134622	0
2015-06-12	4183	4205	4103	4111	149196	140426	0
2015-06-15	4094	4105	4041	4055	125858	137010	0
2015-06-16	4066	4078	4056	4065	55176	134458	0
2015-06-17	4081	4087	4028	4036	107194	138006	0
2015-06-18	4036	4050	4011	4036	97314	140158	0
2015-06-19	4033	4065	4032	4043	82464	135394	0
2015-06-23	4063	4091	4049	4078	95484	132800	0
2015-06-24	4082	4083	4045	4056	79738	128632	0
2015-06-25	4100	4146	4098	4138	120924	115668	0
2015-06-26	4136	4141	4085	4097	83320	109212	0
2015-06-29	4094	4101	4061	4083	78226	108370	0
2015-06-30	4060	4063	3989	3996	106372	104916	0
2015-07-01	4058	4063	4028	4050	78700	105098	0
2015-07-02	4042	4042	4009	4032	59680	105844	0
2015-07-03	4047	4080	4034	4067	82876	106286	0
2015-07-06	4078	4087	4025	4068	90064	101510	0
2015-07-07	4073	4089	4049	4063	76240	101036	0
2015-07-08	3957	3962	3874	3874	127596	85004	0
2015-07-09	3991	4102	3942	4039	146484	75366	0
2015-07-10	4087	4176	4069	4144	159322	72578	0
2015-07-13	4189	4191	4129	4154	89240	74234	0
2015-07-14	4163	4246	4154	4214	144464	82182	0
2015-07-15	4180	4207	4174	4206	65502	83508	0
2015-07-16	4173	4218	4171	4206	85180	87864	0
2015-07-17	4188	4203	4163	4195	73006	85734	0
2015-07-20	4192	4266	4177	4260	122018	105970	0
2015-07-21	4287	4334	4277	4313	184398	112644	0
2015-07-22	4318	4323	4265	4286	131410	108980	0
2015-07-23	4302	4351	4282	4347	154710	117958	0
2015-07-24	4354	4357	4320	4341	139712	117430	0
2015-07-27	4335	4342	4245	4275	169480	105284	0
2015-07-28	4257	4396	4240	4376	275610	131842	0
2015-07-29	4381	4383	4332	4337	195326	125400	0
2015-07-30	4338	4348	4279	4306	183202	114524	0
2015-07-31	4315	4355	4314	4355	145140	122882	0
2015-08-03	4356	4378	4274	4302	198854	107468	0
2015-08-04	4316	4331	4295	4313	106024	110072	0
2015-08-05	4277	4297	4205	4216	169340	97282	0
2015-08-06	4227	4249	4179	4185	109188	95312	0
2015-08-07	4149	4171	4086	4138	154030	82768	0
2015-08-10	4147	4165	4121	4138	70484	85582	0
2015-08-11	4168	4194	4134	4135	113900	87712	0
2015-08-12	4141	4172	4129	4139	76684	89142	0
2015-08-13	4151	4163	4110	4156	107506	89140	0
2015-08-14	4166	4207	4142	4143	146224	92744	0
2015-08-17	4141	4154	4118	4133	73888	94342	0
2015-08-18	4142	4149	4110	4113	70748	97760	0
2015-08-19	4111	4153	4067	4146	123286	97804	0
2015-08-20	4139	4145	4085	4087	96884	102376	0
2015-08-21	4109	4115	4075	4078	69902	102850	0
2015-08-24	4053	4060	3966	4020	138446	95798	0
2015-08-25	4034	4071	3995	4018	105584	94326	0
2015-08-26	4024	4028	3904	3923	135958	113302	0
2015-08-27	3932	3954	3919	3934	114482	109598	0
2015-08-28	3980	4029	3908	3914	186456	119670	0
2015-08-31	3927	3933	3875	3903	135664	121884	0
2015-09-01	3919	3934	3898	3915	90092	123736	0
2015-09-02	3889	3910	3869	3899	117958	126066	0
2015-09-07	3924	3946	3897	3911	113406	135126	0
2015-09-08	3914	3950	3913	3945	119110	138704	0
2015-09-09	3954	3973	3903	3910	193898	153548	0
2015-09-10	3903	3945	3901	3917	135378	145768	0
2015-09-11	3920	3939	3899	3930	158528	149338	0
2015-09-14	3924	3944	3893	3898	182154	149852	0
2015-09-15	3897	3907	3824	3836	135260	152386	0
2015-09-16	3852	3855	3816	3839	196330	160726	0
2015-09-17	3844	3848	3817	3822	120910	174410	0
2015-09-18	3827	3841	3802	3827	138094	175704	0
2015-09-21	3831	3847	3823	3826	121450	172160	0
2015-09-22	3824	3824	3772	3786	185036	188722	0
2015-09-23	3774	3784	3761	3772	108950	187166	0
2015-09-24	3771	3783	3756	3760	93216	194182	0
2015-09-25	3770	3806	3768	3769	172946	184994	0
2015-09-28	3762	3791	3755	3780	119798	188468	0
2015-09-29	3770	3782	3716	3732	152576	181722	0
2015-09-30	3735	3741	3705	3711	104914	182986	0
2015-10-08	3722	3753	3711	3715	135862	188536	0
2015-10-09	3713	3743	3702	3722	150304	190738	0
2015-10-12	3690	3691	3647	3654	236104	224664	0
2015-10-13	3648	3650	3631	3639	129042	236308	0
2015-10-14	3647	3662	3638	3642	112942	237436	0
2015-10-15	3636	3671	3633	3661	131622	229746	0
2015-10-16	3659	3677	3652	3656	114494	224296	0
2015-10-19	3664	3666	3610	3616	120056	235038	0
2015-10-20	3626	3635	3623	3632	60020	223220	0
2015-10-21	3641	3656	3617	3632	99556	219292	0
2015-10-22	3641	3662	3637	3658	96978	214786	0
2015-10-23	3651	3665	3624	3643	115852	210902	0
2015-10-26	3654	3654	3634	3641	69100	214348	0
2015-10-27	3631	3643	3608	3639	123390	211358	0
2015-10-28	3638	3647	3616	3624	116380	215236	0
2015-10-29	3618	3619	3601	3612	85938	218414	0
2015-10-30	3615	3629	3606	3609	80414	214882	0
2015-11-02	3591	3619	3574	3617	103296	212518	0
2015-11-03	3616	3691	3615	3680	224710	207662	0
2015-11-04	3684	3708	3672	3697	138934	211422	0
2015-11-05	3696	3712	3686	3696	126244	203782	0
2015-11-06	3701	3708	3677	3701	137248	197750	0
2015-11-09	3711	3712	3676	3686	120996	196608	0
2015-11-10	3674	3680	3642	3642	98804	189296	0
2015-11-11	3634	3671	3630	3663	94544	190742	0
2015-11-12	3660	3701	3648	3699	118720	196744	0
2015-11-13	3695	3703	3675	3688	87112	191466	0
2015-11-16	3683	3683	3585	3586	154558	192608	0
2015-11-17	3589	3596	3521	3550	142384	182706	0
2015-11-18	3554	3558	3509	3518	91506	188914	0
2015-11-19	3530	3538	3487	3502	113930	185822	0
2015-11-20	3527	3574	3499	3560	155784	179650	0
2015-11-23	3576	3589	3461	3488	158428	177340	0
2015-11-24	3503	3523	3487	3515	88964	176396	0
2015-11-25	3514	3517	3439	3482	171234	173788	0
2015-11-26	3474	3558	3473	3489	159088	169748	0
2015-11-27	3476	3496	3453	3462	93606	171852	0
2015-11-30	3452	3529	3451	3522	176996	172268	0
2015-12-01	3533	3547	3473	3475	164318	163704	0
2015-12-02	3498	3519	3485	3507	109920	165530	0
2015-12-03	3491	3498	3470	3477	84702	160522	0
2015-12-04	3477	3478	3442	3454	81002	162638	0
2015-12-07	3451	3470	3440	3443	78968	167280	0
2015-12-08	3416	3418	3363	3374	114622	176040	0
2015-12-09	3380	3395	3342	3344	82074	183766	0
2015-12-10	3343	3361	3328	3333	83446	179704	0
2015-12-11	3340	3348	3321	3340	78532	172882	0
2015-12-14	3304	3312	3292	3305	106392	180268	0
2015-12-15	3319	3346	3300	3304	100160	180482	0
2015-12-16	3295	3323	3289	3314	76352	178876	0
2015-12-17	3322	3326	3292	3295	84958	181142	0
2015-12-18	3301	3327	3300	3322	99228	183142	0
2015-12-21	3352	3394	3344	3387	137054	170996	0
2015-12-22	3387	3411	3365	3382	117440	165766	0
2015-12-23	3377	3381	3350	3366	71412	163714	0
2015-12-24	3372	3389	3355	3374	74322	168408	0
2015-12-25	3383	3383	3337	3349	81030	175492	0
2015-12-28	3324	3333	3264	3269	140720	187648	0
2015-12-29	3269	3292	3262	3276	89304	184070	0
2015-12-30	3290	3322	3268	3281	142430	184834	0
2015-12-31	3277	3296	3271	3274	83914	183488	0
2016-01-04	3299	3300	3223	3256	157794	188152	0
2016-01-05	3276	3316	3260	3309	149868	179710	0
2016-01-06	3311	3326	3290	3312	138466	182432	0
2016-01-07	3315	3342	3296	3321	200670	190922	0
2016-01-08	3329	3341	3308	3313	130400	194692	0
2016-01-11	3328	3331	3275	3283	171724	199382	0
2016-01-12	3288	3298	3253	3263	120860	201718	0
2016-01-13	3276	3284	3199	3219	257448	237286	0
2016-01-14	3221	3238	3204	3231	147254	235064	0
2016-01-15	3239	3239	3207	3217	125756	245368	0
2016-01-18	3227	3320	3223	3315	240130	201362	0
2016-01-19	3329	3332	3301	3324	118150	200176	0
2016-01-20	3320	3337	3302	3318	123064	206656	0
2016-01-21	3317	3384	3306	3380	368942	225124	0
2016-01-22	3399	3447	3372	3382	334516	224402	0
2016-01-25	3372	3372	3328	3339	200498	228512	0
2016-01-26	3336	3352	3312	3324	147626	226870	0
2016-01-27	3335	3355	3313	3343	176970	230120	0
2016-01-28	3343	3357	3288	3295	211608	225792	0
2016-01-29	3275	3307	3275	3295	120122	215702	0
2016-02-01	3306	3318	3264	3291	134628	219748	0
2016-02-02	3293	3320	3289	3316	113742	214716	0
2016-02-03	3306	3316	3291	3309	95214	205432	0
2016-02-04	3313	3352	3307	3322	142484	198768	0
2016-02-05	3310	3317	3285	3303	95686	189632	0
2016-02-15	3260	3270	3186	3190	223642	227826	0
2016-02-16	3184	3199	3178	3183	152874	250824	0
2016-02-17	3186	3200	3142	3168	190796	262872	0
2016-02-18	3177	3183	3161	3168	115228	267738	0
2016-02-19	3177	3198	3169	3180	172030	254080	0
2016-02-22	3203	3222	3186	3201	173746	252968	0
2016-02-23	3197	3198	3149	3176	218376	264058	0
2016-02-24	3167	3181	3128	3158	199162	276650	0
2016-02-25	3149	3159	3132	3143	168110	285226	0
2016-02-26	3136	3158	3133	3143	128832	287580	0
2016-02-29	3099	3115	3080	3111	221402	287464	0
2016-03-01	3127	3135	3092	3111	190712	287590	0
2016-03-02	3121	3135	3109	3118	142418	288016	0
2016-03-03	3127	3172	3123	3167	207148	278228	0
2016-03-04	3187	3203	3167	3198	172066	262534	0
2016-03-07	3264	3299	3249	3261	292024	237410	0
2016-03-08	3262	3262	3197	3223	182470	229784	0
2016-03-09	3217	3291	3202	3278	286198	229670	0
2016-03-10	3274	3306	3246	3261	186328	231290	0
2016-03-11	3259	3326	3257	3314	187672	242134	0
2016-03-14	3301	3356	3293	3344	196090	242838	0
2016-03-15	3379	3381	3341	3378	220530	238648	0
2016-03-16	3392	3394	3332	3355	222424	226406	0
2016-03-17	3369	3380	3354	3377	130306	226732	0
2016-03-18	3406	3455	3393	3433	230636	224184	0
2016-03-21	3394	3420	3376	3398	164872	214166	0
2016-03-22	3424	3487	3416	3482	226630	230526	0
2016-03-23	3494	3515	3461	3479	175804	224010	0
2016-03-24	3461	3528	3448	3522	218742	223338	0
2016-03-25	3533	3540	3509	3532	155634	216676	0
2016-03-28	3538	3542	3502	3506	133460	211840	0
2016-03-29	3509	3521	3484	3496	123274	205518	0
2016-03-30	3506	3523	3492	3502	100538	201800	0
2016-03-31	3486	3498	3441	3450	170358	186150	0
2016-04-01	3447	3480	3447	3460	111856	184760	0
2016-04-05	3449	3597	3449	3590	244786	196236	0
2016-04-06	3583	3599	3563	3574	134480	192066	0
2016-04-07	3583	3625	3578	3583	148228	195064	0
2016-04-08	3592	3609	3573	3599	108156	193700	0
2016-04-11	3645	3694	3637	3682	196956	202402	0
2016-04-12	3692	3695	3662	3684	105162	199714	0
2016-04-13	3714	3810	3703	3726	234230	185234	0
2016-04-14	3724	3773	3711	3744	124690	180896	0
2016-04-15	3745	3774	3729	3742	109688	178506	0
2016-04-18	3776	3855	3772	3831	164572	183060	0
2016-04-19	3837	3850	3805	3837	89544	176050	0
2016-04-20	3892	4014	3851	3952	267358	151608	0
2016-04-21	4041	4138	4036	4138	188272	144516	0
2016-04-22	4049	4088	3947	3970	231956	126736	0
2016-04-25	3913	3988	3905	3986	131152	131702	0
2016-04-26	4001	4010	3912	3937	129490	131510	0
2016-04-27	3963	3975	3879	3902	128574	129784	0
2016-04-28	3886	3898	3842	3865	120780	131318	0
2016-04-29	3904	3922	3878	3915	122710	130576	0
2016-05-03	3950	3977	3900	3937	139546	135622	0
2016-05-04	3902	3970	3886	3961	135730	139312	0
2016-05-05	3981	3981	3933	3949	102780	137994	0
2016-05-06	3841	3866	3801	3804	176280	127244	0
2016-05-09	3828	3837	3755	3768	132974	127036	0
2016-05-10	3745	3809	3736	3789	94752	130640	0
2016-05-11	3842	3873	3815	3838	126878	135556	0
2016-05-12	3818	3828	3780	3784	128164	139558	0
2016-05-13	3709	3757	3682	3708	158472	140688	0
2016-05-16	3730	3752	3709	3715	91580	143728	0
2016-05-17	3740	3751	3720	3736	76338	146100	0
2016-05-18	3775	3832	3716	3734	186436	145076	0
2016-05-19	3735	3752	3711	3723	78064	147834	0
2016-05-20	3741	3747	3710	3724	96126	157290	0
2016-05-23	3687	3694	3654	3691	126944	157202	0
2016-05-24	3674	3742	3672	3737	131934	155528	0
2016-05-25	3749	3787	3729	3780	153890	154636	0
2016-05-26	3801	3804	3743	3784	122178	152086	0
2016-05-27	3759	3885	3756	3884	209986	161128	0
2016-05-30	3873	3901	3850	3881	134248	163896	0
2016-05-31	3864	3910	3821	3824	170626	164808	0
2016-06-01	3817	3823	3726	3734	175346	158538	0
2016-06-02	3756	3787	3740	3751	146428	156600	0
2016-06-03	3765	3790	3732	3753	142884	160746	0
2016-06-06	3730	3850	3727	3847	208154	174428	0
2016-06-07	3839	3867	3823	3858	159910	175898	0
2016-06-08	3838	3858	3826	3845	114304	176666	0
2016-06-13	3797	3968	3795	3967	279748	196840	0
2016-06-14	3937	3950	3889	3907	189652	202058	0
2016-06-15	3902	3925	3750	3753	320258	195426	0
2016-06-16	3753	3774	3726	3753	168428	187442	0
2016-06-17	3763	3808	3759	3801	181136	180830	0
2016-06-20	3791	3822	3756	3783	182652	188662	0
2016-06-21	3786	3797	3709	3723	265186	204222	0
2016-06-22	3719	3747	3712	3740	136772	199420	0
2016-06-23	3737	3758	3691	3721	278138	203290	0
2016-06-24	3739	3775	3721	3732	179546	193782	0
2016-06-27	3774	3865	3774	3862	212162	189652	0
2016-06-28	3870	3916	3836	3910	187586	185052	0
2016-06-29	3948	3998	3890	3941	224708	184318	0
2016-06-30	3942	3957	3903	3936	141672	185236	0
2016-07-01	3966	4022	3923	3982	207708	194160	0
2016-07-04	3989	4076	3987	4006	264882	193982	0
2016-07-05	3981	4056	3881	4034	268104	196844	0
2016-07-06	3961	4130	3943	4072	531618	213298	0
2016-07-07	4102	4113	3970	4006	302568	199912	0
2016-07-08	3979	4040	3910	3949	282176	188680	0
2016-07-11	4007	4086	4006	4059	259314	202308	0
2016-07-12	4045	4105	3955	3970	349904	200758	0
2016-07-13	3990	4032	3959	3966	267556	200200	0
2016-07-14	3959	3979	3918	3940	184426	200486	0
2016-07-15	3917	3974	3908	3919	195848	204984	0
2016-07-18	3912	3967	3896	3900	204310	209830	0
2016-07-19	3919	3938	3809	3815	256304	215928	0
2016-07-20	3813	3822	3774	3779	186738	216624	0
2016-07-21	3776	3814	3773	3801	169240	217768	0
2016-07-22	3793	3824	3697	3700	257950	230732	0
2016-07-25	3691	3716	3656	3666	180726	237926	0
2016-07-26	3665	3690	3661	3665	133298	243804	0
2016-07-27	3679	3695	3625	3633	227116	260890	0
2016-07-28	3639	3647	3610	3622	176142	259818	0
2016-07-29	3634	3662	3566	3571	278410	258248	0
2016-08-01	3578	3579	3536	3545	193458	272116	0
2016-08-02	3530	3573	3529	3541	185836	278054	0
2016-08-03	3548	3562	3503	3506	218752	288958	0
2016-08-04	3519	3536	3487	3501	292534	282616	0
2016-08-05	3512	3539	3489	3499	183376	281310	0
2016-08-08	3527	3530	3466	3474	199084	292114	0
2016-08-09	3489	3497	3449	3482	162758	291272	0
2016-08-10	3492	3513	3477	3489	173372	294540	0
2016-08-11	3469	3495	3453	3454	178394	298360	0
2016-08-12	3462	3467	3427	3431	164380	313414	0
2016-08-15	3447	3484	3441	3469	203316	299676	0
2016-08-16	3482	3499	3464	3480	195676	302692	0
2016-08-17	3491	3540	3491	3514	242674	292976	0
2016-08-18	3518	3532	3461	3482	214808	299638	0
2016-08-19	3487	3496	3442	3452	154742	309388	0
2016-08-22	3477	3493	3444	3451	175126	307170	0
2016-08-23	3469	3470	3367	3376	277666	348682	0
2016-08-24	3384	3387	3358	3362	164094	360210	0
2016-08-25	3351	3382	3313	3351	259894	362110	0
2016-08-26	3352	3364	3327	3328	131734	368126	0
2016-08-29	3322	3356	3309	3339	160100	369046	0
2016-08-30	3346	3357	3333	3337	107666	361792	0
2016-08-31	3344	3362	3287	3310	215248	364714	0
2016-09-01	3323	3334	3304	3330	111468	355622	0
2016-09-02	3343	3379	3323	3342	176216	349588	0
2016-09-05	3346	3352	3298	3316	155858	357724	0
2016-09-06	3321	3339	3307	3336	122644	353766	0
2016-09-07	3341	3373	3316	3358	217682	340432	0
2016-09-08	3355	3400	3349	3395	213996	323752	0
2016-09-09	3390	3395	3351	3365	172594	325240	0
2016-09-12	3340	3347	3307	3318	159518	323494	0
2016-09-13	3324	3337	3314	3323	118218	328110	0
2016-09-14	3322	3345	3315	3332	139652	312446	0
2016-09-19	3359	3384	3348	3377	165026	306260	0
2016-09-20	3372	3392	3359	3384	136962	307492	0
2016-09-21	3397	3399	3335	3348	179578	302928	0
2016-09-22	3349	3378	3337	3363	146444	299064	0
2016-09-23	3362	3367	3324	3337	133498	300692	0
2016-09-26	3326	3331	3306	3314	116066	308696	0
2016-09-27	3314	3327	3245	3246	255984	329404	0
2016-09-28	3240	3247	3217	3230	141468	324412	0
2016-09-29	3240	3258	3207	3220	147392	319810	0
2016-09-30	3221	3246	3219	3242	97770	307554	0
2016-10-10	3251	3277	3214	3258	138380	302868	0
2016-10-11	3273	3296	3267	3285	142172	295054	0
2016-10-12	3300	3352	3292	3339	221778	268034	0
2016-10-13	3344	3368	3330	3360	159574	256630	0
2016-10-14	3354	3383	3336	3374	129710	254838	0
2016-10-17	3383	3388	3342	3384	137770	254982	0
2016-10-18	3387	3512	3362	3498	339058	256946	0
2016-10-19	3508	3509	3447	3468	174052	241852	0
2016-10-20	3496	3580	3488	3545	237392	237770	0
2016-10-21	3534	3543	3476	3513	162790	221822	0
2016-10-24	3532	3575	3518	3555	130562	227802	0
2016-10-25	3561	3604	3480	3487	212702	220930	0
2016-10-26	3484	3535	3478	3534	153450	220254	0
2016-10-27	3542	3562	3496	3504	183778	214986	0
2016-10-28	3508	3610	3506	3572	221694	214716	0
2016-10-31	3550	3588	3525	3542	145164	207306	0
2016-11-01	3520	3575	3486	3510	171592	203836	0
2016-11-02	3500	3507	3425	3430	207458	200386	0
2016-11-03	3441	3456	3418	3446	103394	199118	0
2016-11-04	3463	3480	3414	3440	175000	197202	0
2016-11-07	3467	3599	3461	3582	259530	191012	0
2016-11-08	3618	3649	3579	3622	244982	194206	0
2016-11-09	3635	3650	3583	3623	161316	190930	0
2016-11-10	3615	3793	3597	3776	317216	199104	0
2016-11-11	3792	3810	3721	3750	216894	185272	0
2016-11-14	3627	3731	3598	3625	276640	165114	0
2016-11-15	3648	3712	3620	3651	197176	167110	0
2016-11-16	3669	3672	3604	3628	169246	177338	0
2016-11-17	3623	3626	3551	3562	190634	184092	0
2016-11-18	3569	3641	3567	3614	224670	181514	0
2016-11-21	3646	3705	3629	3637	216516	180214	0
2016-11-22	3667	3683	3618	3638	262746	199516	0
2016-11-23	3647	3700	3632	3653	237272	199402	0
2016-11-24	3667	3678	3588	3597	293932	212448	0
2016-11-25	3604	3614	3539	3555	200378	211866	0
2016-11-28	3566	3632	3565	3622	206340	208818	0
2016-11-29	3628	3654	3564	3588	231960	200258	0
2016-11-30	3572	3705	3568	3682	444362	211284	0
2016-12-01	3686	3704	3651	3668	177532	195618	0
2016-12-02	3656	3726	3628	3711	251326	209698	0
2016-12-05	3698	3717	3644	3645	200608	203590	0
2016-12-06	3659	3669	3603	3626	155194	206446	0
2016-12-07	3642	3661	3632	3639	152002	201034	0
2016-12-08	3633	3694	3553	3560	338370	208500	0
2016-12-09	3536	3576	3524	3553	156716	204780	0
2016-12-12	3561	3594	3559	3574	169774	207286	0
2016-12-13	3586	3615	3547	3585	171122	206438	0
2016-12-14	3570	3619	3559	3568	174856	203652	0
2016-12-15	3571	3597	3542	3561	158744	205580	0
2016-12-16	3574	3625	3564	3575	202464	199112	0
2016-12-19	3582	3623	3571	3586	165452	201274	0
2016-12-20	3575	3582	3451	3469	283906	211846	0
2016-12-21	3474	3480	3436	3447	128002	216558	0
2016-12-22	3446	3480	3439	3449	123198	211628	0
2016-12-23	3462	3488	3409	3435	239156	217454	0
2016-12-26	3431	3460	3376	3456	188762	211606	0
2016-12-27	3452	3491	3444	3478	139064	209016	0
2016-12-28	3504	3520	3437	3460	178966	215418	0
2016-12-29	3462	3494	3460	3470	134378	213418	0
2016-12-30	3472	3474	3423	3457	148158	213498	0
2017-01-03	3446	3467	3430	3454	134502	226358	0
2017-01-04	3447	3502	3393	3501	274230	226448	0
2017-01-05	3515	3530	3483	3499	150680	224604	0
2017-01-06	3498	3513	3425	3445	200504	230092	0
2017-01-09	3433	3465	3431	3458	133166	231474	0
2017-01-10	3473	3475	3440	3463	151820	238358	0
2017-01-11	3482	3592	3482	3577	372202	246538	0
2017-01-12	3574	3597	3529	3548	181780	246364	0
2017-01-13	3566	3575	3486	3500	199746	257296	0
2017-01-16	3496	3525	3478	3513	241692	272830	0
2017-01-17	3536	3562	3443	3477	311758	273562	0
2017-01-18	3487	3499	3470	3493	138892	270516	0
2017-01-19	3510	3546	3498	3530	219558	267636	0
2017-01-20	3526	3534	3482	3502	139978	262162	0
2017-01-23	3502	3532	3476	3522	167972	272060	0
2017-01-24	3533	3563	3513	3548	174280	277852	0
2017-01-25	3524	3546	3516	3530	130304	267220	0
2017-01-26	3539	3553	3521	3542	120290	257326	0
2017-02-03	3520	3523	3435	3449	232382	300100	0
2017-02-06	3446	3483	3444	3474	160028	315430	0
2017-02-07	3478	3487	3461	3469	111306	323468	0
2017-02-08	3473	3488	3455	3466	214264	331110	0
2017-02-09	3473	3475	3442	3461	194466	341782	0
2017-02-10	3459	3476	3450	3471	177558	340808	0
2017-02-13	3489	3528	3407	3517	390692	347336	0
2017-02-14	3520	3533	3492	3514	189984	346808	0
2017-02-15	3491	3509	3456	3471	239896	345706	0
2017-02-16	3483	3496	3467	3476	173262	345046	0
2017-02-17	3480	3485	3412	3443	296928	355826	0
2017-02-20	3444	3471	3429	3470	155846	368170	0
2017-02-21	3479	3497	3468	3486	178544	369770	0
2017-02-22	3476	3538	3461	3538	244430	390332	0
2017-02-23	3539	3550	3502	3526	198500	391124	0
2017-02-24	3510	3577	3497	3574	339982	408030	0
2017-02-27	3572	3587	3550	3585	216714	424174	0
2017-02-28	3581	3615	3559	3583	306708	425658	0
2017-03-01	3593	3603	3568	3580	169900	429734	0
2017-03-02	3587	3592	3562	3585	170968	435452	0
2017-03-03	3573	3586	3541	3581	206724	433600	0
2017-03-06	3580	3582	3550	3555	204758	453184	0
2017-03-07	3550	3555	3501	3505	260962	466522	0
2017-03-08	3481	3493	3434	3476	302898	442996	0
2017-03-09	3469	3505	3467	3500	166040	436330	0
2017-03-10	3509	3529	3493	3499	180230	425610	0
2017-03-13	3501	3533	3487	3527	172452	426562	0
2017-03-14	3530	3549	3514	3545	168584	430580	0
2017-03-15	3555	3562	3523	3542	185788	437550	0
2017-03-16	3547	3549	3475	3484	296404	442946	0
2017-03-17	3479	3488	3468	3474	157822	441110	0
2017-03-20	3505	3602	3504	3601	312720	408152	0
2017-03-21	3609	3679	3606	3677	301622	384990	0
2017-03-22	3672	3672	3642	3654	172762	370868	0
2017-03-23	3649	3667	3641	3660	148512	372388	0
2017-03-24	3659	3672	3635	3656	191360	369214	0
2017-03-27	3657	3687	3640	3687	187908	374272	0
2017-03-28	3701	3712	3611	3630	312098	353080	0
2017-03-29	3631	3644	3606	3643	147878	354090	0
2017-03-30	3627	3628	3531	3535	327260	340178	0
2017-03-31	3522	3543	3486	3512	290634	322134	0
2017-04-05	3491	3514	3467	3486	213530	324604	0
2017-04-06	3492	3512	3482	3512	143458	333272	0
2017-04-07	3495	3518	3485	3498	183302	323040	0
2017-04-10	3476	3480	3419	3438	267856	345496	0
2017-04-11	3408	3449	3406	3430	172524	346328	0
2017-04-12	3435	3487	3428	3466	188380	339918	0
2017-04-13	3470	3474	3438	3466	257620	345380	0
2017-04-14	3471	3478	3453	3478	133074	333998	0
2017-04-17	3498	3569	3458	3559	264828	313202	0
2017-04-18	3548	3558	3508	3527	226812	291208	0
2017-04-19	3487	3493	3439	3459	326870	304256	0
2017-04-20	3432	3519	3415	3509	315304	285558	0
2017-04-21	3494	3525	3489	3517	181228	281920	0
2017-04-24	3492	3534	3463	3494	276556	297488	0
2017-04-25	3498	3616	3479	3614	344448	288642	0
2017-04-26	3616	3693	3614	3691	297936	276904	0
2017-04-27	3674	3686	3636	3675	244378	270960	0
2017-04-28	3669	3793	3655	3790	239438	261914	0
2017-05-02	3813	3819	3783	3808	176792	266496	0
2017-05-03	3805	3813	3732	3735	261774	270316	0
2017-05-04	3720	3774	3712	3748	242606	269420	0
2017-05-05	3740	3751	3718	3729	151698	269298	0
2017-05-08	3714	3714	3568	3572	528688	328048	0
2017-05-09	3559	3564	3516	3546	466126	351360	0
2017-05-10	3570	3570	3515	3534	325928	358958	0
2017-05-11	3531	3563	3486	3541	465124	348078	0
2017-05-12	3534	3559	3509	3514	273606	351376	0
2017-05-15	3492	3492	3433	3448	430262	395136	0
2017-05-16	3417	3462	3416	3437	357782	411954	0
2017-05-17	3436	3458	3406	3408	405424	446628	0
2017-05-18	3406	3472	3392	3461	412390	451190	0
2017-05-19	3486	3490	3433	3445	370076	456932	0
2017-05-22	3456	3493	3423	3444	470868	458000	0
2017-05-23	3438	3440	3394	3424	514612	486210	0
2017-05-24	3433	3461	3420	3434	388126	490352	0
2017-05-25	3442	3445	3408	3413	355306	501436	0
2017-05-26	3406	3416	3338	3353	655332	535720	0
2017-05-31	3355	3395	3330	3342	518680	534432	0
2017-06-01	3382	3539	3381	3536	946184	511356	0
2017-06-02	3594	3611	3536	3591	838236	445274	0
2017-06-05	3561	3570	3526	3531	408894	448978	0
2017-06-06	3535	3596	3523	3544	614138	454218	0
2017-06-07	3546	3575	3527	3571	392666	465690	0
2017-06-08	3587	3630	3581	3624	590318	478056	0
2017-06-09	3635	3639	3601	3623	387566	466744	0
2017-06-12	3631	3669	3597	3666	502732	471302	0
2017-06-13	3652	3687	3643	3679	429862	478084	0
2017-06-14	3696	3704	3669	3692	443254	476174	0
2017-06-15	3703	3767	3694	3746	627658	483370	0
2017-06-16	3768	3806	3733	3751	857926	454068	0
2017-06-19	3850	3876	3831	3869	844698	481828	0
2017-06-20	3845	3882	3831	3876	579794	493618	0
2017-06-21	3889	3959	3881	3957	840442	555550	0
2017-06-22	3961	4001	3925	3945	1152386	535972	0
2017-06-23	3918	3920	3833	3856	1030218	501214	0
2017-06-26	3783	3894	3780	3888	1049388	505322	0
2017-06-27	3892	3955	3885	3955	799724	502910	0
2017-06-28	3953	3967	3900	3946	850736	523222	0
2017-06-29	3936	3960	3915	3928	542464	500856	0
2017-06-30	3907	3937	3865	3929	746022	494390	0
2017-07-03	3906	3922	3879	3904	509244	492346	0
2017-07-04	3857	3869	3708	3712	850466	464400	0
2017-07-05	3694	3719	3653	3704	706750	429816	0
2017-07-06	3744	3870	3739	3864	792562	470880	0
2017-07-07	3861	3924	3846	3873	972028	423254	0
2017-07-10	3886	3922	3815	3827	633024	417024	0
2017-07-11	3852	3886	3843	3873	426114	404668	0
2017-07-12	3859	3871	3780	3819	726860	401586	0
2017-07-13	3799	3819	3789	3800	326032	390856	0
2017-07-14	3775	3849	3772	3839	441906	395762	0
2017-07-17	3813	3900	3793	3877	485878	398626	0
2017-07-18	3893	3930	3872	3904	385258	399348	0
2017-07-19	3941	3961	3910	3937	349168	395220	0
2017-07-20	3936	3945	3892	3901	325664	392898	0
2017-07-21	3918	3924	3892	3901	253878	390044	0
2017-07-24	3864	3864	3830	3853	323748	384892	0
2017-07-25	3900	3973	3887	3951	497430	389276	0
2017-07-26	3969	3990	3907	3933	402478	379912	0
2017-07-27	3949	3965	3933	3953	227076	384928	0
2017-07-28	3951	3972	3899	3928	419224	373254	0
2017-07-31	3996	4040	3955	4022	494226	358438	0
2017-08-01	4011	4018	3968	3970	248168	352942	0
2017-08-02	3964	3992	3951	3974	210890	352040	0
2017-08-03	3974	3980	3948	3956	191722	342176	0
2017-08-04	3985	4114	3983	4089	493930	371014	0
2017-08-07	4161	4213	4121	4136	416442	362336	0
2017-08-08	4126	4194	4124	4187	266024	368910	0
2017-08-09	4197	4358	4195	4319	502400	369740	0
2017-08-10	4316	4358	4284	4347	339554	361842	0
2017-08-11	4359	4406	4286	4395	484748	373900	0
2017-08-14	4369	4420	4327	4391	444638	382106	0
2017-08-15	4382	4385	4321	4339	395656	370072	0
2017-08-16	4360	4386	4342	4361	291196	375952	0
2017-08-17	4375	4378	4289	4303	407506	379062	0
2017-08-18	4311	4364	4307	4313	352288	376448	0
2017-08-21	4372	4460	4362	4431	397022	392190	0
2017-08-22	4430	4436	4397	4403	229624	377478	0
2017-08-23	4363	4363	4216	4240	498968	353396	0
2017-08-24	4248	4262	4196	4211	267404	352046	0
2017-08-25	4212	4224	4150	4165	388686	344430	0
2017-08-28	4130	4205	4127	4178	299482	353602	0
2017-08-29	4204	4228	4180	4193	260242	347712	0
2017-08-30	4203	4210	4090	4105	388272	355822	0
2017-08-31	4100	4121	4066	4081	302160	348036	0
2017-09-01	4115	4137	4072	4082	269388	352946	0
2017-09-04	4127	4169	4100	4115	332630	348394	0
2017-09-05	4138	4144	4074	4103	312744	346076	0
2017-09-06	4118	4153	4111	4131	264046	337762	0
2017-09-07	4112	4134	4040	4049	419300	349184	0
2017-09-08	4044	4059	3993	4017	252566	329176	0
2017-09-11	4022	4070	4014	4051	260360	326488	0
2017-09-12	4063	4085	4028	4053	223308	323648	0
2017-09-13	4050	4065	3971	4010	287686	326322	0
2017-09-14	4013	4055	4008	4048	239164	314254	0
2017-09-15	4045	4073	4021	4041	260812	316980	0
2017-09-18	3999	4002	3942	3951	314842	323412	0
2017-09-19	3922	3947	3912	3915	173732	316240	0
2017-09-20	3933	3950	3932	3945	141664	310330	0
2017-09-21	3949	4067	3899	4020	454206	308076	0
2017-09-22	4011	4068	4009	4019	286968	303574	0
2017-09-25	3968	3995	3912	3936	288942	297568	0
2017-09-26	3952	3993	3940	3966	193078	291882	0
2017-09-27	3951	3990	3926	3968	228132	295964	0
2017-09-28	3957	4063	3937	4020	317538	282372	0
2017-09-29	4024	4062	4012	4043	200860	263720	0
2017-10-09	4087	4091	4003	4065	219248	268482	0
2017-10-10	4052	4115	4047	4083	243780	289952	0
2017-10-11	4087	4167	4087	4154	295090	323110	0
2017-10-12	4147	4158	4125	4127	159088	311200	0
2017-10-13	4126	4139	4090	4114	250312	316170	0
2017-10-16	4115	4184	4114	4141	264906	325574	0
2017-10-17	4128	4168	4108	4147	166972	323674	0
2017-10-18	4153	4168	4126	4148	151864	324442	0
2017-10-19	4149	4217	4149	4196	260408	336274	0
2017-10-20	4228	4265	4219	4224	238648	335868	0
2017-10-23	4205	4209	4177	4194	146550	327552	0
2017-10-24	4188	4232	4188	4206	152968	337886	0
2017-10-25	4214	4222	4190	4203	126136	335212	0
2017-10-26	4213	4240	4193	4203	165700	339052	0
2017-10-27	4210	4214	4125	4153	250462	325768	0
2017-10-30	4164	4174	4093	4097	166782	320302	0
2017-10-31	4098	4112	4082	4100	118132	312112	0
2017-11-01	4127	4165	4108	4124	194714	308448	0
2017-11-02	4129	4142	4106	4141	121824	307230	0
2017-11-03	4141	4142	4117	4121	96220	306254	0
2017-11-06	4160	4185	4148	4163	151448	314806	0
2017-11-07	4196	4212	4166	4208	161806	330530	0
2017-11-08	4220	4251	4192	4204	227500	338400	0
2017-11-09	4205	4217	4185	4212	149982	342726	0
2017-11-10	4207	4246	4190	4195	177814	347836	0
2017-11-13	4187	4204	4158	4202	180296	346518	0
2017-11-14	4193	4211	4177	4189	102796	341178	0
2017-11-15	4168	4233	4164	4196	215630	347958	0
2017-11-16	4201	4207	4166	4191	163736	340780	0
2017-11-17	4183	4220	4157	4194	186502	342372	0
2017-11-20	4192	4197	4131	4140	196944	333298	0
2017-11-21	4166	4169	4144	4164	133018	330756	0
2017-11-22	4185	4250	4182	4246	277264	354118	0
2017-11-23	4260	4270	4228	4228	133188	348164	0
2017-11-24	4236	4250	4222	4237	119694	353332	0
2017-11-27	4232	4268	4223	4235	172078	355846	0
2017-11-28	4242	4247	4221	4241	118808	358192	0
2017-11-29	4255	4293	4237	4291	219282	374402	0
2017-11-30	4300	4304	4207	4214	224832	347292	0
2017-12-01	4230	4231	4179	4184	160016	341272	0
2017-12-04	4169	4212	4167	4181	148622	342660	0
2017-12-05	4183	4210	4087	4142	230858	333206	0
2017-12-06	4137	4143	4101	4110	143214	328312	0
2017-12-07	4125	4138	4076	4086	177828	325886	0
2017-12-08	4104	4109	4058	4071	129498	315970	0
2017-12-11	4055	4063	3988	4000	170160	315856	0
2017-12-12	3997	4017	3986	3994	91906	309684	0
2017-12-13	3985	4007	3933	3994	222848	306370	0
2017-12-14	3992	4015	3982	4006	111550	302344	0
2017-12-15	4011	4032	3964	4009	179040	312136	0
2017-12-18	4042	4051	4007	4020	136992	310618	0
2017-12-19	3990	3992	3948	3954	171180	326270	0
2017-12-20	3923	3960	3920	3928	110028	322980	0
2017-12-21	3943	3966	3895	3925	163606	325256	0
2017-12-22	3933	3943	3923	3939	75824	316962	0
2017-12-25	3945	3962	3912	3953	136790	316354	0
2017-12-26	3942	3944	3912	3918	99706	316002	0
2017-12-27	3920	3940	3910	3936	98000	311186	0
2017-12-28	3932	3958	3918	3937	154054	309156	0
2017-12-29	3934	3953	3901	3908	137370	286178	0
2018-01-02	3934	3940	3918	3936	118096	291434	0
2018-01-03	3934	3940	3893	3895	134392	304006	0
2018-01-04	3884	3897	3861	3888	129658	299752	0
2018-01-05	3882	3894	3872	3873	81152	304200	0
2018-01-08	3879	3885	3796	3798	226932	330188	0
2018-01-09	3804	3811	3798	3800	86458	327750	0
2018-01-10	3799	3816	3784	3800	102980	332780	0
2018-01-11	3803	3805	3788	3801	70884	328778	0
2018-01-12	3787	3810	3764	3800	176880	327970	0
2018-01-15	3791	3805	3778	3781	111062	330126	0
2018-01-16	3776	3794	3749	3750	125444	333220	0
2018-01-17	3757	3763	3738	3744	105656	335486	0
2018-01-18	3738	3772	3737	3763	100484	332948	0
2018-01-19	3765	3785	3751	3771	113714	337562	0
2018-01-22	3777	3797	3743	3766	147858	340684	0
2018-01-23	3773	3778	3753	3757	88528	338252	0
2018-01-24	3760	3801	3757	3783	152868	344504	0
2018-01-25	3776	3793	3747	3755	139500	347252	0
2018-01-26	3751	3765	3737	3750	108428	349186	0
2018-01-29	3754	3756	3698	3711	185254	361322	0
2018-01-30	3714	3727	3705	3719	87972	350424	0
2018-01-31	3721	3721	3687	3719	141158	350806	0
2018-02-01	3721	3730	3708	3718	89354	347596	0
2018-02-02	3718	3728	3693	3721	111756	351676	0
2018-02-05	3764	3799	3759	3768	235558	345078	0
2018-02-06	3765	3785	3756	3778	106332	341284	0
2018-02-07	3776	3788	3750	3762	141672	339566	0
2018-02-08	3759	3782	3753	3773	102070	336530	0
2018-02-09	3779	3812	3768	3791	146464	322438	0
2018-02-12	3785	3844	3778	3840	137864	321534	0
2018-02-13	3853	3868	3834	3858	137148	305882	0
2018-02-14	3852	3856	3810	3817	90414	291776	0
2018-02-22	3808	3820	3781	3811	118142	298948	0
2018-02-23	3819	3890	3810	3888	206264	322264	0
2018-02-26	3907	3917	3884	3903	131530	316020	0
2018-02-27	3896	3897	3866	3883	100660	320928	0
2018-02-28	3876	3892	3868	3882	88218	316020	0
2018-03-01	3884	3903	3866	3868	143676	318844	0
2018-03-02	3865	3897	3863	3885	163224	319710	0
2018-03-05	3833	3841	3804	3804	201168	307452	0
2018-03-06	3783	3830	3780	3819	175446	297244	0
2018-03-07	3827	3833	3792	3796	112384	297430	0
2018-03-08	3806	3821	3797	3801	91708	293066	0
2018-03-09	3808	3819	3771	3804	158562	293272	0
2018-03-12	3781	3787	3721	3730	201494	304910	0
2018-03-13	3739	3750	3731	3741	82356	303730	0
2018-03-14	3741	3767	3738	3765	96790	302590	0
2018-03-15	3770	3770	3745	3761	109176	303296	0
2018-03-16	3754	3760	3735	3743	98760	302594	0
2018-03-19	3702	3704	3581	3587	410516	324980	0
2018-03-20	3574	3591	3538	3556	301102	304594	0
2018-03-21	3553	3564	3539	3551	130520	305882	0
2018-03-22	3557	3591	3557	3574	135140	303420	0
2018-03-23	3548	3638	3533	3602	233802	273424	0
2018-03-26	3626	3634	3566	3579	172426	288668	0
2018-03-27	3572	3605	3553	3593	127766	285792	0
2018-03-28	3581	3592	3547	3566	171712	276672	0
2018-03-29	3545	3549	3438	3453	447992	311246	0
2018-03-30	3453	3582	3448	3576	387952	252546	0
2018-04-02	3585	3632	3563	3615	250790	247284	0
2018-04-03	3607	3620	3592	3614	117046	245136	0
2018-04-04	3607	3638	3604	3638	120184	239434	0
2018-04-09	3720	3775	3705	3770	225286	234694	0
2018-04-10	3739	3758	3727	3755	140002	229152	0
2018-04-11	3758	3799	3757	3795	131874	230096	0
2018-04-12	3807	3819	3788	3816	124870	230884	0
2018-04-13	3821	3872	3815	3855	206610	226774	0
2018-04-16	3861	3894	3857	3886	154784	223480	0
2018-04-17	3895	3949	3851	3947	231490	222566	0
2018-04-18	3945	3992	3897	3904	261400	220520	0
2018-04-19	3894	3906	3873	3876	159004	219610	0
2018-04-20	3871	3893	3862	3866	138628	228936	0
2018-04-23	3884	3929	3848	3903	201792	228078	0
2018-04-24	3890	3892	3823	3827	207288	235042	0
2018-04-25	3835	3855	3824	3835	147780	241118	0
2018-04-26	3826	3872	3820	3853	136012	233308	0
2018-04-27	3860	3906	3855	3879	181042	222224	0
2018-05-02	3907	4013	3905	4011	219900	236822	0
2018-05-03	4016	4018	3972	3981	149942	235476	0
2018-05-04	3971	3984	3955	3964	104604	231256	0
2018-05-07	3948	4006	3937	3994	152446	237844	0
2018-05-08	3985	3988	3958	3979	96332	229276	0
2018-05-09	3987	4028	3954	3968	191854	235158	0
2018-05-10	3974	4008	3961	4008	119232	238688	0
2018-05-11	4001	4005	3978	3992	94144	230662	0
2018-05-14	3990	4012	3982	3985	104282	226182	0
2018-05-15	3980	4000	3912	3916	208426	230970	0
2018-05-16	3903	3926	3878	3908	157442	218990	0
2018-05-17	3871	3901	3863	3890	105572	214366	0
2018-05-18	3895	4010	3894	3993	247724	215772	0
2018-05-21	3989	4018	3963	4017	142930	212992	0
2018-05-22	4054	4131	4000	4001	363476	221082	0
2018-05-23	4008	4016	3949	3978	173756	206316	0
2018-05-24	3988	4006	3971	3989	107842	201564	0
2018-05-25	3982	4002	3937	3947	151290	199620	0
2018-05-28	3983	4057	3964	4035	236684	219990	0
2018-05-29	4030	4059	4012	4024	162522	218894	0
2018-05-30	4022	4060	3988	3996	174360	220728	0
2018-05-31	4000	4008	3961	3989	153156	218468	0
2018-06-01	3987	4026	3976	3977	159440	223866	0
2018-06-04	3977	3996	3960	3967	132948	221330	0
2018-06-05	3973	3992	3931	3976	160972	214470	0
2018-06-06	3984	3997	3965	3978	131520	217554	0
2018-06-07	3973	4018	3950	4010	186640	228452	0
2018-06-08	3999	4021	3939	3939	217090	221096	0
2018-06-11	3924	3954	3922	3943	111778	218626	0
2018-06-12	3952	3968	3944	3956	88842	217548	0
2018-06-13	3953	4032	3920	4016	284350	215482	0
2018-06-14	4020	4035	3999	4009	133260	210412	0
2018-06-15	4017	4041	4004	4017	142708	204244	0
2018-06-19	4059	4119	4024	4070	255048	193178	0
2018-06-20	4080	4135	4059	4128	216574	219548	0
2018-06-21	4130	4131	4076	4088	150640	205056	0
2018-06-22	4088	4098	4065	4076	114298	196784	0
2018-06-25	4083	4117	4079	4107	122482	212434	0
2018-06-26	4083	4092	4070	4087	118216	203276	0
2018-06-27	4089	4106	4057	4076	149308	205242	0
2018-06-28	4075	4098	4070	4071	116472	197854	0
2018-06-29	4061	4142	4048	4141	180818	205956	0
2018-07-02	4123	4172	4039	4056	276150	198400	0
2018-07-03	4057	4065	4032	4043	109038	194662	0
2018-07-04	4046	4054	3990	3995	143188	199678	0
2018-07-05	3990	4016	3987	3996	92892	195796	0
2018-07-06	4004	4018	3984	4001	116428	200402	0
2018-07-09	4008	4048	4006	4033	134250	204112	0
2018-07-10	4042	4044	4022	4037	75968	204986	0
2018-07-11	4049	4068	3963	3965	185016	212980	0
2018-07-12	3967	3967	3937	3948	115096	212312	0
2018-07-13	3952	3972	3940	3950	88282	214048	0
2018-07-16	3975	3991	3950	3978	125864	217318	0
2018-07-17	3983	3992	3930	3943	121174	220316	0
2018-07-18	3949	3972	3943	3948	95102	216894	0
2018-07-19	3953	3985	3917	3971	221924	222576	0
2018-07-20	3975	3990	3950	3959	111688	218498	0
2018-07-23	3951	3959	3919	3926	155328	228774	0
2018-07-24	3925	3935	3902	3905	130928	231054	0
2018-07-25	3921	3938	3918	3931	108182	229950	0
2018-07-26	3945	3981	3938	3974	182196	221222	0
2018-07-27	3976	3979	3902	3910	168342	222972	0
2018-07-30	3905	3928	3897	3899	124848	227002	0
2018-07-31	3897	3914	3874	3876	123560	221412	0
2018-08-01	3882	3882	3831	3846	161574	228022	0
2018-08-02	3851	3868	3841	3856	115274	223386	0
2018-08-03	3867	3956	3863	3903	241296	210126	0
2018-08-06	3934	3949	3912	3924	150482	207196	0
2018-08-07	3920	3921	3881	3885	138164	210946	0
2018-08-08	3888	3952	3885	3937	204424	209298	0
2018-08-09	3953	3972	3903	3940	241150	214396	0
2018-08-10	3957	3986	3926	3928	251098	214738	0
2018-08-13	3998	4023	3951	3996	308742	221488	0
2018-08-14	4015	4027	3943	3947	229918	225230	0
2018-08-15	3970	3988	3957	3982	177096	232482	0
2018-08-16	3950	3970	3855	3858	276630	235540	0
2018-08-17	3858	3881	3833	3852	170644	237586	0
2018-08-20	3881	3900	3840	3880	222308	239844	0
2018-08-21	3890	3893	3852	3868	140938	226878	0
2018-08-22	3871	3871	3837	3855	160296	230924	0
2018-08-23	3860	3895	3848	3851	178188	234022	0
2018-08-24	3854	3854	3793	3805	199462	236250	0
2018-08-27	3801	3816	3789	3792	145308	233636	0
2018-08-28	3801	3865	3788	3845	244022	241950	0
2018-08-29	3842	3854	3814	3828	164732	239584	0
2018-08-30	3823	3844	3786	3796	176408	230660	0
2018-08-31	3799	3814	3782	3783	108952	219932	0
2018-09-03	3774	3789	3749	3750	157080	217066	0
2018-09-04	3750	3766	3749	3755	90906	215628	0
2018-09-05	3757	3771	3752	3756	88348	218202	0
2018-09-06	3772	3789	3770	3775	125964	210284	0
2018-09-07	3781	3795	3762	3767	108498	206850	0
2018-09-10	3786	3813	3779	3795	163978	211120	0
2018-09-11	3788	3794	3745	3756	138726	213924	0
2018-09-12	3760	3777	3748	3775	95272	209114	0
2018-09-13	3768	3805	3766	3786	133148	209698	0
2018-09-14	3795	3845	3791	3844	213318	222186	0
2018-09-17	3870	3911	3861	3884	252926	217012	0
2018-09-18	3887	3889	3864	3871	102356	219042	0
2018-09-19	3889	3906	3860	3899	145596	216894	0
2018-09-20	3924	3924	3840	3848	163178	210318	0
2018-09-21	3837	3850	3828	3842	122072	209068	0
2018-09-25	3819	3854	3814	3849	121150	217626	0
2018-09-26	3848	3882	3848	3868	144848	217894	0
2018-09-27	3862	3869	3836	3867	103008	206166	0
2018-09-28	3861	3878	3855	3875	108446	198562	0
2018-10-08	3908	3955	3901	3946	171044	208150	0
2018-10-09	3970	4003	3965	3999	137728	215468	0
2018-10-10	4001	4053	3970	4045	162778	217414	0
2018-10-11	3998	4094	3997	4058	284512	227838	0
2018-10-12	4055	4079	4043	4072	135488	228060	0
2018-10-15	4108	4159	4106	4152	256198	237522	0
2018-10-16	4135	4141	4096	4110	175674	220848	0
2018-10-17	4127	4210	4123	4200	290352	260756	0
2018-10-18	4185	4192	4163	4179	201344	245956	0
2018-10-19	4180	4180	4124	4170	220976	232124	0
2018-10-22	4160	4164	4131	4147	158698	233068	0
2018-10-23	4142	4176	4136	4155	138650	241074	0
2018-10-24	4128	4140	4090	4099	217442	221466	0
2018-10-25	4108	4139	4107	4123	143958	227130	0
2018-10-26	4129	4254	4125	4250	308282	254962	0
2018-10-29	4246	4267	4218	4225	203860	243274	0
2018-10-30	4233	4278	4212	4242	237014	247608	0
2018-10-31	4234	4244	4183	4203	228794	232006	0
2018-11-01	4206	4234	4182	4198	203244	228896	0
2018-11-02	4168	4207	4146	4206	245556	224544	0
2018-11-05	4201	4201	4125	4130	231134	213396	0
2018-11-06	4149	4163	4130	4144	183866	210134	0
2018-11-07	4108	4164	4095	4164	224648	210998	0
2018-11-08	4159	4191	4140	4185	217660	224152	0
2018-11-09	4183	4226	4174	4208	202990	231548	0
2018-11-12	4188	4197	4122	4124	213104	220058	0
2018-11-13	4120	4141	4104	4125	160808	231584	0
2018-11-14	4112	4208	4109	4188	300154	242764	0
2018-11-15	4176	4186	4142	4159	182942	231880	0
2018-11-16	4169	4191	4134	4154	190090	229710	0
2018-11-19	4138	4165	4113	4128	186530	232936	0
2018-11-20	4125	4199	4113	4191	268398	265976	0
2018-11-21	4161	4222	4056	4060	558450	245058	0
2018-11-22	4053	4072	4042	4053	183094	246428	0
2018-11-23	4052	4067	4019	4041	208052	240940	0
2018-11-26	4037	4045	3947	3975	328302	239692	0
2018-11-27	3981	3985	3957	3966	137144	235334	0
2018-11-28	3938	3952	3887	3944	262280	215248	0
2018-11-29	3939	3948	3899	3904	147340	210464	0
2018-11-30	3901	3946	3893	3942	150834	199184	0
2018-12-03	3949	3965	3902	3903	165784	195804	0
2018-12-04	3891	3893	3854	3867	136972	199270	0
2018-12-05	3868	3893	3842	3865	157732	202082	0
2018-12-06	3870	3874	3827	3830	140748	206012	0
2018-12-07	3825	3850	3821	3829	120276	194486	0
2018-12-10	3775	3786	3747	3752	129164	197304	0
2018-12-11	3739	3759	3726	3751	137402	192894	0
2018-12-12	3763	3771	3747	3754	117784	186864	0
2018-12-13	3751	3753	3723	3730	96464	183294	0
2018-12-14	3735	3735	3673	3674	122476	187056	0
2018-12-17	3674	3688	3664	3679	87748	188470	0
2018-12-18	3673	3691	3665	3667	123898	194096	0
2018-12-19	3661	3675	3658	3659	83910	191898	0
2018-12-20	3666	3670	3636	3656	115452	195746	0
2018-12-21	3663	3673	3646	3651	101328	188566	0
2018-12-24	3643	3664	3613	3658	139944	186900	0
2018-12-25	3651	3672	3638	3648	155554	181588	0
2018-12-26	3651	3655	3602	3603	116650	183984	0
2018-12-27	3617	3620	3584	3599	97156	177834	0
2018-12-28	3600	3606	3565	3569	80014	167698	0
2019-01-02	3562	3565	3490	3496	165784	191948	0
2019-01-03	3499	3514	3485	3488	77652	193962	0
2019-01-04	3493	3526	3493	3524	104420	184718	0
2019-01-07	3536	3592	3524	3592	129666	181140	0
2019-01-08	3590	3616	3582	3596	160578	180772	0
2019-01-09	3598	3610	3582	3599	84026	178664	0
2019-01-10	3603	3615	3591	3608	111030	187490	0
2019-01-11	3605	3605	3576	3591	107004	185714	0
2019-01-14	3600	3600	3529	3532	139332	192556	0
2019-01-15	3527	3547	3518	3532	86214	194708	0
2019-01-16	3533	3540	3506	3522	102162	203250	0
2019-01-17	3526	3541	3518	3528	84048	205408	0
2019-01-18	3532	3539	3500	3504	128216	215408	0
2019-01-21	3511	3558	3505	3540	169226	217276	0
2019-01-22	3536	3544	3450	3451	266878	239164	0
2019-01-23	3456	3462	3438	3449	125564	240128	0
2019-01-24	3449	3466	3428	3461	146422	240568	0
2019-01-25	3451	3462	3435	3438	112604	247444	0
2019-01-28	3443	3456	3429	3441	106188	248774	0
2019-01-29	3439	3465	3402	3456	202856	241110	0
2019-01-30	3459	3470	3448	3453	104596	234974	0
2019-01-31	3449	3451	3423	3427	103902	235718	0
2019-02-01	3432	3443	3417	3440	97842	225366	0
2019-02-11	3406	3486	3380	3477	187744	228100	0
2019-02-12	3458	3475	3452	3460	106228	240782	0
2019-02-13	3456	3473	3455	3466	104434	244838	0
2019-02-14	3473	3494	3457	3485	141230	245966	0
2019-02-15	3496	3545	3484	3539	202900	243180	0
2019-02-18	3538	3549	3520	3534	130652	245252	0
2019-02-19	3543	3546	3507	3519	124018	246960	0
2019-02-20	3512	3525	3500	3504	96666	246974	0
2019-02-21	3512	3555	3507	3548	165118	254960	0
2019-02-22	3557	3567	3546	3552	113370	254192	0
2019-02-25	3544	3567	3536	3548	118904	250218	0
2019-02-26	3553	3558	3499	3509	184180	257360	0
2019-02-27	3518	3532	3513	3520	86078	253188	0
2019-02-28	3528	3561	3521	3561	141800	245768	0
2019-03-01	3566	3568	3542	3549	96740	248072	0
2019-03-04	3547	3607	3538	3580	205018	256188	0
2019-03-05	3584	3598	3576	3597	119800	263208	0
2019-03-06	3603	3667	3602	3647	248242	266270	0
2019-03-07	3651	3675	3642	3646	142766	258132	0
2019-03-08	3627	3643	3613	3641	104446	248120	0
2019-03-11	3692	3706	3668	3687	183190	245434	0
2019-03-12	3694	3696	3670	3689	116834	252238	0
2019-03-13	3695	3703	3659	3663	174268	257196	0
2019-03-14	3671	3672	3649	3669	106638	252274	0
2019-03-15	3667	3694	3660	3692	103270	249110	0
2019-03-18	3726	3739	3689	3732	212822	248994	0
2019-03-19	3723	3726	3694	3697	129802	250458	0
2019-03-20	3689	3702	3688	3702	95176	250402	0
2019-03-21	3706	3716	3701	3712	104066	250738	0
2019-03-22	3715	3725	3698	3710	145292	240292	0
2019-03-25	3714	3727	3712	3722	97826	241348	0
2019-03-26	3722	3725	3665	3675	207240	239356	0
2019-03-27	3683	3702	3682	3701	88620	230214	0
2019-03-28	3706	3710	3686	3709	95482	230094	0
2019-03-29	3704	3707	3679	3693	137780	229428	0
2019-04-01	3701	3770	3700	3769	157362	224430	0
2019-04-02	3772	3785	3766	3783	90684	223480	0
2019-04-03	3786	3810	3784	3810	92058	229112	0
2019-04-04	3827	3882	3825	3882	134772	241482	0
2019-04-08	3911	3950	3906	3930	174906	248548	0
2019-04-09	3934	4012	3930	3960	194260	252342	0
2019-04-10	3967	3988	3954	3986	105702	252106	0
2019-04-11	4002	4027	3964	3994	186266	251582	0
2019-04-12	3994	4042	3986	4042	121904	255744	0
2019-04-15	4075	4089	4060	4078	174250	244098	0
2019-04-16	4073	4091	4058	4067	131794	243504	0
2019-04-17	4066	4086	4061	4068	96978	245766	0
2019-04-18	4063	4116	4058	4109	181758	266784	0
2019-04-19	4114	4168	4110	4159	273390	284160	0
2019-04-22	4184	4187	4116	4122	205440	262288	0
2019-04-23	4130	4162	4125	4159	123774	271620	0
2019-04-24	4155	4168	4138	4146	131440	269836	0
2019-04-25	4160	4161	4133	4143	106838	264472	0
2019-04-26	4123	4124	4074	4101	188728	244560	0
2019-04-29	4097	4103	4082	4083	104856	238938	0
2019-04-30	4089	4174	4087	4173	193292	252140	0
2019-05-06	4186	4222	4162	4203	203500	257750	0
2019-05-07	4199	4246	4193	4244	168176	269980	0
2019-05-08	4244	4254	4221	4233	158066	272812	0
2019-05-09	4264	4282	4233	4241	220484	277700	0
2019-05-10	4226	4230	4194	4213	189746	288080	0
2019-05-13	4222	4247	4215	4231	153482	299792	0
2019-05-14	4221	4257	4207	4241	202008	299524	0
2019-05-15	4255	4274	4229	4265	192134	311644	0
2019-05-16	4266	4354	4260	4306	346316	331134	0
2019-05-17	4307	4333	4235	4248	233170	322388	0
2019-05-20	4242	4256	4188	4201	234126	316594	0
2019-05-21	4215	4246	4205	4240	194462	326784	0
2019-05-22	4221	4233	4165	4207	261488	313410	0
2019-05-23	4200	4223	4185	4191	144562	313958	0
2019-05-24	4194	4282	4176	4269	312754	334408	0
2019-05-27	4250	4284	4241	4253	182842	335802	0
2019-05-28	4245	4285	4232	4281	217492	338286	0
2019-05-29	4300	4464	4299	4345	682790	330484	0
2019-05-30	4337	4359	4301	4327	246284	310144	0
2019-05-31	4357	4413	4343	4395	337294	330388	0
2019-06-03	4412	4431	4381	4404	284204	346132	0
2019-06-04	4407	4434	4352	4360	329796	327252	0
2019-06-05	4357	4366	4335	4346	187084	320488	0
2019-06-06	4335	4343	4284	4328	286848	315370	0
2019-06-10	4373	4377	4308	4312	215408	315140	0
2019-06-11	4315	4369	4311	4366	207924	310186	0
2019-06-12	4348	4392	4343	4364	222098	317112	0
2019-06-13	4381	4428	4371	4424	225504	328376	0
2019-06-14	4430	4447	4406	4418	192798	322654	0
2019-06-17	4387	4412	4376	4412	149200	319158	0
2019-06-18	4407	4412	4361	4377	179300	309150	0
2019-06-19	4392	4414	4379	4412	159966	314322	0
2019-06-20	4413	4449	4398	4447	166370	332434	0
2019-06-21	4438	4442	4334	4340	268314	301994	0
2019-06-24	4349	4360	4262	4267	322516	304452	0
2019-06-25	4276	4278	4245	4253	199540	309680	0
2019-06-26	4275	4293	4267	4288	145748	308456	0
2019-06-27	4295	4314	4213	4224	311298	301128	0
2019-06-28	4237	4290	4234	4285	210744	285952	0
2019-07-01	4295	4359	4275	4344	254562	280320	0
2019-07-02	4346	4385	4339	4378	182014	287568	0
2019-07-03	4374	4376	4351	4363	155816	294008	0
2019-07-04	4358	4383	4346	4368	183276	303318	0
2019-07-05	4388	4435	4367	4435	268106	327146	0
2019-07-08	4451	4484	4428	4451	345660	347522	0
2019-07-09	4465	4566	4462	4550	430718	367686	0
2019-07-10	4545	4545	4503	4519	277728	347726	0
2019-07-11	4535	4559	4478	4513	308762	352144	0
2019-07-12	4503	4541	4433	4446	367224	332976	0
2019-07-15	4461	4520	4457	4514	283626	341650	0
2019-07-16	4511	4556	4496	4537	305150	347608	0
2019-07-17	4539	4545	4499	4513	220196	349432	0
2019-07-18	4515	4648	4505	4641	477542	396960	0
2019-07-19	4647	4741	4594	4621	761876	364114	0
2019-07-22	4584	4614	4559	4578	334904	364864	0
2019-07-23	4573	4613	4556	4577	257940	368094	0
2019-07-24	4600	4602	4521	4575	322936	366486	0
2019-07-25	4575	4596	4552	4564	215862	371572	0
2019-07-26	4515	4515	4421	4429	517080	356330	0
2019-07-29	4317	4352	4290	4316	431858	328836	0
2019-07-30	4330	4352	4287	4305	337306	327890	0
2019-07-31	4334	4353	4313	4329	197818	318870	0
2019-08-01	4329	4351	4262	4262	319780	317096	0
2019-08-02	4273	4302	4237	4280	216058	318240	0
2019-08-05	4275	4288	4162	4166	363222	314900	0
2019-08-06	4206	4279	4189	4278	292034	301710	0
2019-08-07	4307	4310	4232	4244	274128	306324	0
2019-08-08	4252	4276	4129	4142	386238	318044	0
2019-08-09	4141	4168	4103	4133	310246	297268	0
2019-08-12	4139	4151	4084	4098	304220	315410	0
2019-08-13	4099	4118	4063	4086	270042	308566	0
2019-08-14	4089	4112	4074	4086	238868	303048	0
2019-08-15	4095	4150	4078	4133	349972	313640	0
2019-08-16	4154	4162	4126	4145	221576	306652	0
2019-08-19	4163	4166	4088	4090	308542	329238	0
2019-08-20	4085	4098	4069	4074	203990	343558	0
2019-08-21	4085	4152	4073	4143	349632	314962	0
2019-08-22	4142	4160	4125	4143	191358	312752	0
2019-08-23	4162	4277	4155	4274	550426	331340	0
2019-08-26	4314	4361	4305	4325	374736	324640	0
2019-08-27	4320	4328	4253	4262	307562	321512	0
2019-08-28	4263	4352	4256	4262	544076	344400	0
2019-08-29	4266	4286	4249	4258	249434	343252	0
2019-08-30	4263	4302	4262	4292	309384	330198	0
2019-09-02	4324	4337	4264	4301	310688	339692	0
2019-09-03	4302	4389	4283	4361	574108	370642	0
2019-09-04	4368	4394	4320	4343	356384	365804	0
2019-09-05	4366	4380	4334	4351	319944	366206	0
2019-09-06	4350	4400	4272	4272	529660	352818	0
2019-09-09	4280	4296	4244	4271	315198	352526	0
2019-09-10	4263	4274	4232	4250	300418	356194	0
2019-09-11	4254	4279	4243	4260	236628	357300	0
2019-09-12	4264	4329	4248	4318	363646	363904	0
2019-09-16	4379	4502	4358	4487	651404	415752	0
2019-09-17	4516	4528	4456	4479	411378	412808	0
2019-09-18	4473	4479	4437	4447	351562	409290	0
2019-09-19	4439	4481	4432	4474	330870	426120	0
2019-09-20	4495	4499	4455	4476	434048	435124	0
2019-09-23	4424	4424	4372	4384	401508	393398	0
2019-09-24	4385	4404	4370	4384	224290	396566	0
2019-09-25	4362	4378	4302	4305	380936	366890	0
2019-09-26	4306	4332	4287	4319	273734	357002	0
2019-09-27	4316	4360	4316	4335	293898	351276	0
2019-09-30	4238	4268	4205	4250	372274	319358	0
2019-10-08	4310	4344	4268	4330	317328	336992	0
2019-10-09	4323	4325	4288	4300	207908	349140	0
2019-10-10	4299	4377	4299	4372	285854	379330	0
2019-10-11	4373	4401	4330	4341	410680	372464	0
2019-10-14	4365	4365	4316	4332	265734	373464	0
2019-10-15	4345	4361	4297	4351	364882	394564	0
2019-10-16	4369	4376	4326	4344	285062	385398	0
2019-10-17	4322	4365	4314	4355	309610	396004	0
2019-10-18	4357	4384	4346	4356	263846	395334	0
2019-10-21	4464	4562	4456	4552	621266	457178	0
2019-10-22	4574	4575	4515	4527	515232	425810	0
2019-10-23	4529	4612	4486	4497	791366	408994	0
2019-10-24	4500	4541	4492	4509	379582	412832	0
2019-10-25	4508	4630	4503	4601	650930	457700	0
2019-10-28	4685	4757	4685	4718	976916	510552	0
2019-10-29	4714	4738	4681	4730	640606	500896	0
2019-10-30	4731	4760	4689	4713	557262	514698	0
2019-10-31	4674	4701	4624	4625	610700	495576	0
2019-11-01	4615	4771	4597	4770	828834	557488	0
2019-11-04	4720	4720	4664	4670	751850	534642	0
2019-11-05	4673	4685	4621	4633	589096	524536	0
2019-11-06	4629	4676	4558	4559	745802	486304	0
2019-11-07	4563	4608	4561	4576	500902	478940	0
2019-11-08	4581	4603	4537	4557	555632	471002	0
2019-11-11	4477	4483	4372	4378	815866	427836	0
2019-11-12	4379	4406	4361	4386	367166	415092	0
2019-11-13	4361	4401	4342	4348	415002	421242	0
2019-11-14	4350	4392	4345	4365	370304	424298	0
2019-11-15	4306	4348	4292	4307	489950	424616	0
2019-11-18	4190	4268	4184	4260	526828	427358	0
2019-11-19	4281	4291	4248	4263	374144	425800	0
2019-11-20	4260	4296	4227	4228	453554	428660	0
2019-11-21	4224	4235	4145	4160	514674	444324	0
2019-11-22	4177	4212	4141	4187	482222	429920	0
2019-11-25	4186	4192	4154	4175	298276	436858	0
2019-11-26	4198	4225	4183	4212	402974	433520	0
2019-11-27	4222	4227	4129	4131	492504	476938	0
2019-11-28	4145	4155	4108	4138	425584	468376	0
2019-11-29	4140	4168	4125	4142	349446	454660	0
2019-12-02	4192	4265	4179	4255	629782	449798	0
2019-12-03	4251	4260	4213	4240	461356	442232	0
2019-12-04	4230	4253	4220	4226	341742	455454	0
2019-12-05	4225	4230	4178	4180	400344	471912	0
2019-12-06	4195	4218	4173	4183	392400	488232	0
2019-12-09	4146	4147	3997	3998	821592	521940	0
2019-12-10	3982	3998	3929	3950	554702	494758	0
2019-12-11	3959	3980	3907	3920	500014	519502	0
2019-12-12	3928	3948	3918	3918	352462	519776	0
2019-12-13	3878	3911	3830	3837	611402	547846	0
2019-12-16	3828	3837	3795	3799	462060	578240	0
2019-12-17	3813	3828	3776	3782	549174	585510	0
2019-12-18	3760	3805	3760	3796	512472	570448	0
2019-12-19	3790	3802	3750	3779	494736	566428	0
2019-12-20	3802	3803	3715	3718	624700	590848	0
2019-12-23	3726	3726	3661	3667	635372	646626	0
2019-12-24	3670	3712	3615	3674	1171864	664526	0
2019-12-25	3666	3683	3637	3641	616468	732988	0
2019-12-26	3626	3649	3619	3621	594178	764686	0
2019-12-27	3609	3632	3548	3549	770724	789718	0
2019-12-30	3545	3545	3487	3511	916260	822936	0
2019-12-31	3530	3555	3512	3550	783714	789456	0
2020-01-02	3575	3595	3493	3496	418911	420974	0
2020-01-03	3493	3505	3456	3457	431696	449386	0
2020-01-06	3492	3503	3412	3446	502913	463154	0
2020-01-07	3445	3518	3430	3517	615207	444624	0
2020-01-08	3500	3532	3479	3482	460904	463667	0
2020-01-09	3445	3458	3375	3379	539345	497630	0
2020-01-10	3381	3415	3359	3379	469597	491336	0
2020-01-13	3392	3436	3360	3416	564627	486580	0
2020-01-14	3423	3430	3390	3396	381926	491256	0
2020-01-15	3390	3433	3382	3407	399400	493403	0
2020-01-16	3424	3527	3420	3483	759197	436125	0
2020-01-17	3491	3523	3473	3494	418240	434390	0
2020-01-20	3506	3601	3455	3583	710702	371275	0
2020-01-21	3577	3593	3547	3562	349818	366752	0
2020-01-22	3503	3527	3423	3456	507348	345905	0
2020-01-23	3430	3491	3428	3470	329945	315537	0
2020-02-03	3249	3273	3243	3267	138312	322881	0
2020-02-04	3202	3331	3153	3326	652542	308536	0
2020-02-05	3341	3433	3327	3385	749316	349329	0
2020-02-06	3404	3458	3380	3451	545836	358551	0
2020-02-07	3424	3466	3419	3435	710588	392965	0
2020-02-10	3419	3508	3418	3495	726109	415249	0
2020-02-11	3499	3522	3448	3480	674833	422125	0
2020-02-12	3471	3489	3391	3411	704810	436705	0
2020-02-13	3402	3429	3359	3411	810326	454109	0
2020-02-14	3428	3444	3383	3444	619069	459069	0
2020-02-17	3444	3523	3421	3510	901751	448667	0
2020-02-18	3508	3537	3482	3513	689133	453753	0
2020-02-19	3534	3610	3522	3603	1044360	452309	0
2020-02-20	3604	3655	3587	3630	1218458	417926	0
2020-02-21	3645	3695	3620	3695	955973	416531	0
2020-02-24	3691	3718	3658	3674	1028807	412251	0
2020-02-25	3661	3678	3620	3675	1165752	403935	0
2020-02-26	3672	3698	3647	3666	877798	404679	0
2020-02-27	3660	3661	3536	3538	1020339	425343	0
2020-02-28	3463	3528	3433	3458	1033776	389852	0
2020-03-02	3512	3650	3512	3647	1121713	377208	0
2020-03-03	3679	3711	3594	3634	970985	375866	0
2020-03-04	3644	3657	3574	3656	974623	382937	0
2020-03-05	3644	3672	3611	3616	807365	398229	0
2020-03-06	3571	3606	3542	3578	840443	398091	0
2020-03-09	3563	3630	3543	3606	808954	368387	0
2020-03-10	3610	3633	3573	3579	507948	360323	0
2020-03-11	3576	3588	3482	3484	624570	396673	0
2020-03-12	3493	3495	3385	3435	663251	391100	0
2020-03-13	3400	3464	3348	3447	626688	363953	0
2020-03-16	3452	3495	3424	3455	485868	362526	0
2020-03-17	3449	3479	3421	3451	369021	359779	0
2020-03-18	3453	3476	3324	3349	603356	376410	0
2020-03-19	3359	3376	3274	3375	606235	338177	0
2020-03-20	3370	3384	3265	3277	581275	383060	0
2020-03-23	3257	3300	3227	3276	534139	377802	0
2020-03-24	3299	3307	3257	3282	388285	385823	0
2020-03-25	3284	3296	3221	3252	448713	422229	0
2020-03-26	3234	3322	3214	3308	625009	412361	0
2020-03-27	3305	3329	3234	3238	577055	439205	0
2020-03-30	3253	3291	3217	3228	557928	455317	0
2020-03-31	3254	3290	3250	3284	476991	428194	0
2020-04-01	3298	3319	3254	3276	472746	420981	0
2020-04-02	3270	3313	3232	3306	511650	397560	0
2020-04-03	3300	3382	3283	3382	657936	373074	0
2020-04-07	3451	3580	3451	3543	813689	325040	0
2020-04-08	3541	3578	3534	3553	453094	304968	0
2020-04-09	3577	3659	3564	3643	711640	302542	0
2020-04-10	3633	3636	3599	3630	442173	288573	0
2020-04-13	3703	3708	3605	3610	533621	262727	0
2020-04-14	3610	3624	3574	3589	385114	270326	0
2020-04-15	3598	3656	3571	3642	485902	265563	0
2020-04-16	3638	3648	3564	3573	475997	269633	0
2020-04-17	3586	3633	3577	3631	434093	271325	0
2020-04-20	3615	3616	3509	3527	540484	281494	0
2020-04-21	3512	3542	3496	3532	408429	274397	0
2020-04-22	3514	3518	3461	3472	402963	276163	0
2020-04-23	3457	3522	3451	3510	466655	280635	0
2020-04-24	3499	3519	3468	3497	493716	280576	0
2020-04-27	3484	3493	3447	3464	377426	284392	0
2020-04-28	3453	3465	3408	3445	385825	286699	0
2020-04-29	3435	3450	3403	3447	359955	284178	0
2020-04-30	3455	3557	3450	3556	431581	265639	0
2020-05-06	3415	3439	3357	3374	548828	301534	0
2020-05-07	3393	3399	3353	3375	354562	315739	0
2020-05-08	3383	3386	3337	3348	408617	339242	0
2020-05-11	3379	3403	3339	3356	444005	333909	0
2020-05-12	3330	3330	3232	3250	607777	388472	0
2020-05-13	3238	3247	3193	3222	589317	417932	0
2020-05-14	3224	3281	3218	3271	594863	373245	0
2020-05-15	3294	3308	3268	3306	419634	361823	0
2020-05-18	3262	3305	3231	3304	455469	367420	0
2020-05-19	3314	3401	3310	3357	561353	352525	0
2020-05-20	3337	3377	3333	3365	448712	366750	0
2020-05-21	3386	3419	3349	3418	505109	352008	0
2020-05-22	3417	3451	3410	3429	482935	317953	0
2020-05-25	3426	3432	3371	3386	454944	344248	0
2020-05-26	3397	3456	3376	3455	524469	327901	0
2020-05-27	3453	3476	3442	3476	332214	320669	0
2020-05-28	3479	3566	3456	3565	839810	308519	0
2020-05-29	3580	3770	3580	3770	599093	277442	0
2020-06-01	3794	3823	3758	3783	413705	267026	0
2020-06-02	3767	3767	3636	3651	631009	302142	0
2020-06-03	3665	3666	3632	3648	364325	312109	0
2020-06-04	3646	3656	3589	3612	522033	340240	0
2020-06-05	3604	3653	3584	3653	578559	337023	0
2020-06-08	3614	3626	3537	3558	647557	377380	0
2020-06-09	3538	3578	3501	3577	751100	394981	0
2020-06-10	3554	3564	3512	3523	683617	415874	0
2020-06-11	3536	3540	3460	3501	1255133	425022	0
2020-06-12	3482	3529	3465	3474	968844	426492	0
2020-06-15	3471	3484	3429	3479	875216	439148	0
2020-06-16	3487	3525	3465	3496	850931	467429	0
2020-06-17	3465	3472	3421	3431	1052200	499981	0
2020-06-18	3447	3611	3437	3582	1699059	474766	0
2020-06-19	3584	3612	3555	3586	900821	456709	0
2020-06-22	3621	3648	3571	3586	991315	460111	0
2020-06-23	3587	3706	3572	3706	1243012	450783	0
2020-06-24	3697	3707	3672	3697	818047	440182	0
2020-06-29	3682	3735	3674	3705	829196	435814	0
2020-06-30	3698	3751	3681	3751	689688	435161	0
2020-07-01	3776	3814	3775	3808	669955	437281	0
2020-07-02	3812	3848	3808	3825	659273	439758	0
2020-07-03	3824	3832	3803	3809	522977	436992	0
2020-07-06	3799	3835	3786	3822	617492	439937	0
2020-07-07	3846	3881	3843	3872	629834	418288	0
2020-07-08	3878	3884	3855	3882	411387	419959	0
2020-07-09	3891	3900	3812	3827	788848	438941	0
2020-07-10	3821	3841	3801	3828	557979	432485	0
2020-07-13	3849	3904	3832	3903	573356	406362	0
2020-07-14	3896	3942	3851	3875	760020	386887	0
2020-07-15	3880	3913	3858	3902	481571	392434	0
2020-07-16	3908	3915	3872	3882	441261	380761	0
2020-07-17	3884	3911	3864	3870	442285	373235	0
2020-07-20	3896	3995	3887	3984	654361	391918	0
2020-07-21	4011	4072	3995	4055	661906	362106	0
2020-07-22	4030	4073	4011	4022	552258	317985	0
2020-07-23	4059	4088	4043	4084	483897	321378	0
2020-07-24	4090	4141	4084	4120	531441	311489	0
2020-07-27	4230	4230	4056	4060	723883	298751	0
2020-07-28	4076	4085	4004	4005	492567	294476	0
2020-07-29	4017	4032	3983	3984	384063	295749	0
2020-07-30	4018	4081	3995	4003	622962	289654	0
2020-07-31	4022	4042	3996	4018	381413	271508	0
2020-08-03	3979	3994	3941	3956	456754	274567	0
2020-08-04	3953	3985	3940	3958	312791	275461	0
2020-08-05	3962	3974	3937	3938	271638	274447	0
2020-08-06	3947	3948	3850	3858	500226	283934	0
2020-08-07	3824	3845	3737	3822	615708	265029	0
2020-08-10	3755	3790	3730	3748	465854	310829	0
2020-08-11	3757	3763	3674	3681	540483	355224	0
2020-08-12	3655	3749	3647	3715	680906	341645	0
2020-08-13	3710	3730	3677	3683	457456	364274	0
2020-08-14	3684	3693	3649	3651	447338	376229	0
2020-08-17	3704	3754	3696	3742	574334	333660	0
2020-08-18	3751	3766	3710	3719	394726	348310	0
2020-08-19	3732	3750	3690	3750	467291	346417	0
2020-08-20	3739	3744	3653	3654	564371	381464	0
2020-08-21	3642	3658	3614	3629	464094	409228	0
2020-08-24	3649	3660	3625	3634	393996	421091	0
2020-08-25	3643	3649	3613	3623	339832	453954	0
2020-08-26	3638	3673	3594	3661	704334	443502	0
2020-08-27	3649	3668	3625	3631	485206	479846	0
2020-08-28	3621	3628	3594	3602	565342	506675	0
2020-08-31	3572	3598	3569	3583	525171	502866	0
2020-09-01	3598	3605	3577	3584	345061	496299	0
2020-09-02	3585	3589	3490	3491	629236	552943	0
2020-09-03	3495	3499	3425	3434	640322	553209	0
2020-09-04	3441	3483	3423	3443	621737	538878	0
2020-09-07	3449	3486	3427	3472	547791	513450	0
2020-09-08	3487	3569	3473	3554	736944	465664	0
2020-09-09	3541	3557	3480	3483	601804	481866	0
2020-09-10	3507	3528	3493	3517	407898	464299	0
2020-09-11	3527	3540	3489	3504	508908	476343	0
2020-09-14	3511	3545	3490	3495	510818	493861	0
2020-09-15	3493	3562	3469	3557	609196	467415	0
2020-09-16	3560	3588	3550	3578	476755	452579	0
2020-09-17	3570	3599	3527	3527	705768	438640	0
2020-09-18	3542	3557	3529	3551	375006	431196	0
2020-09-21	3535	3572	3487	3503	727399	421306	0
2020-09-22	3514	3631	3505	3624	757539	380611	0
2020-09-23	3607	3626	3593	3613	439043	358559	0
2020-09-24	3637	3650	3606	3624	426939	340716	0
2020-09-25	3640	3697	3638	3676	548663	316184	0
2020-09-28	3700	3723	3688	3698	388024	298111	0
2020-09-29	3698	3713	3668	3713	322714	273230	0
2020-09-30	3717	3767	3694	3766	307103	234734	0
2020-10-09	3797	3843	3769	3833	310687	244171	0
2020-10-12	3799	3837	3795	3802	334965	265430	0
2020-10-13	3784	3792	3747	3780	385096	275773	0
2020-10-14	3791	3797	3768	3775	213927	273790	0
2020-10-15	3764	3772	3704	3729	393533	272750	0
2020-10-16	3723	3761	3721	3760	282550	265074	0
2020-10-19	3784	3824	3779	3818	360327	257185	0
2020-10-20	3813	3830	3807	3809	216870	257932	0
2020-10-21	3810	3834	3793	3830	278480	260671	0
2020-10-22	3811	3823	3799	3806	229078	264319	0
2020-10-23	3818	3894	3816	3876	395048	271830	0
2020-10-26	3873	3910	3851	3853	296653	264144	0
2020-10-27	3861	3870	3850	3862	183659	267136	0
2020-10-28	3869	3899	3803	3895	545249	269938	0
2020-10-29	3883	3954	3882	3941	419072	269590	0
2020-10-30	3941	3972	3917	3943	320435	249856	0
2020-11-02	3950	3976	3931	3951	256353	256374	0
2020-11-03	3956	3981	3874	3877	452069	272792	0
2020-11-04	3884	3892	3856	3882	331802	272190	0
2020-11-05	3877	3894	3859	3870	270180	279231	0
2020-11-06	3871	3901	3851	3858	375704	278268	0
2020-11-09	3844	3880	3834	3854	322056	296130	0
2020-11-10	3852	3856	3811	3811	368847	330503	0
2020-11-11	3830	3842	3799	3825	331908	327888	0
2020-11-12	3826	3831	3775	3788	356056	347393	0
2020-11-13	3780	3783	3734	3735	346167	369946	0
2020-11-16	3726	3756	3718	3751	258792	370977	0
2020-11-17	3743	3770	3724	3759	328678	376752	0
2020-11-18	3761	3814	3755	3809	332098	380003	0
2020-11-19	3796	3807	3762	3772	384395	408146	0
2020-11-20	3775	3808	3760	3799	332769	400504	0
2020-11-23	3770	3782	3736	3738	385146	430447	0
2020-11-24	3729	3748	3708	3728	396090	427161	0
2020-11-25	3731	3752	3712	3714	278049	440272	0
2020-11-26	3725	3736	3705	3723	239149	438622	0
2020-11-27	3729	3733	3670	3674	328930	457518	0
2020-11-30	3695	3725	3661	3706	487458	438056	0
2020-12-01	3697	3727	3667	3668	372458	444626	0
2020-12-02	3672	3672	3613	3616	361061	452960	0
2020-12-03	3615	3656	3593	3636	399069	463655	0
2020-12-04	3635	3645	3616	3621	243838	461267	0
2020-12-07	3656	3705	3647	3663	432940	440534	0
2020-12-08	3676	3679	3656	3673	227310	437214	0
2020-12-09	3674	3702	3621	3626	389034	439823	0
2020-12-10	3630	3861	3611	3824	980772	388263	0
2020-12-11	3824	3869	3808	3869	435075	358283	0
2020-12-14	3926	4054	3924	4046	729548	364601	0
2020-12-15	4045	4056	4003	4028	502938	370398	0
2020-12-16	4028	4040	3960	4019	449635	369052	0
2020-12-17	4012	4035	3986	4010	348984	368723	0
2020-12-18	4007	4018	3951	3958	428598	361619	0
2020-12-21	4033	4202	4031	4125	679595	343443	0
2020-12-22	4150	4163	4096	4117	384287	343642	0
2020-12-23	4095	4140	4081	4125	342675	345958	0
2020-12-24	4122	4138	4101	4106	285995	346599	0
2020-12-25	4084	4162	4079	4098	498857	349871	0
2020-12-28	4146	4230	4065	4100	752217	351868	0
2020-12-29	4130	4130	4024	4041	429512	346464	0
2020-12-30	4061	4088	4029	4066	391683	343537	0
2020-12-31	4072	4101	4054	4101	241735	333364	0
2021-01-04	4143	4166	4048	4059	436522	340718	0
2021-01-05	4057	4083	4036	4065	231189	341620	0
2021-01-06	4082	4209	4078	4201	412315	339795	0
2021-01-07	4241	4315	4199	4244	631190	338585	0
2021-01-08	4254	4319	4227	4310	342800	340746	0
2021-01-11	4375	4468	4323	4376	607542	327089	0
2021-01-12	4438	4458	4364	4449	444533	325429	0
2021-01-13	4513	4570	4401	4440	642440	338801	0
2021-01-14	4427	4430	4339	4403	442258	344812	0
2021-01-15	4473	4622	4447	4622	621904	357507	0
2021-01-18	4577	4616	4501	4526	635981	369972	0
2021-01-19	4500	4528	4423	4423	475798	374533	0
2021-01-20	4441	4461	4409	4450	398061	377395	0
2021-01-21	4474	4492	4365	4397	547713	376808	0
2021-01-22	4399	4399	4275	4302	467850	367542	0
2021-01-25	4262	4269	4212	4264	386480	371897	0
2021-01-26	4261	4332	4251	4318	385210	374074	0
2021-01-27	4301	4310	4256	4273	284555	379624	0
2021-01-28	4257	4357	4240	4354	475853	387599	0
2021-01-29	4339	4363	4288	4348	381697	362267	0
2021-02-01	4303	4412	4273	4387	466049	369360	0
2021-02-02	4386	4454	4369	4452	340862	367615	0
2021-02-03	4430	4465	4336	4445	519459	372935	0
2021-02-04	4443	4480	4421	4471	275829	370586	0
2021-02-05	4481	4546	4469	4533	347267	376712	0
2021-02-08	4518	4548	4465	4490	309268	365948	0
2021-02-09	4495	4560	4451	4547	294234	357427	0
2021-02-10	4532	4543	4487	4518	236131	341350	0
2021-02-18	4581	4652	4563	4645	295480	360636	0
2021-02-19	4625	4738	4613	4734	306118	386283	0
2021-02-22	4712	4746	4568	4587	464249	350532	0
2021-02-23	4582	4617	4528	4598	377596	349564	0
2021-02-24	4605	4646	4538	4565	373031	352338	0
2021-02-25	4572	4778	4570	4718	502166	339278	0
2021-02-26	4659	4741	4636	4728	336967	330239	0
2021-03-01	4667	4672	4514	4527	490183	332347	0
2021-03-02	4524	4566	4503	4551	300702	339747	0
2021-03-03	4555	4579	4448	4568	522288	343718	0
2021-03-04	4554	4647	4536	4592	397526	338742	0
2021-03-05	4574	4604	4539	4586	308740	335678	0
2021-03-08	4554	4557	4491	4530	377153	335249	0
2021-03-09	4535	4632	4499	4631	384376	328701	0
2021-03-10	4612	4652	4599	4637	365922	332327	0
2021-03-11	4640	4650	4575	4603	304398	324443	0
2021-03-12	4606	4689	4592	4657	386378	325797	0
2021-03-15	4609	4634	4488	4496	472858	338438	0
2021-03-16	4523	4593	4514	4583	339082	332629	0
2021-03-17	4572	4584	4536	4570	282402	320239	0
2021-03-18	4550	4574	4467	4535	391263	332781	0
2021-03-19	4520	4545	4465	4509	362627	327372	0
2021-03-22	4518	4606	4461	4603	474038	332993	0
2021-03-23	4587	4620	4584	4604	253130	327200	0
2021-03-24	4610	4662	4582	4652	321780	324697	0
2021-03-25	4636	4670	4636	4662	195082	325118	0
2021-03-26	4652	4731	4649	4728	315256	331533	0
2021-03-29	4662	4677	4566	4596	471895	322050	0
2021-03-30	4600	4622	4569	4576	282702	323764	0
2021-03-31	4549	4564	4390	4408	513694	316764	0
2021-04-01	4456	4515	4424	4483	300553	302778	0
2021-04-02	4467	4483	4419	4480	316934	310364	0
2021-04-06	4511	4533	4488	4493	216023	306758	0
2021-04-07	4502	4517	4469	4499	228738	313819	0
2021-04-08	4490	4539	4482	4529	221897	312498	0
2021-04-09	4500	4507	4365	4394	485672	359067	0
2021-04-12	4464	4512	4446	4497	401712	316407	0
2021-04-13	4489	4527	4448	4510	318685	298205	0
2021-04-14	4500	4567	4500	4551	237428	284828	0
2021-04-15	4588	4667	4585	4656	303166	290385	0
2021-04-16	4683	4744	4650	4737	281062	300750	0
2021-04-19	4722	4740	4705	4724	193487	297545	0
2021-04-20	4776	4815	4714	4747	329742	298092	0
2021-04-21	4761	4788	4740	4785	240821	309696	0
2021-04-22	4798	4821	4731	4767	353675	300755	0
2021-04-23	4769	4844	4748	4813	262729	307379	0
2021-04-26	4849	4850	4747	4788	280220	290933	0
2021-04-27	4760	4767	4717	4733	265144	286161	0
2021-04-28	4726	4758	4722	4732	176534	280517	0
2021-04-29	4738	4803	4730	4798	210765	283436	0
2021-04-30	4795	4817	4775	4797	167360	267788	0
2021-05-06	4768	4779	4684	4698	354198	272949	0
2021-05-07	4716	4783	4705	4752	294036	262470	0
2021-05-10	4761	4835	4750	4789	263326	283020	0
2021-05-11	4721	4730	4667	4696	345419	265022	0
2021-05-12	4706	4719	4675	4684	215322	275876	0
2021-05-13	4666	4700	4627	4650	299179	278849	0
2021-05-14	4654	4683	4643	4669	234841	279570	0
2021-05-17	4657	4670	4581	4631	369932	284423	0
2021-05-18	4617	4632	4582	4602	222216	290339	0
2021-05-19	4598	4610	4571	4580	198689	298791	0
2021-05-20	4576	4652	4567	4615	263362	285204	0
2021-05-21	4621	4640	4560	4565	246206	295070	0
2021-05-24	4570	4640	4557	4599	241139	285484	0
2021-05-25	4581	4622	4568	4614	233636	282052	0
2021-05-26	4596	4685	4585	4671	304165	284361	0
2021-05-27	4658	4672	4621	4637	201447	271899	0
2021-05-28	4648	4655	4591	4636	250519	267232	0
2021-05-31	4650	4681	4571	4594	339853	295281	0
2021-06-01	4576	4606	4538	4564	303477	310138	0
2021-06-02	4568	4570	4513	4519	236557	335352	0
2021-06-03	4543	4594	4531	4571	246756	307015	0
2021-06-04	4564	4636	4537	4598	317307	294030	0
2021-06-07	4559	4587	4554	4574	195394	296808	0
2021-06-08	4588	4643	4559	4578	255150	296079	0
2021-06-09	4578	4636	4552	4618	225743	307402	0
2021-06-10	4606	4624	4589	4603	151660	305117	0
2021-06-11	4606	4646	4592	4617	213667	307561	0
2021-06-15	4601	4699	4581	4689	327056	339100	0
2021-06-16	4681	4688	4651	4669	169767	329081	0
2021-06-17	4663	4732	4661	4721	224330	346372	0
2021-06-18	4675	4691	4590	4614	349621	315701	0
2021-06-21	4611	4619	4576	4582	213515	321872	0
2021-06-22	4588	4603	4580	4599	138166	321389	0
2021-06-23	4600	4614	4579	4582	137508	320280	0
2021-06-24	4590	4633	4560	4598	285445	312042	0
2021-06-25	4596	4613	4572	4574	152751	306422	0
2021-06-28	4601	4654	4598	4647	235188	314529	0
2021-06-29	4639	4646	4616	4625	126951	309509	0
2021-06-30	4623	4651	4619	4642	129295	310640	0
2021-07-01	4644	4669	4630	4660	169247	314906	0
2021-07-02	4645	4653	4530	4542	451662	329513	0
2021-07-05	4539	4556	4516	4518	212926	333743	0
2021-07-06	4526	4541	4505	4531	202681	342086	0
2021-07-07	4520	4543	4468	4488	357476	364289	0
2021-07-08	4495	4524	4483	4504	191769	359702	0
2021-07-09	4506	4511	4467	4472	208732	364709	0
2021-07-12	4478	4519	4460	4494	230994	355314	0
2021-07-13	4482	4494	4444	4453	260113	361120	0
2021-07-14	4468	4507	4458	4491	191017	342167	0
2021-07-15	4504	4529	4478	4504	189559	332259	0
2021-07-16	4510	4527	4488	4502	150810	333467	0
2021-07-19	4464	4502	4437	4471	255366	320612	0
2021-07-20	4480	4519	4476	4506	168311	314376	0
2021-07-21	4522	4524	4468	4481	182110	315780	0
2021-07-22	4489	4495	4450	4453	191925	334749	0
2021-07-23	4451	4472	4400	4402	235313	339991	0
2021-07-26	4447	4487	4442	4480	290087	300515	0
2021-07-27	4483	4491	4466	4470	156436	294191	0
2021-07-28	4481	4484	4409	4425	237249	293732	0
2021-07-29	4450	4462	4421	4431	177469	289162	0
2021-07-30	4432	4436	4402	4404	159151	298924	0
2021-08-02	4427	4432	4381	4416	214399	295659	0
2021-08-03	4427	4437	4410	4412	177236	297178	0
2021-08-04	4419	4450	4409	4409	220912	296208	0
2021-08-05	4396	4403	4368	4372	185061	302843	0
2021-08-06	4384	4385	4365	4370	143547	300571	0
2021-08-09	4379	4389	4348	4352	208481	307341	0
2021-08-10	4339	4348	4320	4323	135269	324252	0
2021-08-11	4317	4317	4287	4292	241653	346508	0
2021-08-12	4292	4304	4250	4261	218013	351002	0
2021-08-13	4249	4279	4249	4260	140298	347963	0
2021-08-16	4254	4277	4243	4246	151087	346342	0
2021-08-17	4239	4257	4221	4227	144067	342714	0
2021-08-18	4236	4250	4227	4243	128490	334098	0
2021-08-19	4240	4272	4235	4257	201390	326114	0
2021-08-20	4253	4256	4226	4227	141564	327797	0
2021-08-23	4210	4260	4159	4231	388171	319477	0
2021-08-24	4224	4259	4220	4248	236518	303599	0
2021-08-25	4257	4264	4217	4220	190543	289157	0
2021-08-26	4229	4229	4199	4202	136349	287193	0
2021-08-27	4212	4229	4199	4206	134078	282589	0
2021-08-30	4211	4236	4178	4183	201944	280714	0
2021-08-31	4189	4212	4182	4199	130621	267053	0
2021-09-01	4213	4228	4197	4202	144839	272632	0
2021-09-02	4203	4229	4194	4206	145942	270840	0
2021-09-03	4222	4239	4200	4207	160033	274206	0
2021-09-06	4212	4220	4178	4188	191244	274893	0
2021-09-07	4195	4208	4186	4191	105261	271439	0
2021-09-08	4185	4191	4161	4169	137337	281728	0
2021-09-09	4179	4215	4171	4212	155452	275283	0
2021-09-10	4199	4202	4188	4190	99839	275905	0
2021-09-13	4195	4196	4141	4150	186401	291481	0
2021-09-14	4160	4164	4149	4150	73393	288599	0
2021-09-15	4154	4193	4150	4183	142148	270602	0
2021-09-16	4184	4189	4169	4180	100735	264851	0
2021-09-17	4185	4257	4183	4232	221653	273149	0
2021-09-22	4229	4273	4228	4257	148410	279760	0
2021-09-23	4252	4266	4246	4254	83178	277005	0
2021-09-24	4262	4284	4235	4244	161550	271132	0
2021-09-27	4202	4206	4153	4153	206172	242110	0
2021-09-28	4157	4167	4142	4145	98648	242910	0
2021-09-29	4140	4176	4140	4162	99435	229294	0
2021-09-30	4155	4173	4144	4159	90241	217058	0
2021-10-08	4109	4214	4092	4188	218356	224866	0
2021-10-11	4199	4326	4199	4324	210642	255675	0
2021-10-12	4307	4337	4288	4309	142185	258518	0
2021-10-13	4322	4344	4275	4289	148856	254532	0
2021-10-14	4301	4351	4294	4313	189287	266403	0
2021-10-15	4336	4377	4316	4338	180844	265434	0
2021-10-18	4385	4424	4366	4395	212774	273724	0
2021-10-19	4397	4432	4373	4381	150012	273794	0
2021-10-20	4373	4420	4369	4402	157578	270735	0
2021-10-21	4418	4436	4398	4412	147994	266789	0
2021-10-22	4430	4508	4418	4497	329148	283192	0
2021-10-25	4573	4599	4496	4504	313916	290680	0
2021-10-26	4535	4549	4464	4546	206728	284066	0
2021-10-27	4517	4517	4326	4352	334307	262035	0
2021-10-28	4344	4355	4307	4333	162158	252719	0
2021-10-29	4319	4330	4275	4277	157917	249737	0
2021-11-01	4302	4319	4296	4303	114313	248069	0
2021-11-02	4326	4405	4296	4397	234005	245390	0
2021-11-03	4392	4427	4373	4413	156932	248558	0
2021-11-04	4424	4430	4305	4314	240995	261680	0
2021-11-05	4316	4335	4300	4312	127793	259476	0
2021-11-08	4331	4339	4290	4323	141357	257804	0
2021-11-09	4328	4357	4326	4331	132351	249948	0
2021-11-10	4335	4381	4325	4353	189685	256159	0
2021-11-11	4333	4349	4319	4322	119115	251966	0
2021-11-12	4332	4416	4332	4416	213277	259145	0
2021-11-15	4396	4421	4388	4397	117666	256553	0
2021-11-16	4398	4432	4395	4429	125316	258315	0
2021-11-17	4431	4459	4415	4432	141115	263325	0
2021-11-18	4466	4482	4446	4476	131048	270846	0
2021-11-19	4462	4463	4416	4439	135189	258234	0
2021-11-22	4388	4400	4373	4392	137734	249706	0
2021-11-23	4413	4422	4375	4376	102364	246343	0
2021-11-24	4377	4396	4373	4388	77982	254117	0
2021-11-25	4365	4390	4364	4380	96090	252319	0
2021-11-26	4385	4408	4347	4359	161136	243145	0
2021-11-29	4357	4358	4286	4289	146004	245005	0
2021-11-30	4281	4288	4262	4266	126178	241608	0
2021-12-01	4261	4265	4230	4233	104717	247247	0
2021-12-02	4234	4258	4218	4256	109049	250277	0
2021-12-03	4240	4270	4232	4241	111872	252326	0
2021-12-06	4266	4276	4246	4254	101127	248074	0
2021-12-07	4277	4278	4250	4264	82670	247778	0
2021-12-08	4256	4256	4198	4213	135768	260870	0
2021-12-09	4209	4213	4142	4144	174930	267650	0
2021-12-10	4138	4151	4118	4120	158844	268230	0
2021-12-13	4133	4157	4110	4136	151313	266855	0
2021-12-14	4124	4128	4071	4089	161282	278145	0
2021-12-15	4081	4118	4077	4091	100390	273174	0
2021-12-16	4093	4107	4083	4084	95516	274406	0
2021-12-17	4097	4117	4060	4069	145027	284130	0
2021-12-20	4050	4084	4006	4012	165157	297413	0
2021-12-21	4029	4041	4017	4032	87067	290782	0
2021-12-22	4030	4064	4018	4061	118653	283333	0
2021-12-23	4059	4070	4040	4055	76473	280150	0
2021-12-24	4061	4116	4059	4086	142982	269263	0
2021-12-27	4070	4084	4029	4082	127475	266558	0
2021-12-28	4081	4085	4044	4049	90626	269303	0
2021-12-29	4055	4085	4049	4072	109749	262122	0
2021-12-30	4092	4111	4071	4097	125647	254853	0
2021-12-31	4084	4098	4073	4087	84089	238767	0
2022-01-04	4089	4136	4034	4117	209034	241749	0
2022-01-05	4111	4118	4079	4084	103363	244973	0
2022-01-06	4087	4101	4065	4076	91172	248443	0
2022-01-07	4085	4115	4076	4101	94281	250625	0
2022-01-10	4065	4115	4051	4099	158311	241724	0
2022-01-11	4096	4109	4075	4084	94739	240490	0
2022-01-12	4090	4123	4085	4121	102359	235981	0
2022-01-13	4130	4144	4115	4123	118964	235406	0
2022-01-14	4126	4130	4072	4072	154830	243215	0
2022-01-17	4071	4072	4020	4032	170589	258797	0
2022-01-18	4030	4052	4015	4021	111726	261590	0
2022-01-19	4032	4047	4022	4037	88915	259390	0
2022-01-20	4043	4066	4033	4050	110906	260182	0
2022-01-21	4056	4082	4053	4067	103709	252435	0
2022-01-24	4065	4150	4056	4144	191102	239454	0
2022-01-25	4141	4171	4129	4131	128612	230796	0
2022-01-26	4156	4165	4142	4157	83408	226156	0
2022-01-27	4192	4221	4175	4214	131839	221191	0
2022-01-28	4212	4258	4209	4233	104096	203741	0
2022-02-07	4248	4293	4236	4281	112062	210980	0
2022-02-08	4290	4329	4287	4322	107482	225433	0
2022-02-09	4323	4334	4291	4311	95552	227640	0
2022-02-10	4318	4360	4308	4353	104230	236673	0
2022-02-11	4328	4353	4318	4346	96642	230527	0
2022-02-14	4336	4366	4324	4357	85892	234782	0
2022-02-15	4344	4346	4321	4330	86072	229443	0
2022-02-16	4337	4339	4312	4325	73191	222065	0
2022-02-17	4332	4366	4332	4353	95010	225629	0
2022-02-18	4340	4357	4327	4340	76583	217907	0
2022-02-21	4339	4350	4302	4326	128442	217014	0
2022-02-22	4330	4344	4322	4326	63161	217961	0
2022-02-23	4330	4395	4329	4366	165047	229819	0
2022-02-24	4375	4403	4369	4403	83653	231419	0
2022-02-25	4381	4413	4366	4411	118536	236769	0
2022-02-28	4381	4410	4367	4402	115586	223894	0
2022-03-01	4413	4420	4388	4393	90833	211468	0
2022-03-02	4412	4453	4403	4427	123700	205867	0
2022-03-03	4418	4427	4390	4417	113700	179634	0
2022-03-04	4430	4448	4400	4407	113240	176093	0
2022-03-07	4449	4468	4434	4456	111178	177296	0
2022-03-08	4460	4471	4434	4460	85137	176135	0
2022-03-09	4473	4478	4446	4449	68733	172348	0
2022-03-10	4427	4467	4424	4444	85715	173140	0
2022-03-11	4465	4510	4449	4508	137154	203741	0
2022-03-14	4475	4534	4458	4516	155059	195775	0
2022-03-15	4516	4525	4388	4401	218610	174218	0
2022-03-16	4428	4436	4411	4426	97769	170384	0
2022-03-17	4404	4407	4364	4392	119825	176542	0
2022-03-18	4408	4426	4388	4417	68569	177899	0
2022-03-21	4419	4468	4415	4459	71979	179103	0
2022-03-22	4480	4515	4477	4487	106133	173695	0
2022-03-23	4486	4571	4470	4566	101824	183829	0
2022-03-24	4585	4625	4584	4620	135752	185903	0
2022-03-25	4602	4607	4572	4594	103647	179847	0
2022-03-28	4591	4614	4564	4589	96916	179060	0
2022-03-29	4592	4612	4581	4607	75261	180880	0
2022-03-30	4607	4627	4557	4583	107049	178410	0
2022-03-31	4592	4623	4587	4620	68916	169221	0
2022-04-01	4608	4645	4596	4619	110365	139405	0
2022-04-06	4664	4751	4659	4748	140832	147601	0
2022-04-07	4737	4737	4656	4699	120100	140346	0
2022-04-08	4714	4741	4701	4735	63469	141887	0
2022-04-11	4782	4785	4705	4711	113304	138882	0
2022-04-12	4715	4718	4651	4670	108397	137495	0
2022-04-13	4662	4676	4643	4644	58127	136297	0
2022-04-14	4662	4680	4657	4664	52057	137214	0
2022-04-15	4651	4665	4637	4645	58483	138048	0
2022-04-18	4696	4746	4672	4696	133805	130166	0
2022-04-19	4712	4730	4697	4700	75199	130447	0
2022-04-20	4714	4718	4684	4698	60249	131130	0
2022-04-21	4690	4719	4685	4702	53243	129705	0
2022-04-22	4699	4732	4669	4719	90919	131776	0
2022-04-25	4726	4795	4716	4753	144380	131321	0
2022-04-26	4765	4765	4708	4713	109757	131440	0
2022-04-27	4722	4726	4703	4709	58865	130741	0
2022-04-28	4714	4746	4706	4721	87279	128536	0
2022-04-29	4724	4739	4716	4725	52517	123610	0
2022-05-05	4729	4770	4673	4761	112775	133458	0
2022-05-06	4739	4743	4658	4659	144200	146627	0
2022-05-09	4664	4665	4636	4646	73182	150510	0
2022-05-10	4646	4667	4639	4643	67520	145769	0
2022-05-11	4655	4666	4638	4660	50411	145463	0
2022-05-12	4665	4686	4654	4684	73186	145622	0
2022-05-13	4686	4692	4668	4673	51602	146937	0
2022-05-16	4686	4716	4683	4707	83175	140915	0
2022-05-17	4715	4749	4706	4731	76060	136890	0
2022-05-18	4731	4741	4727	4739	27669	138902	0
数据来源:通达信
