JRL9 粳稻指数 日线 前复权
      日期	    开盘	    最高	    最低	    收盘	    成交量	    持仓量	    结算价
2013-11-18	3051	3083	3030	3043	30688	6472	0
2013-11-19	3046	3072	3040	3068	10800	7578	0
2013-11-20	3070	3070	3052	3059	3444	6022	0
2013-11-21	3061	3066	3057	3063	1158	5872	0
2013-11-22	3066	3097	3063	3092	4124	6546	0
2013-11-25	3095	3105	3085	3095	4108	5708	0
2013-11-26	3093	3108	3084	3108	2196	5818	0
2013-11-27	3104	3125	3098	3100	4050	5442	0
2013-11-28	3100	3100	3090	3092	796	5214	0
2013-11-29	3091	3101	3085	3098	734	5168	0
2013-12-02	3094	3100	3092	3095	356	5058	0
2013-12-03	3097	3097	3090	3092	448	4914	0
2013-12-04	3097	3097	3088	3089	558	4524	0
2013-12-05	3088	3092	3077	3082	1452	4354	0
2013-12-06	3080	3085	3075	3076	1584	4376	0
2013-12-09	3076	3080	3076	3077	404	4298	0
2013-12-10	3073	3077	3017	3064	978	3874	0
2013-12-11	3062	3070	3038	3054	2368	3458	0
2013-12-12	3053	3090	3052	3090	1348	3464	0
2013-12-13	3080	3113	3077	3097	4246	3654	0
2013-12-16	3098	3109	3087	3088	1026	3504	0
2013-12-17	3089	3089	3078	3083	772	3312	0
2013-12-18	3083	3083	3070	3075	476	3266	0
2013-12-19	3075	3093	3073	3076	330	3228	0
2013-12-20	3074	3088	3072	3088	416	3184	0
2013-12-23	3090	3090	3081	3088	276	3250	0
2013-12-24	3084	3087	3076	3079	332	3228	0
2013-12-25	3073	3086	3063	3080	688	3208	0
2013-12-26	3081	3087	3077	3079	514	3162	0
2013-12-27	3068	3086	3064	3082	62	3164	0
2013-12-30	3080	3084	3079	3080	62	3142	0
2013-12-31	3083	3083	3070	3073	166	3136	0
2014-01-02	3080	3081	3072	3077	224	3134	0
2014-01-03	3072	3082	3069	3077	464	3128	0
2014-01-06	3076	3079	3074	3079	234	3024	0
2014-01-07	3077	3092	3077	3092	226	3008	0
2014-01-08	3093	3118	3093	3099	254	2990	0
2014-01-09	3098	3110	3091	3100	190	2988	0
2014-01-10	3099	3108	3099	3107	90	3002	0
2014-01-13	3108	3109	3104	3109	136	3012	0
2014-01-14	3114	3114	3107	3107	212	3006	0
2014-01-15	3104	3110	3097	3107	222	2978	0
2014-01-16	3104	3113	3104	3113	170	3018	0
2014-01-17	3112	3119	3110	3114	206	3002	0
2014-01-20	3111	3118	3109	3112	122	2978	0
2014-01-21	3110	3114	3104	3107	196	2978	0
2014-01-22	3108	3154	3102	3128	310	2980	0
2014-01-23	3138	3146	3127	3130	402	3078	0
2014-01-24	3132	3133	3096	3096	682	3076	0
2014-01-27	3105	3108	3091	3096	280	3038	0
2014-01-28	3093	3102	3064	3082	618	3028	0
2014-01-29	3080	3081	3062	3062	130	2974	0
2014-01-30	3043	3092	3043	3083	132	2940	0
2014-02-07	3066	3096	3066	3083	80	2932	0
2014-02-10	3091	3100	3079	3093	50	2930	0
2014-02-11	3090	3092	3080	3089	106	2922	0
2014-02-12	3085	3104	3085	3097	106	2924	0
2014-02-13	3102	3104	3062	3070	748	2948	0
2014-02-14	3072	3088	3068	3088	134	2946	0
2014-02-17	3061	3095	3061	3079	120	2982	0
2014-02-18	3079	3098	3079	3093	108	2938	0
2014-02-19	3097	3116	3093	3099	1240	3772	0
2014-02-20	3100	3120	3095	3111	242	3882	0
2014-02-21	3105	3121	3105	3105	76	3884	0
2014-02-24	3091	3115	3091	3111	284	3984	0
2014-02-25	3109	3123	3105	3115	436	4208	0
2014-02-26	3117	3123	3106	3117	752	4742	0
2014-02-27	3116	3116	3102	3109	248	4858	0
2014-02-28	3106	3120	3105	3114	98	4910	0
2014-03-03	3115	3119	3106	3113	382	5184	0
2014-03-04	3112	3113	3106	3106	338	5282	0
2014-03-05	3105	3113	3096	3106	102	5302	0
2014-03-06	3106	3108	3098	3098	56	5308	0
2014-03-07	3102	3103	3096	3098	28	5298	0
2014-03-10	3097	3122	3095	3105	610	5374	0
2014-03-11	3118	3118	3103	3114	370	5088	0
2014-03-12	3110	3118	3103	3118	140	5108	0
2014-03-13	3117	3117	3116	3116	38	5110	0
2014-03-14	3116	3126	3116	3117	96	5062	0
2014-03-17	3112	3113	3109	3111	200	4916	0
2014-03-18	3112	3121	3112	3115	116	4916	0
2014-03-19	3115	3119	3112	3115	32	4914	0
2014-03-20	3115	3115	3115	3115	44	4870	0
2014-03-21	3112	3143	3106	3132	124	4814	0
2014-03-24	3120	3153	3120	3150	252	4726	0
2014-03-25	3156	3179	3145	3154	412	4486	0
2014-03-26	3153	3153	3134	3144	284	4274	0
2014-03-27	3149	3149	3140	3141	70	4222	0
2014-03-28	3133	3157	3130	3135	88	4152	0
2014-03-31	3135	3137	3133	3136	18	4148	0
2014-04-01	3149	3158	3139	3146	84	4086	0
2014-04-02	3157	3159	3150	3150	64	4050	0
2014-04-03	3154	3154	3138	3145	14	4054	0
2014-04-04	3130	3139	3127	3138	82	4046	0
2014-04-08	3132	3132	3130	3130	10	4040	0
2014-04-09	3132	3135	3131	3135	100	4048	0
2014-04-10	3201	3201	3135	3142	46	4032	0
2014-04-11	3157	3165	3145	3146	344	3814	0
2014-04-14	3163	3163	3147	3163	56	3760	0
2014-04-15	3166	3166	3142	3142	96	3674	0
2014-04-16	3147	3149	3146	3149	188	3574	0
2014-04-17	3146	3148	3141	3142	258	3360	0
2014-04-18	3147	3150	3146	3148	40	3352	0
2014-04-21	3142	3145	3141	3145	268	3086	0
2014-04-22	3138	3154	3136	3151	288	712	0
2014-04-23	3204	3204	3167	3172	222	514	0
2014-04-24	3162	3196	3161	3196	12	514	0
2014-04-25	3197	3201	3179	3190	50	474	0
2014-04-28	3202	3202	3142	3146	30	254	0
2014-04-29	3160	3189	3138	3138	50	230	0
2014-04-30	3143	3187	3077	3167	44	216	0
2014-05-06	3283	3304	3262	3304	44	196	0
2014-05-07	3294	3296	3294	3296	6	194	0
2014-05-08	3439	3439	3295	3295	4	198	0
2014-05-09	3471	3496	3471	3490	38	224	0
2014-05-12	3479	3504	3355	3355	12	224	0
2014-05-14	3282	3287	3173	3174	86	284	0
2014-05-20	3141	3141	3141	3141	2	86	0
2014-05-21	3152	3152	3127	3134	10	84	0
2014-05-22	3142	3147	3132	3147	10	82	0
2014-05-23	3139	3139	3139	3139	6	84	0
2014-05-27	3156	3179	3130	3178	14	82	0
2014-05-28	3174	3221	3174	3221	14	78	0
2014-05-29	3255	3277	3147	3215	78	78	0
2014-06-04	3176	3176	3176	3176	4	78	0
2014-06-11	3201	3219	3192	3192	10	74	0
2014-06-12	3173	3305	3146	3237	70	66	0
2014-06-16	3226	3226	3209	3209	4	68	0
2014-06-17	3212	3212	3212	3212	2	66	0
2014-06-18	3231	3292	3231	3292	6	72	0
2014-06-20	3309	3309	3243	3243	24	62	0
2014-06-23	3259	3281	3259	3280	24	56	0
2014-06-24	3274	3274	3274	3274	2	56	0
2014-06-25	3304	3305	3254	3294	18	56	0
2014-06-26	3251	3254	3233	3247	18	56	0
2014-06-27	3237	3237	3237	3237	2	54	0
2014-07-03	3238	3281	3238	3265	6	54	0
2014-07-04	3288	3342	3185	3263	100	62	0
2014-07-07	3280	3281	3280	3281	4	62	0
2014-07-08	3265	3281	3261	3267	10	62	0
2014-07-14	3272	3272	3246	3246	4	62	0
2014-07-15	3254	3254	3241	3241	4	60	0
2014-07-16	3264	3275	3262	3265	10	56	0
2014-07-17	3247	3278	3233	3233	14	50	0
2014-07-22	3260	3260	3260	3260	2	50	0
2014-07-24	3257	3257	3257	3257	2	50	0
2014-07-28	3233	3233	3160	3185	30	44	0
2014-07-30	3168	3168	3157	3157	6	44	0
2014-08-01	3140	3171	3138	3157	12	42	0
2014-08-05	3165	3165	3145	3145	4	40	0
2014-08-06	3177	3180	3146	3167	24	46	0
2014-08-07	3171	3171	3171	3171	2	44	0
2014-08-08	3188	3190	3182	3182	14	42	0
2014-08-11	3197	3197	3197	3197	2	40	0
2014-08-12	3191	3192	3191	3192	4	36	0
2014-08-13	3214	3226	3194	3215	12	36	0
2014-08-14	3195	3247	3195	3246	12	38	0
2014-08-19	3227	3227	3227	3227	2	38	0
2014-08-20	3215	3256	3211	3256	6	36	0
2014-08-25	3292	3292	3270	3284	8	36	0
2014-08-28	3246	3374	3246	3374	18	36	0
2014-08-29	3405	3413	3350	3393	30	48	0
2014-09-01	3361	3361	3333	3333	6	44	0
2014-09-02	3336	3336	3336	3336	2	44	0
2014-09-04	3355	3355	3333	3333	6	38	0
2014-09-09	3271	3408	3271	3392	8	40	0
2014-09-10	3340	3340	3340	3340	2	38	0
2014-09-17	3311	3316	3311	3315	12	38	0
2014-09-19	3268	3292	3268	3292	6	36	0
2014-09-22	3258	3258	3258	3258	4	32	0
2014-09-23	3276	3276	3276	3276	2	30	0
2014-09-24	3327	3327	3261	3264	22	34	0
2014-09-25	3251	3251	3212	3212	6	38	0
2014-09-26	3207	3207	3190	3190	4	36	0
2014-09-29	3163	3163	3163	3163	2	36	0
2014-09-30	3115	3115	3086	3086	12	28	0
2014-10-08	3095	3095	3095	3095	2	26	0
2014-10-09	3107	3107	3097	3097	6	20	0
2014-10-14	3178	3178	3178	3178	2	18	0
2014-10-21	3158	3204	3158	3204	6	12	0
2014-10-22	3205	3205	3203	3203	12	12	0
2014-10-24	3255	3301	3255	3301	4	8	0
2014-11-03	3316	3316	3316	3316	2	8	0
2014-11-07	3360	3391	3236	3390	102	8	0
2014-11-10	3368	3368	3368	3368	2	6	0
2014-11-12	3299	3299	3299	3299	2	6	0
2014-11-21	3307	3307	3307	3307	20	6	0
2014-11-28	3179	3179	3179	3179	2	4	0
2014-12-02	3120	3177	3120	3177	4	2	0
2014-12-10	3086	3229	3086	3094	6	2	0
2014-12-16	3089	3089	3089	3089	2	2	0
2014-12-17	3000	3000	3000	3000	2	2	0
2015-03-19	2999	2999	2999	2999	4	2	0
2015-03-20	2901	3117	2901	3117	12	2	0
2015-04-01	2836	3019	2836	3019	8	2	0
2015-04-27	2925	2988	2925	2988	4	2	0
2015-05-08	2925	2988	2925	2988	4	2	0
2015-05-12	3045	3045	2925	2988	12	2	0
2015-05-19	3037	3037	2980	2980	4	2	0
2015-05-25	2993	3053	2993	3053	4	4	0
2015-05-28	3101	3102	3101	3102	2	2	0
2015-06-04	2977	3102	2977	3102	4	2	0
2015-07-30	3233	3233	3020	3174	16	4	0
2015-07-31	3180	3270	3180	3270	4	4	0
2015-08-04	3200	3280	3200	3219	10	4	0
2015-08-05	3260	3360	3260	3360	4	4	0
2015-08-17	3177	3177	3156	3156	6	2	0
2015-08-20	3048	3197	3048	3197	4	2	0
2015-08-24	3010	3010	3010	3010	2	2	0
2015-08-25	2900	2901	2900	2901	6	6	0
2015-08-26	2800	3018	2800	3018	14	6	0
2015-08-27	3105	3105	3105	3105	6	6	0
2015-08-28	3198	3229	3090	3229	6	4	0
2015-08-31	3049	3209	3049	3125	10	4	0
2015-09-30	3061	3101	3061	3101	4	2	0
2016-03-09	2976	2998	2859	2998	14	6	0
2016-03-10	2863	2989	2863	2925	10	2	0
2016-05-05	3142	3201	2825	3142	56	4	0
2016-06-30	3200	3279	3066	3066	40	2	0
2016-07-01	3200	3311	3204	3204	8	4	0
2016-07-04	3293	3298	3293	3298	2	2	0
2016-07-11	3385	3385	3385	3385	20	22	0
2016-07-18	3143	3363	3143	3307	14	26	0
2016-07-20	3312	3341	3186	3186	10	22	0
2016-07-26	3188	3321	3188	3232	34	6	0
2016-07-28	3302	3302	3017	3246	24	6	0
2016-08-02	3266	3353	3192	3192	40	4	0
2016-08-08	3320	3378	3159	3199	18	4	0
2016-08-18	3342	3381	3131	3153	12	4	0
2016-08-30	3143	3143	3143	3143	2	4	0
2016-08-31	3020	3020	2916	2916	2	2	0
2016-09-13	2894	2894	2687	2795	4	4	0
2016-09-29	2857	3082	2857	3082	34	2	0
2016-11-01	3076	3137	3076	3137	4	2	0
2016-11-02	3323	3323	3214	3214	12	4	0
2016-11-04	3214	3214	3214	3214	2	2	0
2016-11-08	3214	3314	3214	3314	6	2	0
2016-11-23	3314	3543	3314	3478	12	2	0
2016-11-28	3488	3498	3345	3498	6	4	0
2016-11-29	3374	3498	3374	3375	6	2	0
2016-12-06	3150	3385	3150	3265	12	6	0
2016-12-08	3281	3336	3281	3323	28	12	0
2016-12-09	3424	3444	3332	3411	20	12	0
2016-12-12	3467	3467	3467	3467	2	14	0
2016-12-13	3424	3488	3424	3480	12	16	0
2016-12-14	3492	3492	3455	3455	8	16	0
2016-12-15	3424	3424	3423	3423	4	14	0
2016-12-16	3427	3427	3427	3427	2	14	0
2016-12-19	3457	3457	3380	3380	12	12	0
2016-12-20	3379	3445	3332	3332	18	12	0
2016-12-21	3337	3337	3337	3337	2	10	0
2016-12-23	3367	3384	3367	3367	8	12	0
2017-01-12	3317	3428	3301	3301	54	12	0
2017-01-13	3275	3302	3275	3302	4	12	0
2017-01-16	3206	3317	3189	3287	22	12	0
2017-01-17	3250	3250	3250	3250	2	10	0
2017-01-18	3280	3280	3228	3228	4	8	0
2017-02-03	3194	3246	3194	3246	4	8	0
2017-02-08	3294	3316	3193	3252	16	8	0
2017-02-10	3179	3215	3179	3215	4	12	0
2017-02-13	3234	3275	3183	3183	8	16	0
2017-02-28	3207	3234	3207	3234	4	16	0
2017-03-01	3181	3189	3181	3189	10	14	0
2017-03-03	3165	3165	3165	3165	6	12	0
2017-03-06	3161	3173	3161	3173	12	24	0
2017-03-07	3175	3177	3175	3177	4	28	0
2017-03-08	3078	3194	3078	3144	12	18	0
2017-03-09	3064	3186	3064	3148	8	16	0
2017-03-16	3135	3135	3133	3133	4	12	0
2017-03-20	3178	3178	3112	3168	8	10	0
2017-03-21	3130	3153	3130	3153	6	10	0
2017-03-23	3150	3199	3150	3199	36	4	0
2017-03-29	3154	3299	3154	3172	16	4	0
2017-03-30	3185	3185	3185	3185	2	2	0
2017-05-11	3225	3225	3185	3185	4	2	0
2017-07-14	3378	3378	3290	3319	12	4	0
2017-07-20	3290	3290	3276	3276	4	2	0
2017-07-24	3217	3217	3217	3217	2	2	0
2017-08-01	3127	3127	3127	3127	2	4	0
2017-08-02	3217	3217	3217	3217	2	2	0
2017-08-03	3344	3344	3201	3239	24	4	0
2017-08-04	3307	3324	3176	3240	18	2	0
2017-08-30	3260	3260	3260	3260	2	2	0
2017-09-21	3241	3330	3241	3259	8	4	0
2017-09-22	3278	3278	3269	3269	2	2	0
2017-09-26	3304	3304	3304	3304	2	2	0
2017-10-18	3178	3182	3001	3135	16	4	0
2017-10-19	3190	3190	3107	3121	6	4	0
2017-10-26	3202	3270	3193	3254	74	12	0
2017-10-27	3328	3328	3227	3287	6	14	0
2017-10-30	3374	3374	3286	3286	4	14	0
2017-10-31	3251	3251	3249	3249	6	10	0
2017-11-08	3286	3286	3171	3223	18	10	0
2017-11-15	3289	3289	3227	3227	4	10	0
2017-11-17	3240	3269	3225	3236	10	8	0
2017-12-08	3329	3329	3218	3218	4	8	0
2017-12-12	3379	3379	3315	3315	4	8	0
2017-12-18	3283	3283	3283	3283	2	8	0
2017-12-20	3287	3287	3287	3287	2	8	0
2017-12-21	3317	3317	3317	3317	2	8	0
2017-12-29	3362	3362	3362	3362	2	10	0
2018-01-02	3390	3390	3327	3327	2	8	0
2018-01-12	3259	3259	3259	3259	2	8	0
2018-01-24	3366	3366	3308	3308	10	10	0
2018-01-26	3267	3373	3222	3274	18	10	0
2018-01-29	3183	3313	3137	3186	18	6	0
2018-02-08	3250	3250	3250	3250	2	4	0
2018-02-28	3166	3166	3166	3166	2	2	0
2018-03-20	2976	3220	2972	3215	830	376	0
2018-03-21	3207	3210	3175	3200	290	184	0
2018-03-22	3219	3225	3174	3174	34	160	0
2018-03-23	3209	3209	3208	3208	4	160	0
2018-03-26	3198	3200	3197	3200	14	152	0
2018-03-28	3199	3199	3199	3199	2	152	0
2018-03-29	3199	3199	3199	3199	2	152	0
2018-03-30	3199	3199	3198	3199	14	140	0
2018-04-02	3198	3199	3198	3199	4	138	0
2018-04-09	3199	3199	3199	3199	40	98	0
2018-04-20	3173	3173	3173	3173	2	98	0
2018-04-23	3097	3204	3097	3204	106	102	0
2018-04-24	3174	3174	3174	3174	2	102	0
2018-04-26	3172	3172	3153	3153	4	104	0
2018-04-27	3036	3172	3036	3172	8	104	0
2018-05-15	3150	3150	3150	3150	2	106	0
2018-05-18	3199	3202	3131	3131	16	104	0
2018-05-23	3277	3277	3135	3200	22	104	0
2018-06-14	3200	3202	3200	3202	86	48	0
2018-06-15	3194	3200	3194	3200	30	18	0
2018-06-19	3177	3268	3177	3268	16	2	0
2018-07-19	3165	3165	3165	3165	4	4	0
2018-07-20	3200	3328	3200	3328	116	74	0
2018-07-23	3360	3417	3192	3220	1956	474	0
2018-07-24	3200	3227	3145	3145	952	582	0
2018-07-25	3129	3138	3009	3045	2700	714	0
2018-07-26	3045	3110	3045	3066	1788	772	0
2018-07-27	3074	3078	3040	3050	1210	650	0
2018-07-30	3067	3105	3028	3034	806	568	0
2018-07-31	3050	3079	3037	3048	304	532	0
2018-08-01	3050	3072	3044	3058	284	532	0
2018-08-02	3053	3060	3035	3043	152	520	0
2018-08-03	3042	3042	2986	3014	312	526	0
2018-08-06	3027	3130	3014	3081	2174	832	0
2018-08-07	3098	3100	3011	3023	974	910	0
2018-08-08	3024	3064	3024	3044	516	904	0
2018-08-09	3049	3079	3045	3058	558	852	0
2018-08-10	3056	3064	3026	3046	352	860	0
2018-08-13	3030	3043	3000	3024	234	866	0
2018-08-14	3033	3033	3007	3009	150	872	0
2018-08-15	3011	3060	3011	3035	560	884	0
2018-08-16	3001	3010	2953	2970	552	874	0
2018-08-17	2972	2989	2965	2968	180	878	0
2018-08-20	2973	2987	2950	2957	224	890	0
2018-08-21	2965	2965	2927	2957	322	826	0
2018-08-22	2968	3000	2956	2956	358	818	0
2018-08-23	2955	2969	2950	2951	100	830	0
2018-08-24	2965	2978	2955	2969	160	778	0
2018-08-27	2970	2975	2954	2960	120	772	0
2018-08-28	2965	2986	2960	2965	114	768	0
2018-08-29	2970	2975	2953	2956	92	782	0
2018-08-30	2958	2964	2942	2953	64	780	0
2018-08-31	2955	2955	2938	2940	26	780	0
2018-09-03	2947	2948	2922	2930	64	776	0
2018-09-04	2934	2934	2923	2924	52	780	0
2018-09-05	2918	2924	2910	2913	112	752	0
2018-09-06	2907	2919	2901	2910	126	740	0
2018-09-07	2902	2922	2902	2917	44	728	0
2018-09-10	2909	2924	2909	2919	44	720	0
2018-09-11	2914	2916	2910	2914	24	724	0
2018-09-12	2915	2986	2915	2933	154	702	0
2018-09-13	2923	2940	2922	2922	34	708	0
2018-09-14	2922	2923	2916	2918	32	704	0
2018-09-17	2917	2917	2901	2910	44	706	0
2018-09-18	2899	2909	2899	2903	30	724	0
2018-09-19	2905	2905	2896	2898	36	738	0
2018-09-20	2890	2904	2890	2897	30	732	0
2018-09-21	2903	2905	2892	2892	60	730	0
2018-09-25	2899	2905	2898	2901	40	730	0
2018-09-26	2910	2920	2910	2917	54	726	0
2018-09-27	2923	2923	2901	2902	30	714	0
2018-09-28	2907	2908	2890	2901	66	710	0
2018-10-08	2905	2919	2905	2917	74	716	0
2018-10-09	2929	2961	2929	2949	218	728	0
2018-10-10	2935	2965	2935	2950	168	738	0
2018-10-11	2945	2946	2918	2935	112	734	0
2018-10-12	2936	2965	2933	2947	166	734	0
2018-10-15	2951	2965	2936	2940	82	734	0
2018-10-16	2942	2945	2931	2936	98	734	0
2018-10-17	2936	2960	2935	2948	96	740	0
2018-10-18	2954	2965	2931	2931	238	778	0
2018-10-19	2930	2939	2921	2925	226	782	0
2018-10-22	2931	2940	2928	2933	74	784	0
2018-10-23	2939	2940	2905	2907	88	778	0
2018-10-24	2905	2923	2861	2863	342	758	0
2018-10-25	2854	2866	2848	2855	146	756	0
2018-10-26	2850	2896	2850	2877	208	754	0
2018-10-29	2863	2899	2863	2875	300	770	0
2018-10-30	2867	2876	2861	2862	78	770	0
2018-10-31	2892	2892	2865	2879	72	784	0
2018-11-01	2868	2878	2862	2865	130	768	0
2018-11-02	2855	2860	2850	2855	96	756	0
2018-11-05	2877	2877	2859	2865	38	762	0
2018-11-06	2865	2873	2855	2868	58	772	0
2018-11-07	2857	2863	2857	2859	40	768	0
2018-11-08	2857	2874	2856	2864	132	752	0
2018-11-09	2857	2865	2850	2864	42	740	0
2018-11-12	2855	2868	2855	2859	18	746	0
2018-11-13	2871	2873	2858	2858	26	746	0
2018-11-14	2863	2868	2853	2861	26	738	0
2018-11-15	2851	2871	2851	2863	38	734	0
2018-11-16	2863	2871	2855	2866	34	734	0
2018-11-19	2867	2867	2858	2858	28	736	0
2018-11-20	2853	2861	2852	2861	34	736	0
2018-11-21	2850	2855	2834	2854	84	700	0
2018-11-22	2851	2866	2846	2852	86	656	0
2018-11-23	2851	2853	2848	2853	22	644	0
2018-11-26	2851	2861	2847	2847	42	630	0
2018-11-27	2850	2850	2847	2847	10	624	0
2018-11-28	2851	2856	2851	2856	14	626	0
2018-11-29	2874	2874	2859	2867	38	628	0
2018-11-30	2851	2857	2846	2855	48	606	0
2018-12-03	2851	2859	2851	2851	24	606	0
2018-12-04	2856	2856	2856	2856	2	606	0
2018-12-05	2851	2858	2851	2857	6	606	0
2018-12-06	2851	2864	2851	2851	8	606	0
2018-12-07	2850	2858	2842	2842	12	604	0
2018-12-10	2845	2845	2845	2845	2	602	0
2018-12-11	2846	2852	2837	2852	26	604	0
2018-12-12	2854	2854	2846	2850	14	600	0
2018-12-13	2846	2849	2842	2845	14	598	0
2018-12-14	2846	2846	2846	2846	6	598	0
2018-12-17	2846	2846	2846	2846	4	596	0
2018-12-18	2845	2845	2845	2845	2	594	0
2018-12-19	2845	2845	2842	2842	6	592	0
2018-12-20	2845	2849	2843	2843	14	590	0
2018-12-21	2845	2845	2841	2841	8	586	0
2018-12-24	2845	2850	2840	2840	14	584	0
2018-12-25	2840	2849	2840	2849	20	584	0
2018-12-26	2840	2853	2840	2853	16	580	0
2018-12-27	2849	2860	2849	2851	30	580	0
2018-12-28	2841	2862	2841	2856	16	586	0
2019-01-02	2860	2875	2856	2865	42	572	0
2019-01-03	2852	2868	2847	2853	24	570	0
2019-01-04	2862	2875	2862	2865	40	570	0
2019-01-07	2866	2866	2866	2866	18	570	0
2019-01-08	2869	2874	2861	2872	46	572	0
2019-01-09	2872	2872	2866	2872	14	572	0
2019-01-10	2878	2878	2864	2864	10	570	0
2019-01-11	2848	2872	2848	2862	10	568	0
2019-01-14	2863	2863	2862	2862	8	568	0
2019-01-15	2854	2861	2852	2852	14	568	0
2019-01-16	2850	2864	2850	2864	10	568	0
2019-01-17	2851	2860	2851	2860	6	568	0
2019-01-18	2853	2853	2853	2853	4	568	0
2019-01-21	2849	2855	2844	2850	44	568	0
2019-01-22	2853	2867	2853	2860	48	570	0
2019-01-23	2864	2864	2856	2856	8	568	0
2019-01-24	2856	2864	2846	2860	14	576	0
2019-01-25	2856	2856	2851	2854	24	568	0
2019-01-28	2907	2907	2845	2852	98	568	0
2019-01-29	2847	2853	2847	2853	4	568	0
2019-01-30	2845	2851	2845	2850	12	568	0
2019-01-31	2841	2845	2817	2840	52	542	0
2019-02-01	2841	2841	2838	2838	26	538	0
2019-02-11	2840	2859	2840	2852	26	536	0
2019-02-12	2851	2853	2851	2853	10	538	0
2019-02-13	2851	2851	2845	2845	20	538	0
2019-02-14	2850	2902	2850	2868	614	614	0
2019-02-15	2869	2890	2844	2850	338	622	0
2019-02-18	2865	2865	2826	2852	222	632	0
2019-02-19	2853	2869	2846	2850	154	614	0
2019-02-20	2845	2852	2839	2842	60	638	0
2019-02-21	2840	2847	2840	2841	42	638	0
2019-02-22	2838	2865	2836	2850	130	590	0
2019-02-25	2851	2851	2837	2851	64	602	0
2019-02-26	2850	2853	2846	2849	40	580	0
2019-02-27	2854	2861	2849	2851	70	552	0
2019-02-28	2853	2862	2853	2862	20	550	0
2019-03-01	2861	2885	2858	2865	72	548	0
2019-03-04	2866	2866	2861	2861	16	548	0
2019-03-05	2862	2862	2857	2860	14	548	0
2019-03-06	2859	2859	2850	2858	30	538	0
2019-03-07	2864	2877	2858	2866	56	558	0
2019-03-08	2866	2866	2855	2862	46	536	0
2019-03-11	2859	2887	2855	2887	50	542	0
2019-03-12	2891	2938	2877	2878	354	658	0
2019-03-13	2875	2875	2859	2859	74	660	0
2019-03-14	2862	2871	2860	2871	34	660	0
2019-03-15	2863	2867	2860	2860	18	660	0
2019-03-18	2871	2877	2859	2876	62	664	0
2019-03-19	2880	2886	2869	2882	24	666	0
2019-03-20	2875	2891	2875	2884	58	662	0
2019-03-21	2876	2891	2876	2885	20	660	0
2019-03-22	2879	2889	2872	2872	30	660	0
2019-03-25	2868	2878	2862	2863	44	652	0
2019-03-26	2864	2864	2864	2864	2	652	0
2019-03-27	2866	2866	2850	2850	22	650	0
2019-03-28	2850	2856	2850	2852	34	640	0
2019-03-29	2853	2862	2850	2850	16	634	0
2019-04-01	2856	2868	2852	2862	28	634	0
2019-04-02	2858	2858	2858	2858	2	634	0
2019-04-03	2855	2863	2849	2852	56	614	0
2019-04-04	2855	2862	2852	2853	26	614	0
2019-04-08	2851	2857	2851	2854	14	614	0
2019-04-09	2853	2867	2853	2863	44	614	0
2019-04-10	2869	2869	2859	2859	14	614	0
2019-04-11	2857	2857	2853	2853	8	614	0
2019-04-12	2853	2868	2853	2864	44	592	0
2019-04-15	2871	2884	2870	2870	28	572	0
2019-04-16	2872	2873	2870	2873	14	570	0
2019-04-17	2870	2884	2870	2884	8	570	0
2019-04-18	2871	2882	2871	2882	24	558	0
2019-04-19	2873	2876	2847	2873	236	382	0
2019-04-22	2876	2900	2876	2876	42	382	0
2019-04-23	2881	2881	2878	2878	4	382	0
2019-04-24	2882	2883	2875	2875	12	378	0
2019-04-25	2875	2881	2872	2872	20	366	0
2019-04-26	2872	2899	2872	2889	26	354	0
2019-04-29	2895	2910	2882	2882	28	354	0
2019-04-30	2880	2882	2875	2875	24	352	0
2019-05-06	2877	2877	2877	2877	24	336	0
2019-05-07	2880	2895	2879	2879	8	336	0
2019-05-09	2881	2895	2881	2883	18	334	0
2019-05-10	2892	2892	2878	2888	20	336	0
2019-05-13	2884	2884	2884	2884	26	336	0
2019-05-14	2886	2890	2875	2875	80	292	0
2019-05-15	2880	2880	2876	2877	14	290	0
2019-05-16	2878	2878	2875	2876	20	288	0
2019-05-17	2875	2879	2875	2876	12	284	0
2019-05-20	2879	2884	2875	2884	24	270	0
2019-05-21	2878	2900	2877	2885	24	272	0
2019-05-22	2895	2899	2883	2883	36	268	0
2019-05-23	2876	2876	2875	2875	22	254	0
2019-05-24	2875	2875	2875	2875	10	244	0
2019-05-27	2885	2885	2885	2885	2	242	0
2019-05-28	2899	2899	2875	2876	10	238	0
2019-06-03	2875	2965	2772	2851	46	208	0
2019-06-04	2887	2887	2875	2875	8	204	0
2019-06-05	2876	2876	2875	2875	6	198	0
2019-06-06	2875	2875	2875	2875	16	182	0
2019-06-10	2879	2910	2879	2895	56	188	0
2019-06-11	2885	2885	2882	2883	10	178	0
2019-06-12	2878	2878	2876	2876	6	172	0
2019-06-13	2885	2888	2885	2888	6	168	0
2019-06-14	2876	2930	2872	2881	84	118	0
2019-06-18	2903	2903	2903	2903	12	106	0
2019-06-19	2906	2954	2905	2907	24	94	0
2019-06-20	2925	2925	2914	2914	18	86	0
2019-06-21	2915	2915	2914	2914	24	62	0
2019-06-24	2916	2942	2914	2916	12	52	0
2019-06-25	2916	2916	2915	2915	18	34	0
2019-06-26	2916	2916	2914	2915	12	22	0
2019-06-27	2915	2956	2915	2921	14	14	0
2019-06-28	3035	3042	2808	2814	96	2	0
2019-08-19	3170	3273	3170	3228	54	6	0
2019-08-20	3151	3239	3086	3136	26	8	0
2019-08-21	3088	3132	2971	2986	54	12	0
2019-08-23	2954	2958	2954	2958	4	12	0
2019-08-26	2942	2975	2942	2970	8	10	0
2019-08-30	3008	3008	2900	2900	2	8	0
2019-09-09	2962	3002	2962	3000	20	8	0
2019-09-10	3006	3006	2971	2971	4	6	0
2019-09-16	3109	3109	2895	2943	6	4	0
2019-09-23	2871	3079	2871	3020	8	4	0
2019-09-24	3077	3098	3051	3051	16	4	0
2019-09-26	3005	3066	2975	3066	8	4	0
2019-10-15	3011	3066	3011	3066	4	4	0
2019-10-16	2868	2940	2868	2868	6	4	0
2019-11-19	2890	2983	2890	2983	4	4	0
2019-11-20	2870	2930	2870	2930	6	2	0
2019-11-25	2778	2790	2778	2790	4	2	0
2019-11-28	2890	2890	2782	2782	4	4	0
2019-11-29	2836	2836	2836	2836	2	2	0
2019-12-09	2749	2870	2749	2870	4	2	0
2019-12-10	2761	2820	2761	2820	4	2	0
2020-02-12	3119	3119	3119	3119	6	3	0
2020-02-14	3065	3065	3064	3064	4	5	0
2020-02-17	3129	3159	3104	3143	99	43	0
2020-02-18	3142	3199	3084	3097	251	113	0
2020-02-19	3039	3043	3013	3014	512	289	0
2020-02-20	3004	3007	2955	2965	330	380	0
2020-02-21	2929	2929	2929	2929	219	362	0
2020-02-24	2915	2966	2915	2929	252	451	0
2020-02-25	2939	2943	2922	2935	109	436	0
2020-02-26	2949	2952	2923	2924	100	451	0
2020-02-27	2923	2927	2905	2912	42	468	0
2020-02-28	2907	2923	2892	2900	101	429	0
2020-03-02	2866	2888	2859	2883	84	431	0
2020-03-03	2866	2884	2860	2879	80	445	0
2020-03-04	2880	2883	2869	2876	58	450	0
2020-03-05	2873	2883	2871	2879	37	449	0
2020-03-06	2876	2883	2875	2878	31	455	0
2020-03-09	2866	2875	2782	2797	209	443	0
2020-03-10	2789	2808	2788	2800	92	449	0
2020-03-11	2816	2816	2798	2799	32	452	0
2020-03-12	2787	2799	2785	2786	41	450	0
2020-03-13	2725	2789	2713	2788	63	450	0
2020-03-16	2768	2788	2767	2767	32	455	0
2020-03-17	2769	2771	2736	2765	32	461	0
2020-03-18	2761	2769	2756	2756	32	466	0
2020-03-19	2731	2772	2731	2764	392	455	0
2020-03-20	2786	2786	2745	2751	54	447	0
2020-03-23	2761	2789	2755	2786	81	487	0
2020-03-24	2807	2807	2779	2804	99	467	0
2020-03-25	2769	2807	2769	2788	82	470	0
2020-03-26	2781	2838	2781	2829	196	479	0
2020-03-27	2877	2927	2858	2909	491	478	0
2020-03-30	2916	3008	2916	3007	1024	742	0
2020-03-31	2997	3008	2953	2970	542	759	0
2020-04-01	2977	2977	2929	2942	339	701	0
2020-04-02	2943	2967	2920	2955	317	649	0
2020-04-03	2954	2963	2907	2915	365	601	0
2020-04-07	2933	2936	2921	2934	129	628	0
2020-04-08	2930	2932	2915	2931	74	644	0
2020-04-09	2922	2973	2922	2929	118	643	0
2020-04-10	2931	2937	2922	2928	135	603	0
2020-04-13	2915	2927	2907	2912	155	572	0
2020-04-14	2900	2917	2900	2911	75	563	0
2020-04-15	2924	2924	2909	2909	89	539	0
2020-04-16	2913	2915	2908	2912	24	529	0
2020-04-17	2919	2944	2913	2921	65	535	0
2020-04-20	2931	2947	2922	2938	53	542	0
2020-04-21	2924	2932	2903	2927	51	514	0
2020-04-22	2934	2939	2915	2925	38	498	0
2020-04-23	2925	2931	2923	2923	18	498	0
2020-04-24	2931	2933	2926	2932	36	497	0
2020-04-27	2922	2930	2915	2924	39	480	0
2020-04-28	2922	2923	2914	2920	51	470	0
2020-04-29	2925	2930	2920	2921	22	461	0
2020-04-30	2919	2919	2870	2875	75	469	0
2020-05-06	2870	2880	2816	2823	98	446	0
2020-05-07	2831	2835	2807	2821	40	444	0
2020-05-08	2836	2836	2752	2808	98	430	0
2020-05-11	2811	2815	2808	2810	13	427	0
2020-05-12	2778	2813	2778	2805	46	426	0
2020-05-13	2807	2811	2807	2811	5	427	0
2020-05-14	2808	2808	2785	2790	20	423	0
2020-05-15	2787	2807	2787	2807	14	417	0
2020-05-18	2799	2807	2799	2807	16	407	0
2020-05-19	2836	2837	2796	2808	25	405	0
2020-05-20	2804	2808	2802	2808	13	405	0
2020-05-21	2817	2817	2798	2799	16	404	0
2020-05-22	2802	2808	2800	2807	14	403	0
2020-05-25	2800	2819	2791	2810	60	362	0
2020-05-26	2809	2812	2809	2809	8	356	0
2020-05-27	2805	2817	2805	2817	18	359	0
2020-05-28	2839	2839	2812	2812	13	359	0
2020-05-29	2810	2817	2809	2812	31	347	0
2020-06-01	2811	2813	2806	2809	13	343	0
2020-06-02	2805	2805	2797	2801	10	345	0
2020-06-03	2779	2804	2778	2803	38	350	0
2020-06-04	2807	2807	2801	2801	11	346	0
2020-06-05	2802	2802	2802	2802	3	343	0
2020-06-08	2796	2796	2783	2795	43	329	0
2020-06-09	2788	2799	2787	2799	41	332	0
2020-06-10	2799	2799	2794	2794	2	331	0
2020-06-11	2796	2801	2794	2801	14	335	0
2020-06-12	2798	2810	2798	2801	36	333	0
2020-06-15	2810	2820	2800	2800	35	310	0
2020-06-16	2793	2806	2793	2806	31	297	0
2020-06-17	2800	2805	2800	2804	7	298	0
2020-06-18	2798	2801	2795	2796	29	298	0
2020-06-19	2807	2807	2794	2795	8	295	0
2020-06-22	2794	2798	2791	2798	25	277	0
2020-06-23	2793	2802	2785	2801	47	265	0
2020-06-24	2791	2794	2771	2785	53	264	0
2020-06-29	2792	2792	2756	2756	75	219	0
2020-06-30	2730	2730	2703	2727	167	186	0
2020-07-01	2745	2745	2735	2735	62	154	0
2020-07-03	2754	2754	2746	2746	12	155	0
2020-07-07	2750	2750	2749	2749	17	154	0
2020-07-08	2747	2751	2722	2751	15	156	0
2020-07-09	2742	2744	2742	2744	4	155	0
2020-07-10	2742	2742	2741	2741	2	157	0
2020-07-13	2750	2758	2748	2758	33	166	0
2020-07-14	2750	2763	2750	2760	16	165	0
2020-07-15	2754	2754	2747	2747	10	165	0
2020-07-16	2747	2756	2747	2754	12	165	0
2020-07-17	2749	2753	2748	2752	13	172	0
2020-07-20	2760	2765	2748	2748	14	171	0
2020-07-21	2764	2778	2757	2773	15	175	0
2020-07-22	2763	2771	2745	2765	46	165	0
2020-07-23	2756	2772	2756	2772	28	168	0
2020-07-24	2780	2783	2760	2763	18	163	0
2020-07-27	2760	2760	2748	2751	18	162	0
2020-07-28	2771	2811	2762	2771	66	161	0
2020-07-29	2779	2793	2772	2788	40	165	0
2020-07-30	2781	2781	2771	2771	5	163	0
2020-07-31	2761	2770	2754	2770	8	163	0
2020-08-03	2758	2769	2751	2759	18	164	0
2020-08-04	2758	2778	2753	2770	22	168	0
2020-08-05	2771	2775	2762	2768	30	164	0
2020-08-06	2775	2777	2748	2755	23	161	0
2020-08-07	2750	2752	2740	2744	32	177	0
2020-08-10	2735	2740	2735	2740	23	186	0
2020-08-11	2731	2740	2724	2732	16	190	0
2020-08-12	2711	2720	2665	2665	113	196	0
2020-08-13	2670	2698	2660	2685	151	216	0
2020-08-14	2677	2682	2641	2648	88	220	0
2020-08-17	2673	2673	2641	2656	43	217	0
2020-08-18	2644	2667	2644	2659	28	228	0
2020-08-19	2668	2668	2650	2662	21	224	0
2020-08-20	2660	2684	2648	2658	32	227	0
2020-08-21	2654	2670	2649	2665	59	225	0
2020-08-24	2663	2677	2655	2675	45	219	0
2020-08-25	2667	2681	2660	2678	33	213	0
2020-08-26	2674	2675	2667	2672	36	200	0
2020-08-27	2669	2679	2669	2679	40	204	0
2020-08-28	2671	2695	2670	2694	42	174	0
2020-08-31	2704	2764	2694	2750	103	167	0
2020-09-02	2778	2784	2774	2784	24	160	0
2020-09-07	2766	2766	2762	2762	2	155	0
2020-09-09	2772	2772	2771	2771	2	155	0
2020-09-11	2752	2752	2735	2735	3	154	0
2020-09-14	2743	2763	2743	2762	16	146	0
2020-09-15	2769	2787	2769	2774	5	144	0
2020-09-17	2774	2774	2774	2774	6	142	0
2020-09-18	2778	2780	2769	2769	17	136	0
2020-09-21	2779	2787	2767	2787	12	132	0
2020-09-22	2792	2809	2764	2794	45	128	0
2020-09-23	2795	2795	2788	2788	4	128	0
2020-09-25	2777	2777	2770	2777	3	129	0
2020-09-28	2755	2778	2755	2778	13	129	0
2020-09-29	2749	2749	2731	2739	7	128	0
2020-09-30	2723	2723	2679	2686	14	121	0
2020-10-09	2750	2755	2740	2740	9	123	0
2020-10-12	2744	2760	2744	2744	12	122	0
2020-10-13	2744	2771	2741	2771	9	123	0
2020-10-14	2771	2771	2744	2744	3	122	0
2020-10-15	2770	2770	2747	2747	6	122	0
2020-10-16	2747	2762	2747	2762	5	124	0
2020-10-19	2758	2771	2758	2761	13	124	0
2020-10-20	2753	2761	2746	2756	9	121	0
2020-10-21	2762	2779	2762	2779	3	118	0
2020-10-22	2796	2874	2771	2845	35	114	0
2020-10-23	2879	2895	2839	2867	46	116	0
2020-10-26	2850	2931	2850	2919	26	123	0
2020-10-27	2911	2911	2884	2896	17	116	0
2020-10-29	2994	3033	2923	2945	43	116	0
2020-10-30	3007	3054	2985	3002	45	102	0
2020-11-02	2963	2963	2963	2963	17	99	0
2020-11-03	2949	2949	2948	2949	3	99	0
2020-11-04	2922	2948	2922	2948	3	99	0
2020-11-05	2947	2967	2914	2925	9	99	0
2020-11-06	2920	2920	2883	2892	12	93	0
2020-11-09	2851	2851	2851	2851	6	93	0
2020-11-10	2848	2848	2820	2820	4	94	0
2020-11-11	2819	2849	2799	2824	11	90	0
2020-11-12	2835	2835	2835	2835	1	89	0
2020-11-13	2845	2845	2825	2825	2	89	0
2020-11-16	2847	2847	2847	2847	12	84	0
2020-11-17	2858	2858	2858	2858	1	84	0
2020-11-18	2858	2858	2858	2858	1	84	0
2020-11-20	2833	2895	2824	2857	6	82	0
2020-11-24	2827	2827	2827	2827	1	82	0
2020-11-26	2857	2925	2852	2925	28	62	0
2020-11-27	2956	2985	2948	2964	17	64	0
2020-11-30	2986	2986	2900	2932	13	56	0
2020-12-01	2925	2925	2924	2924	3	53	0
2020-12-07	2859	2859	2844	2855	5	52	0
2020-12-10	2763	2832	2763	2786	4	52	0
2020-12-11	2795	2796	2753	2796	7	53	0
2020-12-14	2736	2736	2736	2736	5	52	0
2020-12-15	2733	2733	2733	2733	1	51	0
2020-12-17	2789	2789	2714	2714	2	51	0
2020-12-21	2728	2781	2728	2781	5	49	0
2020-12-22	2740	2740	2709	2737	5	46	0
2020-12-23	2707	2716	2707	2716	3	44	0
2020-12-24	2691	2691	2691	2691	13	32	0
2020-12-28	2651	2651	2651	2651	6	31	0
2020-12-29	2621	2780	2559	2597	79	21	0
2020-12-30	2537	2569	2469	2503	52	18	0
2020-12-31	2485	2576	2445	2445	32	4	0
2021-01-04	2459	2654	2459	2654	14	8	0
2021-01-05	2879	2879	2700	2800	63	19	0
2021-01-06	2849	2959	2849	2958	148	47	0
2021-01-07	2933	3028	2930	2951	304	79	0
2021-01-08	2951	2980	2898	2909	60	72	0
2021-01-11	2881	2881	2861	2869	39	54	0
2021-01-12	2895	2964	2895	2946	52	55	0
2021-01-13	3028	3028	2808	2880	56	51	0
2021-01-14	2860	2919	2860	2917	9	49	0
2021-01-15	2911	2948	2909	2915	13	52	0
2021-01-18	2957	2970	2940	2940	8	48	0
2021-01-19	2999	3018	2991	2992	19	49	0
2021-01-20	2970	2997	2956	2985	6	50	0
2021-01-21	2951	3000	2951	2960	4	50	0
2021-01-22	2990	2990	2930	2930	9	47	0
2021-01-25	2899	2899	2899	2899	22	41	0
2021-01-26	2936	2936	2872	2917	27	54	0
2021-01-27	2920	2920	2914	2914	4	51	0
2021-01-28	2962	2962	2884	2884	19	64	0
2021-01-29	2900	2946	2892	2946	24	72	0
2021-02-01	2909	2940	2874	2933	35	80	0
2021-02-02	2917	2975	2917	2952	35	76	0
2021-02-03	2961	2971	2954	2955	11	78	0
2021-02-04	2960	2960	2898	2898	35	73	0
2021-02-05	2894	2919	2882	2889	24	74	0
2021-02-08	2899	2899	2877	2882	11	72	0
2021-02-09	2881	2881	2861	2861	12	69	0
2021-02-10	2877	2916	2862	2862	9	70	0
2021-02-18	2838	2880	2838	2880	4	70	0
2021-02-22	2853	2906	2853	2890	8	70	0
2021-02-23	2885	2912	2885	2890	17	70	0
2021-02-24	2891	2904	2875	2904	14	71	0
2021-02-25	2918	2924	2901	2924	14	72	0
2021-02-26	2900	2922	2835	2835	19	73	0
2021-03-01	2852	2870	2851	2855	8	70	0
2021-03-03	2864	2879	2863	2879	30	51	0
2021-03-04	2843	2858	2842	2847	12	50	0
2021-03-05	2840	2840	2839	2840	4	49	0
2021-03-08	2880	2880	2830	2843	8	49	0
2021-03-09	2825	2825	2785	2785	6	49	0
2021-03-10	2777	2813	2777	2787	15	42	0
2021-03-11	2827	2827	2790	2813	3	43	0
2021-03-15	2824	2824	2824	2824	1	43	0
2021-03-17	2824	2824	2824	2824	1	43	0
2021-03-18	2789	2814	2789	2794	4	42	0
2021-03-19	2805	2827	2784	2827	5	40	0
2021-03-22	2772	2772	2772	2772	8	36	0
2021-03-24	2818	2818	2757	2801	20	40	0
2021-03-25	2801	2803	2801	2803	3	37	0
2021-03-30	2773	2828	2773	2828	3	38	0
2021-03-31	2805	2805	2805	2805	1	37	0
2021-04-06	2797	2797	2797	2797	2	36	0
2021-04-08	2809	2809	2809	2809	23	36	0
2021-04-09	2816	2816	2772	2805	3	35	0
2021-04-13	2770	2797	2770	2794	3	34	0
2021-04-14	2801	2852	2801	2836	5	35	0
2021-04-15	2809	2854	2801	2854	30	32	0
2021-04-16	2809	2809	2809	2809	1	31	0
2021-04-23	2862	2862	2790	2790	7	31	0
2021-04-28	2785	2788	2781	2787	5	27	0
2021-04-29	2790	2810	2788	2793	5	24	0
2021-04-30	2738	2738	2713	2713	30	20	0
2021-05-06	2791	2822	2711	2711	20	13	0
2021-05-10	2720	2785	2711	2730	14	13	0
2021-05-11	2740	2765	2734	2738	8	16	0
2021-05-12	2677	2779	2677	2743	4	15	0
2021-05-13	2776	2807	2759	2759	6	15	0
2021-05-18	2780	2781	2742	2742	4	15	0
2021-05-19	2733	2745	2733	2745	2	15	0
2021-05-20	2766	2766	2709	2737	7	15	0
2021-05-21	2741	2741	2710	2710	2	15	0
2021-05-24	2733	2779	2730	2733	7	16	0
2021-05-25	2720	2766	2720	2766	3	15	0
2021-05-26	2721	2721	2721	2721	1	15	0
2021-06-01	2721	2721	2701	2701	3	16	0
2021-06-02	2680	2680	2680	2680	1	16	0
2021-06-03	2677	2677	2677	2677	1	16	0
2021-06-07	2698	2698	2698	2698	3	17	0
2021-06-16	2660	2703	2660	2703	3	16	0
2021-06-23	2706	2706	2655	2655	2	16	0
2021-06-24	2652	2673	2580	2652	10	15	0
2021-06-25	2651	2651	2651	2651	1	15	0
2021-06-29	2676	2676	2627	2627	6	15	0
2021-06-30	2647	2708	2647	2653	20	15	0
2021-07-01	2636	2636	2611	2611	3	16	0
2021-07-02	2650	2650	2600	2633	8	16	0
2021-07-06	2628	2635	2628	2635	2	16	0
2021-07-07	2601	2645	2601	2628	9	16	0
2021-07-09	2601	2601	2601	2601	1	16	0
2021-07-12	2601	2601	2601	2601	1	16	0
2021-07-13	2631	2631	2622	2622	5	17	0
2021-07-15	2600	2600	2590	2590	3	14	0
2021-07-16	2630	2630	2594	2594	2	14	0
2021-07-19	2585	2585	2582	2582	2	14	0
2021-07-20	2516	2629	2516	2572	11	14	0
2021-07-21	2572	2616	2572	2582	17	15	0
2021-07-22	2610	2629	2590	2615	20	14	0
2021-07-23	2609	2624	2609	2624	4	12	0
2021-07-26	2586	2638	2586	2638	2	12	0
2021-07-27	2590	2618	2580	2618	3	11	0
2021-07-28	2623	2623	2623	2623	1	12	0
2021-07-29	2594	2638	2594	2638	3	11	0
2021-07-30	2592	2679	2592	2601	11	11	0
2021-08-03	2583	2628	2574	2574	6	11	0
2021-08-04	2581	2581	2581	2581	1	11	0
2021-08-05	2609	2609	2552	2599	6	11	0
2021-08-06	2552	2561	2550	2561	4	10	0
2021-08-09	2599	2599	2562	2562	5	10	0
2021-08-10	2554	2554	2549	2552	3	10	0
2021-08-12	2552	2620	2538	2550	7	9	0
2021-08-13	2570	2570	2570	2570	1	9	0
2021-08-16	2619	2687	2619	2658	7	11	0
2021-08-17	2610	2610	2581	2599	7	11	0
2021-08-18	2630	2650	2558	2599	5	10	0
2021-08-19	2697	2710	2625	2640	7	10	0
2021-08-20	2594	2792	2590	2630	10	10	0
2021-08-23	2610	2769	2610	2769	24	11	0
2021-08-24	2810	2810	2810	2810	1	11	0
2021-08-25	2897	2930	2760	2772	14	9	0
2021-08-26	2965	2970	2800	2937	24	12	0
2021-08-27	2948	2980	2736	2828	42	9	0
2021-08-30	2667	2760	2667	2760	8	9	0
2021-08-31	2464	2699	2464	2470	74	2	0
2021-09-01	2389	2389	2389	2389	2	2	0
2021-09-08	2779	2779	2676	2676	2	1	0
2021-09-09	2701	2776	2682	2776	11	4	0
2021-09-10	2769	2799	2690	2779	12	1	0
2021-09-13	2704	2789	2704	2789	2	1	0
2021-09-16	2716	2810	2716	2810	8	3	0
2021-09-17	2799	2850	2799	2850	11	5	0
2021-09-22	2812	2812	2812	2812	3	5	0
2021-09-23	2802	2842	2736	2776	6	4	0
2021-09-27	2830	2830	2738	2819	4	3	0
2021-09-29	2749	2749	2749	2749	1	4	0
2021-09-30	2699	2700	2620	2640	6	4	0
2021-10-12	2720	2720	2720	2720	1	1	0
2021-10-14	2602	2657	2562	2562	3	1	0
2021-10-15	2682	2813	2543	2654	29	2	0
2021-10-18	2761	2761	2761	2761	1	3	0
2021-10-19	2709	2787	2707	2779	6	3	0
2021-10-20	2695	2695	2695	2695	1	2	0
2021-10-21	2649	2718	2640	2686	6	2	0
2021-10-26	2621	2621	2581	2620	3	2	0
2021-10-29	2697	2700	2597	2700	9	5	0
2021-11-01	2808	2808	2622	2808	59	21	0
2021-11-02	2808	2889	2735	2787	159	31	0
2021-11-03	2809	2813	2756	2766	23	30	0
2021-11-04	2763	2810	2763	2792	24	31	0
2021-11-05	2808	2808	2744	2765	24	28	0
2021-11-08	2705	2796	2705	2744	10	26	0
2021-11-09	2726	2799	2723	2747	30	26	0
2021-11-11	2667	2762	2667	2736	19	29	0
2021-11-12	2795	2795	2730	2750	21	25	0
2021-11-15	2782	2782	2703	2703	21	35	0
2021-11-16	2707	2768	2707	2732	18	23	0
2021-11-17	2753	2753	2731	2733	4	23	0
2021-11-18	2745	2762	2738	2738	3	22	0
2021-11-22	2739	2770	2732	2732	4	22	0
2021-11-26	2739	2763	2739	2755	5	22	0
2021-12-02	2736	2790	2736	2790	2	21	0
2021-12-03	2787	2787	2742	2742	4	21	0
2021-12-13	2706	2780	2682	2688	23	23	0
2021-12-15	2709	2754	2709	2726	3	21	2713
2021-12-17	2764	2765	2724	2760	7	20	0
2021-12-21	2746	2746	2746	2746	15	16	0
2021-12-22	2663	2738	2636	2696	15	11	0
2021-12-23	2635	2749	2635	2700	8	7	0
2021-12-27	2722	2722	2722	2722	1	6	0
2021-12-31	2702	2702	2702	2702	1	5	0
2022-03-10	2960	2960	2576	2906	84	9	0
2022-03-11	2985	2985	2863	2956	44	8	0
2022-03-14	2946	2946	2946	2946	346	43	0
2022-03-15	2901	3004	2901	2923	41	41	0
2022-05-10	2829	2829	2829	2829	1	21	0
数据来源:通达信
