LHL9 生猪指数 日线 前复权
      日期	    开盘	    最高	    最低	    收盘	    成交量	    持仓量	    结算价
2021-01-11	25880	26290	25545	25605	27778	21072	0
2021-01-12	25305	25845	24905	25230	43508	20569	0
2021-01-13	25870	25960	25370	25505	17953	20609	0
2021-01-14	25590	25755	24450	24485	27387	22999	0
2021-01-15	24610	24720	24080	24325	22871	23045	0
2021-01-18	24535	25355	24500	24765	21896	22713	0
2021-01-19	24910	24990	24525	24645	9595	22069	0
2021-01-20	24480	24700	24350	24545	8542	21802	0
2021-01-21	24680	24795	24440	24505	7182	21492	0
2021-01-22	24450	24645	24195	24225	8615	21617	0
2021-01-25	24430	24895	24285	24610	12299	20809	0
2021-01-26	24760	25425	24625	25265	19418	21617	0
2021-01-27	25235	25330	24945	25010	8909	21553	0
2021-01-28	24775	25260	24775	24925	9292	21075	0
2021-01-29	25065	25325	25025	25255	9424	21214	0
2021-02-01	25295	25375	25115	25365	6871	22172	0
2021-02-02	25420	25685	25000	25070	13011	22823	0
2021-02-03	25110	25230	24900	25005	7800	22620	0
2021-02-04	25115	25170	24950	25120	4560	22682	0
2021-02-05	25300	25815	25225	25810	9799	23655	0
2021-02-08	26475	27060	26375	26585	16323	24606	0
2021-02-09	26725	26765	26145	26540	7714	24081	0
2021-02-10	26515	26520	26225	26415	4901	24158	0
2021-02-18	26460	26795	26365	26745	7028	25364	0
2021-02-19	26890	28035	26875	27970	18942	27175	0
2021-02-22	27910	29015	27825	28950	19253	24885	0
2021-02-23	28770	28790	27685	28530	18735	22556	0
2021-02-24	28755	28845	28175	28470	11260	21339	0
2021-02-25	28425	28625	28220	28455	8192	20507	0
2021-02-26	28110	28825	28060	28575	10272	20287	0
2021-03-01	28755	28960	28445	28870	7232	19769	0
2021-03-02	28920	28930	28260	28490	8382	19290	0
2021-03-03	28605	28740	28250	28510	4652	18862	0
2021-03-04	28460	28770	28420	28560	4224	18477	0
2021-03-05	28395	28530	27245	28110	9598	18175	0
2021-03-08	28255	28480	28065	28215	4398	17906	0
2021-03-09	28080	28220	27540	27605	5656	18178	0
2021-03-10	27550	28015	26935	27800	11197	18023	0
2021-03-11	27860	28405	27570	28245	6674	17601	0
2021-03-12	28475	28505	28150	28355	3906	17254	0
2021-03-15	28515	28530	27925	28060	5281	16712	0
2021-03-16	27985	28345	27865	28140	2967	16242	0
2021-03-17	28060	28435	28035	28310	3161	16707	0
2021-03-18	28235	28310	28050	28155	2831	15953	0
2021-03-19	27995	28250	27905	28160	3103	15845	0
2021-03-22	28070	28135	27630	27925	4180	15616	0
2021-03-23	27945	27975	27665	27830	1869	15138	0
2021-03-24	27785	27885	27640	27700	2283	15021	0
2021-03-25	27625	27710	27260	27260	3414	15255	0
2021-03-26	27110	27255	26985	27000	3721	15354	0
2021-03-29	26815	26815	26220	26330	6443	15758	0
2021-03-30	26190	26960	26190	26745	5261	15753	0
2021-03-31	26490	26800	26390	26655	3864	15230	0
2021-04-01	26790	27615	26595	27575	7196	15862	0
2021-04-02	27445	27450	27210	27340	3511	15051	0
2021-04-06	26915	27130	26765	26825	2717	15049	0
2021-04-07	26675	26710	26350	26520	3939	15162	0
2021-04-08	26400	26990	26380	26625	2845	15126	0
2021-04-09	26695	26730	26200	26355	3837	15118	0
2021-04-12	26890	27035	26530	26790	4562	15066	0
2021-04-13	26945	27275	26820	27255	3715	15151	0
2021-04-14	27100	27345	27030	27065	2585	14963	0
2021-04-15	27090	27115	26830	26870	2474	15019	0
2021-04-16	26755	26800	26495	26635	3856	15144	0
2021-04-19	26565	26905	26565	26850	2839	15165	0
2021-04-20	26995	27035	26805	26810	1904	15175	0
2021-04-21	26675	26885	26615	26880	1910	15297	0
2021-04-22	26855	26995	26785	26870	1945	15325	0
2021-04-23	26940	27610	26885	27365	6968	16607	0
2021-04-26	27070	27190	26940	26980	3881	15829	0
2021-04-27	26785	26825	26660	26695	2908	15502	0
2021-04-28	26620	26940	26595	26845	2237	15335	0
2021-04-29	26740	26965	26680	26900	1930	15586	0
2021-04-30	26980	27055	26785	26865	2194	15389	0
2021-05-06	26555	26770	26100	26330	6085	16344	0
2021-05-07	26320	26570	26280	26515	3116	16103	0
2021-05-10	26030	26115	24685	24695	12519	17617	0
2021-05-11	24495	24795	24460	24580	7599	17832	0
2021-05-12	24745	25015	24690	24835	6190	17507	0
2021-05-13	24715	24760	24365	24620	5492	17039	0
2021-05-14	24480	24610	24060	24495	8316	17511	0
2021-05-17	24470	24510	24310	24425	3129	17506	0
2021-05-18	24500	24500	24020	24100	6602	18925	0
2021-05-19	23855	24055	23245	23245	10945	21769	0
2021-05-20	23095	23425	22740	23095	9968	21865	0
2021-05-21	23050	23620	22950	23360	8833	21601	0
2021-05-24	23170	23485	23055	23350	6423	22053	0
2021-05-25	23360	23645	22985	23200	6986	22296	0
2021-05-26	22930	23010	22495	22510	9099	24356	0
2021-05-27	22135	22225	21775	21805	11865	25967	0
2021-05-28	22175	22485	21675	21695	8773	26536	0
2021-05-31	21580	21805	21305	21365	11407	27771	0
2021-06-01	21430	21515	21140	21170	10201	29425	0
2021-06-02	21125	21290	20770	20840	13370	31996	0
2021-06-03	20690	20705	19775	20195	25840	36144	0
2021-06-04	19740	20010	19550	19555	24580	40198	0
2021-06-07	19335	20005	19110	19770	35754	42110	0
2021-06-08	19810	20080	19525	19535	22302	43777	0
2021-06-09	19450	20235	19400	19860	39516	45540	0
2021-06-10	19785	20025	19660	19660	19620	48313	0
2021-06-11	19725	19815	19530	19555	14974	47705	0
2021-06-15	19120	19310	18720	18810	30221	51747	0
2021-06-16	18905	19175	18815	18890	23390	52970	0
2021-06-17	18760	19025	18425	18470	27286	57732	0
2021-06-18	18315	18415	17710	17720	36787	62750	0
2021-06-21	17430	17465	16910	16925	47076	69150	0
2021-06-22	17070	17540	17020	17295	55961	68883	0
2021-06-23	17450	18325	17450	18315	62573	63404	0
2021-06-24	18390	18395	17855	17975	50022	63851	0
2021-06-25	18320	18955	18265	18940	54888	59651	0
2021-06-28	19190	19270	18655	18900	66324	62016	0
2021-06-29	19015	19140	18880	19105	32518	60880	0
2021-06-30	19135	19230	18970	19125	29124	60375	0
2021-07-01	19175	19310	18580	18685	41583	61900	0
2021-07-02	18555	18640	18350	18440	34054	61132	0
2021-07-05	18565	18880	18565	18665	29280	61171	0
2021-07-06	18780	18895	18685	18860	19392	59021	0
2021-07-07	18725	18930	18430	18600	27830	60769	0
2021-07-08	18670	18815	18535	18760	19450	57754	0
2021-07-09	18895	18975	18780	18975	16154	57350	0
2021-07-12	18820	18870	18690	18690	19926	57293	0
2021-07-13	18670	18680	18255	18285	25481	62044	0
2021-07-14	18280	18375	17975	18225	29344	62767	0
2021-07-15	18130	18310	18120	18200	15948	62558	0
2021-07-16	18190	18445	18175	18440	16293	60356	0
2021-07-19	18675	18715	18380	18655	22128	61159	0
2021-07-20	18745	18895	18695	18770	24039	59787	0
2021-07-21	18845	18915	18630	18705	17106	59272	0
2021-07-22	18640	18680	18485	18490	14227	59312	0
2021-07-23	18405	18510	18250	18395	18003	61525	0
2021-07-26	18475	18605	18380	18530	17619	59157	0
2021-07-27	18545	18550	18410	18475	10878	58618	0
2021-07-28	18495	18530	18390	18440	8399	57839	0
2021-07-29	18485	18620	18460	18555	15399	59481	0
2021-07-30	18600	18670	18530	18575	16322	58536	0
2021-08-02	18320	18405	18150	18170	21452	59751	0
2021-08-03	17960	18275	17955	18080	24361	63736	0
2021-08-04	18050	18075	17870	17880	23701	66961	0
2021-08-05	17770	17865	17715	17755	20127	69228	0
2021-08-06	17750	17925	17730	17895	18196	70007	0
2021-08-09	17990	18040	17800	17815	16775	70106	0
2021-08-10	17770	17825	17490	17495	21517	72288	0
2021-08-11	17480	17675	17375	17620	21448	73355	0
2021-08-12	17590	17650	17520	17620	18432	71822	0
2021-08-13	17605	17615	17385	17430	18964	73618	0
2021-08-16	17515	17530	17225	17240	24767	74981	0
2021-08-17	17220	17290	17125	17220	22476	73787	0
2021-08-18	17215	17290	16980	16990	22902	75364	0
2021-08-19	16905	16920	16570	16675	32623	74347	0
2021-08-20	16725	17100	16725	16980	31730	72955	0
2021-08-23	16695	16785	16430	16455	31963	76282	0
2021-08-24	16415	16490	16270	16370	27822	77765	0
2021-08-25	16410	16470	16240	16390	27437	78949	0
2021-08-26	16395	16615	16385	16525	23673	76557	0
2021-08-27	16545	16595	16420	16545	16677	75615	0
2021-08-30	16355	16360	16035	16050	32063	80274	0
2021-08-31	16375	16380	16225	16300	29356	77783	0
2021-09-01	16390	16410	15875	16075	32464	81337	0
2021-09-02	16065	16095	15605	15645	30882	85108	0
2021-09-03	15605	15855	15475	15670	36410	87357	0
2021-09-06	15455	15715	15415	15565	23778	87962	0
2021-09-07	15630	15695	15490	15530	19679	87945	0
2021-09-08	15460	15560	15230	15240	22955	89777	0
2021-09-09	15040	15070	14725	14755	37992	93572	0
2021-09-10	14585	15055	14585	14870	44556	94492	0
2021-09-13	14835	14940	14555	14595	44480	95749	0
2021-09-14	14605	14750	14460	14485	44440	100086	0
2021-09-15	14435	14490	14125	14130	41280	101594	0
2021-09-16	14145	14745	13795	14490	97655	100351	0
2021-09-17	14595	14625	14155	14180	55393	101959	0
2021-09-22	13810	14075	13770	13780	44522	103846	0
2021-09-23	13795	13865	13515	13625	53686	107713	0
2021-09-24	13545	13845	13480	13755	55432	110968	0
2021-09-27	13785	14435	13700	14410	78032	106763	0
2021-09-28	14370	14590	14050	14065	61942	109255	0
2021-09-29	13990	14175	13815	14000	50491	109241	0
2021-09-30	14030	14260	13925	14050	44035	109088	0
2021-10-08	14265	14435	14085	14375	51021	110183	0
2021-10-11	14645	15510	14550	15505	83824	105851	0
2021-10-12	15835	15905	15260	15470	90006	104043	0
2021-10-13	15675	16100	15100	15520	94859	103249	0
2021-10-14	15335	15435	14880	14890	63200	107679	0
2021-10-15	15010	15355	14985	15295	54706	105822	0
2021-10-18	15885	15990	15690	15860	64202	99862	0
2021-10-19	15740	16275	15685	16205	63644	99219	0
2021-10-20	16085	16380	16010	16030	57178	98065	0
2021-10-21	16050	16195	15595	15650	63761	101373	0
2021-10-22	15820	15995	15760	15985	53104	99385	0
2021-10-25	16635	17085	16460	16645	103263	95216	0
2021-10-26	16605	16720	16365	16710	48694	95665	0
2021-10-27	16615	16900	16550	16820	53427	95693	0
2021-10-28	16805	16935	16265	16630	67594	93320	0
2021-10-29	16665	16710	16155	16195	63350	98092	0
2021-11-01	16200	16200	15565	15590	59708	101597	0
2021-11-02	15665	16000	15430	15905	65052	100889	0
2021-11-03	15880	16060	15810	15925	44242	101148	0
2021-11-04	15920	16210	15740	16190	47782	100831	0
2021-11-05	16175	16265	15970	16135	45437	102015	0
2021-11-08	16255	16265	15705	15735	52254	106909	0
2021-11-09	15785	15835	15425	15555	44973	109396	0
2021-11-10	15565	15660	15325	15565	36305	109905	0
2021-11-11	15535	15575	15370	15375	30915	111808	0
2021-11-12	15395	15580	15300	15565	35687	110076	0
2021-11-15	15885	15990	15745	15920	43075	108311	0
2021-11-16	15925	16010	15550	15595	39072	109733	0
2021-11-17	15565	15610	15460	15515	26462	109894	0
2021-11-18	15525	15715	15520	15635	25857	108687	0
2021-11-19	15660	15760	15615	15760	22534	107565	0
2021-11-22	15775	15825	15545	15570	30252	111497	0
2021-11-23	15635	15735	15550	15655	23988	108699	0
2021-11-24	15720	15870	15685	15865	28232	107927	0
2021-11-25	15925	16110	15905	16060	33973	106150	0
2021-11-26	16110	16150	15855	15940	30334	105430	0
2021-11-29	15395	15505	15340	15340	45938	111377	0
2021-11-30	15330	15450	15310	15330	28440	109822	0
2021-12-01	15385	15470	15315	15400	21425	108967	0
2021-12-02	15360	15370	15025	15040	34036	116816	0
2021-12-03	15080	15140	14930	14950	29630	118038	0
2021-12-06	14985	15095	14825	14860	34814	120525	0
2021-12-07	14880	14965	14735	14780	32678	120596	0
2021-12-08	14760	14825	14510	14575	35187	121454	0
2021-12-09	14510	14840	14500	14770	38197	119321	0
2021-12-10	14715	14895	14615	14860	42278	116534	0
2021-12-13	14730	15025	14725	14960	44474	113404	0
2021-12-14	14995	15085	14785	14820	31279	113190	0
2021-12-15	14870	14945	14800	14850	20922	112052	0
2021-12-16	14905	14960	14840	14870	17549	112035	0
2021-12-17	14915	14955	14595	14655	32112	114784	0
2021-12-20	14645	14675	14510	14550	22646	113758	0
2021-12-21	14545	14745	14545	14665	24213	113719	0
2021-12-22	14655	14685	14560	14590	17406	115186	0
2021-12-23	14595	15000	14590	14990	34263	112011	0
2021-12-24	15085	15150	14970	15075	34744	109274	0
2021-12-27	15210	15290	14995	15020	31535	109562	0
2021-12-28	15060	15165	14915	15105	27057	108446	0
2021-12-29	15100	15120	15020	15050	14989	105908	0
2021-12-30	15030	15150	14955	15040	23505	104616	0
2021-12-31	15020	15130	14985	15100	20544	100692	0
2022-01-04	15045	15065	14860	14920	25401	104349	0
2022-01-05	14900	15245	14895	15150	32362	106442	0
2022-01-06	15185	15240	14990	15015	25346	109929	0
2022-01-07	15045	15135	14890	14915	26037	112169	0
2022-01-10	14660	14785	14525	14540	41206	118486	0
2022-01-11	14565	14690	14485	14625	32761	119326	0
2022-01-12	14690	14840	14675	14720	32105	116715	0
2022-01-13	14755	14755	14605	14625	23679	116468	0
2022-01-14	14650	14770	14625	14665	20828	115974	0
2022-01-17	14720	14820	14615	14650	23898	117477	0
2022-01-18	14685	14760	14675	14715	19971	116222	0
2022-01-19	14780	14795	14670	14685	20998	116642	0
2022-01-20	14745	14780	14685	14720	17651	116065	0
2022-01-21	14770	14810	14730	14745	17545	114411	0
2022-01-24	14600	14605	14365	14390	35801	119789	0
2022-01-25	14415	14455	14350	14375	23021	118460	0
2022-01-26	14380	14410	14305	14360	20127	119017	0
2022-01-27	14410	14410	14160	14165	32494	117232	0
2022-01-28	14150	14545	14150	14440	36294	114200	0
2022-02-07	14460	14850	14420	14780	40482	115321	0
2022-02-08	14765	14990	14645	14880	42640	119197	0
2022-02-09	14760	14910	14625	14640	38328	123196	0
2022-02-10	14535	14755	14490	14710	42750	126070	0
2022-02-11	14645	14900	14645	14800	46001	124210	0
2022-02-14	14850	14855	14560	14605	34432	124170	0
2022-02-15	14535	14590	14425	14505	44430	124316	0
2022-02-16	14500	14740	14495	14685	30078	122413	0
2022-02-17	14725	14860	14665	14775	29078	119008	0
2022-02-18	14760	14800	14620	14650	27772	119992	0
2022-02-21	14680	14765	14470	14480	30529	121639	0
2022-02-22	14485	14490	14340	14395	38379	120003	0
2022-02-23	14525	14660	14470	14545	33467	116379	0
2022-02-24	14565	14900	14500	14895	40380	112591	0
2022-02-25	14910	15080	14815	15080	35338	107081	0
2022-02-28	15175	15500	15090	15490	46333	103474	0
2022-03-01	15600	15625	15325	15345	36117	105688	0
2022-03-02	15415	15565	15360	15430	28823	105756	0
2022-03-03	15445	15460	15165	15180	32685	106825	0
2022-03-04	15135	15270	15125	15180	26901	107658	0
2022-03-07	15045	15190	14990	15010	46324	111517	0
2022-03-08	15120	15140	14865	14980	41447	109729	0
2022-03-09	15040	15430	15040	15260	44676	109079	0
2022-03-10	15265	15520	15235	15275	45369	112233	0
2022-03-11	15235	15345	14985	15030	40943	115416	0
2022-03-14	14925	14965	14765	14790	39946	116977	0
2022-03-15	14745	14895	14415	14550	54680	113498	0
2022-03-16	14570	14670	14360	14435	44395	115344	0
2022-03-17	14375	14430	14155	14260	46599	117544	0
2022-03-18	14345	14515	14260	14345	52203	118777	0
2022-03-21	14500	14920	14485	14875	58528	115988	0
2022-03-22	15000	15040	14740	14815	49487	118795	0
2022-03-23	14865	14865	14665	14690	34590	120610	0
2022-03-24	14765	14850	14700	14765	34656	122222	0
2022-03-25	14805	14815	14595	14680	37368	123340	0
2022-03-28	14655	14720	14560	14715	32469	124714	0
2022-03-29	14800	15290	14800	15245	64514	123787	0
2022-03-30	15260	15310	15120	15250	40783	121311	0
2022-03-31	15260	15530	15255	15445	49136	118566	0
2022-04-01	15490	15590	15150	15350	49431	117591	0
2022-04-06	15340	15380	15225	15255	26484	117619	0
2022-04-07	15185	15345	15180	15330	22830	118564	0
2022-04-08	15330	15375	15170	15235	23426	118573	0
2022-04-11	15240	15245	14905	15005	39602	118138	0
2022-04-12	15075	15295	15010	15240	33609	115907	0
2022-04-13	15305	15355	15215	15325	23416	114921	0
2022-04-14	15360	15365	15175	15320	26826	114714	0
2022-04-15	15350	15430	15280	15390	23610	111203	0
2022-04-18	15770	16740	15715	16655	75488	107904	0
2022-04-19	16825	17160	16755	17080	74878	103362	0
2022-04-20	17230	17385	16895	16970	68839	105066	0
2022-04-21	16920	17180	16905	17010	43742	103449	0
2022-04-22	16985	17310	16875	17285	43963	104588	0
2022-04-25	17695	17860	17595	17825	55489	100707	0
2022-04-26	17750	17910	17620	17845	34006	98367	0
2022-04-27	17785	18165	17780	18120	37886	98992	0
2022-04-28	18135	18155	17890	18095	35609	93764	0
2022-04-29	18150	18340	18060	18335	38882	90873	0
2022-05-05	18160	18405	18110	18255	34317	90507	0
2022-05-06	18195	18315	18185	18310	19753	90059	0
2022-05-09	18605	18925	18550	18875	49121	98409	0
2022-05-10	18720	18785	18605	18710	30720	96350	0
2022-05-11	18750	19080	18740	19045	31973	98934	0
2022-05-12	19005	19175	18965	19065	27544	99049	0
2022-05-13	19105	19535	19100	19480	37742	102215	0
2022-05-16	19565	19750	19425	19685	32906	103316	0
2022-05-17	19775	19810	18815	18835	75276	100980	0
2022-05-18	18955	19170	18850	18980	29782	99705	0
数据来源:通达信
