LRL9 晚稻指数 日线 前复权
      日期	    开盘	    最高	    最低	    收盘	    成交量	    持仓量	    结算价
2014-07-09	2818	2822	2797	2802	9358	11368	0
2014-07-10	2804	2808	2794	2802	2282	11110	0
2014-07-11	2803	2841	2802	2825	4144	10832	0
2014-07-14	2826	2836	2816	2828	1802	10550	0
2014-07-15	2831	2835	2824	2829	1368	10238	0
2014-07-16	2830	2831	2814	2826	1062	10088	0
2014-07-17	2826	2826	2805	2813	1096	10214	0
2014-07-18	2810	2822	2805	2814	1350	9772	0
2014-07-21	2807	2820	2807	2818	486	9726	0
2014-07-22	2816	2827	2814	2821	740	9900	0
2014-07-23	2821	2823	2814	2819	530	10038	0
2014-07-24	2820	2844	2819	2838	3104	11180	0
2014-07-25	2836	2872	2835	2870	3334	12760	0
2014-07-28	2863	2876	2857	2876	2728	13332	0
2014-07-29	2864	2901	2864	2883	5394	13910	0
2014-07-30	2883	2886	2872	2878	2598	13802	0
2014-07-31	2878	2882	2865	2869	2504	13724	0
2014-08-01	2872	2872	2858	2861	1228	13902	0
2014-08-04	2865	2874	2849	2852	1538	14122	0
2014-08-05	2854	2856	2843	2844	1030	14216	0
2014-08-06	2846	2852	2841	2848	1388	14010	0
2014-08-07	2851	2857	2835	2839	1456	13700	0
2014-08-08	2841	2849	2837	2844	1202	13050	0
2014-08-11	2848	2873	2842	2853	1100	12938	0
2014-08-12	2854	2864	2850	2855	1482	12518	0
2014-08-13	2856	2871	2855	2860	1176	12578	0
2014-08-14	2856	2856	2840	2848	1246	12052	0
2014-08-15	2849	2858	2841	2855	1102	11402	0
2014-08-18	2874	2874	2846	2846	536	11430	0
2014-08-19	2840	2847	2826	2834	616	11290	0
2014-08-20	2838	2857	2835	2842	668	11174	0
2014-08-21	2846	2848	2838	2839	332	11118	0
2014-08-22	2838	2839	2829	2831	740	10924	0
2014-08-25	2830	2845	2830	2840	694	10604	0
2014-08-26	2843	2845	2839	2840	626	10046	0
2014-08-27	2856	2856	2841	2847	152	9986	0
2014-08-28	2848	2854	2836	2840	422	9726	0
2014-08-29	2838	2839	2831	2831	144	9726	0
2014-09-01	2822	2838	2822	2830	366	9610	0
2014-09-02	2839	2840	2827	2828	538	9226	0
2014-09-03	2827	2834	2824	2828	750	8624	0
2014-09-04	2833	2837	2820	2820	336	8460	0
2014-09-05	2821	2829	2820	2823	168	8422	0
2014-09-09	2836	2836	2804	2806	950	7970	0
2014-09-10	2817	2818	2800	2817	514	7706	0
2014-09-11	2817	2828	2817	2822	442	7666	0
2014-09-12	2824	2832	2812	2827	338	7516	0
2014-09-15	2825	2836	2824	2835	252	7486	0
2014-09-16	2830	2831	2828	2830	78	7458	0
2014-09-17	2835	2836	2830	2834	112	7416	0
2014-09-18	2832	2832	2828	2832	76	7350	0
2014-09-19	2829	2834	2823	2831	254	7270	0
2014-09-22	2830	2834	2827	2828	172	7236	0
2014-09-23	2833	2836	2828	2832	182	7126	0
2014-09-24	2823	2837	2815	2831	118	7122	0
2014-09-25	2832	2832	2825	2830	80	7096	0
2014-09-26	2826	2835	2820	2831	122	7074	0
2014-09-29	2833	2833	2793	2830	170	6994	0
2014-09-30	2812	2830	2812	2830	78	6962	0
2014-10-08	2828	2836	2828	2834	154	6850	0
2014-10-09	2834	2835	2829	2835	152	6764	0
2014-10-10	2810	2836	2810	2833	250	6578	0
2014-10-13	2829	2831	2820	2825	142	6586	0
2014-10-14	2828	2835	2822	2832	356	6334	0
2014-10-15	2834	2835	2830	2834	138	6212	0
2014-10-16	2831	2839	2831	2839	128	6212	0
2014-10-17	2841	2845	2836	2839	144	6160	0
2014-10-20	2834	2844	2833	2842	68	6132	0
2014-10-21	2836	2840	2833	2833	130	6074	0
2014-10-22	2838	2847	2838	2840	42	6068	0
2014-10-23	2835	2837	2830	2837	138	5974	0
2014-10-24	2835	2837	2831	2834	80	5908	0
2014-10-27	2823	2837	2822	2837	32	5914	0
2014-10-28	2833	2842	2832	2837	230	5758	0
2014-10-29	2838	2840	2834	2836	114	5676	0
2014-10-30	2837	2840	2835	2836	116	5602	0
2014-10-31	2839	2842	2838	2838	92	5576	0
2014-11-03	2825	2840	2825	2835	102	5550	0
2014-11-04	2835	2838	2834	2838	42	5536	0
2014-11-05	2831	2845	2814	2825	88	5524	0
2014-11-06	2829	2833	2824	2833	16	5524	0
2014-11-07	2829	2838	2825	2832	56	5504	0
2014-11-10	2831	2833	2831	2831	8	5506	0
2014-11-11	2828	2831	2819	2822	22	5514	0
2014-11-12	2827	2831	2827	2831	10	5518	0
2014-11-13	2837	2839	2830	2830	44	5514	0
2014-11-14	2834	2837	2832	2833	26	5520	0
2014-11-17	2834	2835	2834	2835	14	5498	0
2014-11-18	2840	2840	2833	2837	32	5474	0
2014-11-19	2838	2839	2829	2839	54	5438	0
2014-11-20	2831	2840	2829	2834	712	4818	0
2014-11-21	2846	2846	2829	2835	818	4136	0
2014-11-24	2837	2837	2832	2835	714	3432	0
2014-11-25	2833	2837	2832	2836	182	3444	0
2014-11-26	2835	2837	2832	2833	174	3544	0
2014-11-27	2832	2835	2827	2831	206	3590	0
2014-11-28	2830	2833	2827	2828	54	3626	0
2014-12-01	2826	2841	2824	2837	360	3594	0
2014-12-02	2842	2842	2842	2842	12	3586	0
2014-12-03	2839	2839	2824	2832	58	3556	0
2014-12-04	2836	2836	2828	2832	26	3546	0
2014-12-05	2836	2837	2836	2837	4	3544	0
2014-12-08	2918	2918	2836	2836	32	3534	0
2014-12-09	2839	2840	2832	2840	44	3510	0
2014-12-10	2839	2855	2839	2855	94	3428	0
2014-12-11	2841	2845	2834	2835	42	3394	0
2014-12-12	2846	2849	2838	2849	1342	2146	0
2014-12-15	2849	2854	2849	2854	36	2136	0
2014-12-16	2854	2854	2847	2852	20	2130	0
2014-12-17	2826	2847	2826	2847	26	2122	0
2014-12-18	2850	2875	2850	2875	426	1722	0
2014-12-19	2844	2917	2829	2895	76	1718	0
2014-12-22	2889	2889	2841	2843	150	1698	0
2014-12-23	2839	2880	2839	2851	12	1694	0
2014-12-24	2856	2877	2856	2867	18	1690	0
2014-12-25	2908	2908	2884	2887	66	1634	0
2014-12-26	2886	2887	2874	2887	6	1632	0
2014-12-29	2886	2889	2886	2889	26	1620	0
2014-12-30	2889	2889	2886	2886	12	1618	0
2014-12-31	2889	2889	2889	2889	18	1600	0
2015-01-06	2873	2873	2873	2873	2	1600	0
2015-01-07	2872	2886	2824	2826	708	900	0
2015-01-12	2826	2826	2826	2826	2	900	0
2015-01-13	2822	2841	2822	2831	12	902	0
2015-01-14	2835	2835	2829	2829	8	900	0
2015-01-15	2831	2832	2814	2816	122	788	0
2015-01-16	2810	2812	2787	2787	92	824	0
2015-01-19	2807	2808	2780	2782	58	504	0
2015-01-20	2783	2783	2779	2779	20	508	0
2015-01-21	2782	2782	2782	2782	2	508	0
2015-01-22	2772	2788	2772	2779	22	514	0
2015-01-23	2797	2797	2775	2780	50	512	0
2015-01-26	2789	2790	2789	2790	6	508	0
2015-01-27	2778	2792	2778	2789	34	508	0
2015-01-28	2789	2789	2789	2789	2	506	0
2015-01-29	2794	2794	2788	2788	4	504	0
2015-01-30	2787	2787	2784	2784	12	514	0
2015-02-02	2787	2787	2780	2780	14	514	0
2015-02-04	2782	2782	2782	2782	2	516	0
2015-02-05	2789	2792	2781	2782	14	518	0
2015-02-06	2784	2785	2784	2785	4	516	0
2015-02-09	2787	2787	2787	2787	2	514	0
2015-02-12	2781	2793	2755	2784	20	520	0
2015-02-13	2787	2789	2766	2766	12	518	0
2015-02-16	2783	2785	2769	2769	20	506	0
2015-02-17	2784	2785	2780	2780	6	506	0
2015-02-26	2784	2784	2784	2784	2	504	0
2015-03-04	2776	2776	2768	2771	6	504	0
2015-03-05	2873	2873	2768	2779	6	502	0
2015-03-11	2783	2783	2771	2771	4	504	0
2015-03-12	2773	2775	2766	2775	32	484	0
2015-03-13	2779	2779	2766	2766	4	482	0
2015-03-16	2755	2781	2755	2781	12	484	0
2015-03-17	2768	2768	2767	2767	4	488	0
2015-03-18	2749	2760	2749	2750	24	470	0
2015-03-19	2734	2734	2734	2734	10	460	0
2015-03-20	2748	2748	2747	2748	8	458	0
2015-03-23	2740	2766	2740	2759	22	454	0
2015-03-24	2779	2779	2748	2748	20	458	0
2015-03-25	2732	2732	2727	2727	6	462	0
2015-03-26	2748	2748	2748	2748	2	462	0
2015-03-27	2716	2716	2715	2715	4	466	0
2015-03-30	2727	2727	2727	2727	2	466	0
2015-03-31	2670	2674	2670	2674	8	460	0
2015-04-01	2670	2675	2578	2642	64	454	0
2015-04-02	2664	2667	2664	2667	4	454	0
2015-04-07	2648	2652	2640	2650	42	456	0
2015-04-09	2730	2730	2641	2641	6	458	0
2015-04-13	2635	2659	2635	2641	22	452	0
2015-04-14	2670	2670	2665	2670	64	444	0
2015-04-15	2767	2767	2636	2636	10	442	0
2015-04-16	2702	2741	2697	2697	24	442	0
2015-04-20	2820	2820	2733	2733	8	440	0
2015-04-21	2770	2795	2770	2795	6	436	0
2015-04-22	2762	2850	2762	2850	4	436	0
2015-04-23	2800	2800	2740	2740	8	428	0
2015-04-24	2716	2716	2716	2716	4	424	0
2015-04-28	2660	2699	2630	2699	12	412	0
2015-04-29	2633	2633	2633	2633	6	410	0
2015-04-30	2600	2600	2600	2600	2	408	0
2015-05-01	2600	2600	2600	2600	2	408	0
2015-05-04	2600	2600	2600	2600	2	408	0
2015-05-05	2588	2588	2588	2588	2	406	0
2015-05-06	2555	2555	2555	2555	2	404	0
2015-05-08	2530	2530	2530	2530	22	382	0
2015-05-12	2488	2488	2488	2488	20	362	0
2015-05-14	2751	2751	2751	2751	30	332	0
2015-05-15	2800	2800	2800	2800	2	332	0
2015-07-03	2442	2442	2377	2377	4	4	0
2015-07-07	2394	2427	2348	2427	6	4	0
2015-07-08	2374	2374	2374	2374	2	2	0
2015-07-09	2425	2469	2425	2469	4	2	0
2015-08-11	2559	2559	2559	2559	2	2	0
2015-08-19	2474	2574	2474	2574	4	4	0
2015-08-28	2664	2664	2559	2559	4	2	0
2015-09-10	2485	2599	2485	2599	6	2	0
2015-12-07	2628	2628	2432	2432	4	2	0
2015-12-22	2448	2514	2447	2509	34	6	0
2015-12-24	2518	2518	2438	2449	8	6	0
2016-01-04	2481	2540	2404	2540	20	6	0
2016-02-15	2547	2547	2547	2547	2	6	0
2016-02-17	2621	2700	2621	2700	4	2	0
2016-03-14	2816	3008	2606	2669	58	6	0
2016-03-15	2779	2779	2683	2737	34	4	0
2016-04-06	2680	2700	2680	2700	4	2	0
2016-05-25	2475	2475	2475	2475	2	4	0
2016-06-24	2466	2466	2466	2466	2	4	0
2016-07-01	2481	2481	2481	2481	2	4	0
2016-07-04	2499	2581	2499	2502	6	2	0
2016-07-05	2618	2629	2618	2629	4	2	0
2016-10-13	2517	2726	2542	2551	32	26	0
2016-10-14	2662	2662	2499	2499	44	48	0
2016-10-17	2446	2646	2446	2643	56	2	0
2016-10-24	2774	2774	2576	2576	4	2	0
2016-10-28	2498	2498	2498	2498	2	4	0
2016-10-31	2598	2598	2598	2598	2	4	0
2016-11-15	2683	2906	2682	2905	20	12	0
2016-11-16	2973	2973	2802	2851	28	4	0
2016-11-17	2890	2890	2790	2821	10	4	0
2016-11-18	2950	2950	2726	2799	10	2	0
2016-11-21	2799	2799	2713	2750	10	2	0
2016-11-22	2860	2860	2860	2860	2	2	0
2016-12-02	2766	2923	2766	2923	4	2	0
2016-12-08	2896	2959	2886	2929	58	8	0
2016-12-12	2924	2924	2924	2924	2	6	0
2016-12-15	2984	2984	2984	2984	2	6	0
2016-12-22	2927	2927	2927	2927	2	8	0
2016-12-23	2955	2984	2793	2853	20	16	0
2016-12-26	2880	2929	2748	2929	42	8	0
2016-12-27	2866	2866	2866	2866	2	6	0
2017-01-04	2834	2834	2822	2822	4	4	0
2017-01-09	2828	2889	2828	2889	2	2	0
2017-01-11	2881	2888	2774	2888	10	2	0
2017-02-03	2664	2965	2664	2901	42	10	0
2017-02-06	2979	2979	2835	2926	18	12	0
2017-02-07	2939	2939	2937	2937	4	12	0
2017-02-10	2939	2939	2935	2938	6	10	0
2017-02-13	2980	2980	2946	2956	8	6	0
2017-02-17	2930	3039	2930	2975	20	6	0
2017-02-20	3053	3053	3053	3053	2	8	0
2017-02-22	3040	3040	2927	2927	10	4	0
2017-02-27	2868	3001	2868	2938	12	4	0
2017-03-21	2820	2948	2820	2935	6	4	0
2017-07-14	2810	3022	2807	2901	22	2	0
2017-07-24	2789	3006	2970	2970	24	8	0
2017-07-25	3067	3067	2888	2991	40	18	0
2017-07-26	2911	2990	2911	2987	10	12	0
2017-08-01	3003	3048	2963	2963	18	14	0
2017-08-02	3012	3017	3012	3017	10	10	0
2017-08-04	2996	2996	2996	2996	2	10	0
2017-08-09	3002	3002	2964	2964	4	10	0
2017-08-10	3007	3007	2962	2982	28	2	0
2017-12-01	3111	3111	3051	3099	6	2	0
2017-12-25	3088	3088	3088	3088	2	2	0
2017-12-29	3198	3198	3198	3198	2	4	0
2018-01-02	3264	3264	3088	3088	2	2	0
2018-01-25	2964	3211	2964	3150	28	8	0
2018-01-29	3181	3189	3181	3186	14	8	0
2018-02-12	3114	3127	3114	3119	14	2	0
2018-03-05	2992	3182	2992	2993	12	4	0
2018-03-06	3060	3060	3060	3060	2	2	0
2018-03-07	3165	3165	3165	3165	4	2	0
2018-03-08	3055	3055	3055	3055	2	2	0
2018-03-09	3170	3170	3170	3170	2	2	0
2018-03-21	3089	3089	3089	3089	2	2	0
2018-03-30	3229	3229	3229	3229	2	2	0
2018-05-04	3294	3294	3255	3255	10	8	0
2018-05-07	3186	3200	3186	3200	10	10	0
2018-05-08	3214	3214	3214	3214	4	6	0
2018-05-11	3202	3202	3202	3202	2	4	0
2018-05-16	3143	3319	3143	3230	24	2	0
2018-05-17	3200	3200	3122	3122	14	10	0
2018-05-18	3035	3257	3022	3022	68	54	0
2018-05-21	2865	2987	2865	2898	60	64	0
2018-05-22	2880	2880	2851	2851	8	66	0
2018-05-23	2895	2909	2827	2847	76	90	0
2018-05-24	2848	2858	2841	2850	32	94	0
2018-05-25	2953	2953	2863	2878	14	102	0
2018-05-28	2823	2832	2799	2812	66	144	0
2018-05-29	2812	2849	2785	2849	146	160	0
2018-05-30	2781	2821	2781	2819	32	140	0
2018-05-31	2792	2817	2792	2817	8	144	0
2018-06-01	2801	2801	2786	2786	26	134	0
2018-06-04	2776	2776	2753	2762	54	160	0
2018-06-05	2770	2847	2765	2779	60	180	0
2018-06-06	2772	2772	2751	2752	16	182	0
2018-06-07	2730	2749	2709	2730	38	200	0
2018-06-08	2663	2730	2663	2692	16	200	0
2018-06-11	2655	2669	2649	2650	10	200	0
2018-06-12	2668	2668	2630	2646	18	200	0
2018-06-13	2649	2649	2631	2633	14	200	0
2018-06-14	2618	2663	2618	2634	28	206	0
2018-06-15	2604	2660	2604	2630	54	208	0
2018-06-19	2646	2740	2641	2673	140	220	0
2018-06-20	2676	2769	2676	2717	636	360	0
2018-06-21	2710	2710	2652	2654	298	370	0
2018-06-22	2655	2700	2650	2682	190	372	0
2018-06-25	2686	2689	2665	2675	92	366	0
2018-06-26	2671	2678	2659	2660	68	366	0
2018-06-27	2669	2676	2660	2666	82	370	0
2018-06-28	2667	2668	2640	2640	148	374	0
2018-06-29	2643	2643	2621	2630	76	384	0
2018-07-02	2638	2649	2601	2622	106	376	0
2018-07-03	2613	2628	2613	2615	30	376	0
2018-07-04	2635	2665	2621	2633	162	364	0
2018-07-05	2640	2650	2629	2650	68	386	0
2018-07-06	2650	2650	2629	2645	112	372	0
2018-07-09	2641	2659	2638	2653	58	396	0
2018-07-10	2650	2665	2635	2639	72	372	0
2018-07-11	2641	2649	2619	2619	54	366	0
2018-07-12	2627	2661	2619	2651	106	358	0
2018-07-13	2648	2660	2647	2650	88	368	0
2018-07-16	2653	2750	2643	2708	254	440	0
2018-07-17	2701	2721	2671	2703	300	384	0
2018-07-18	2690	2806	2690	2806	1708	972	0
2018-07-19	2848	2892	2823	2887	5306	1598	0
2018-07-20	2895	2984	2875	2983	13906	4100	0
2018-07-23	3010	3069	2908	2936	44618	6260	0
2018-07-24	2931	3037	2872	2919	79708	8186	0
2018-07-25	2957	2976	2897	2930	66670	8666	0
2018-07-26	2942	2956	2912	2931	30356	9032	0
2018-07-27	2928	2936	2883	2900	34574	8882	0
2018-07-30	2907	2921	2826	2840	28236	8516	0
2018-07-31	2842	2865	2816	2841	23320	8728	0
2018-08-01	2846	2881	2833	2847	27684	8922	0
2018-08-02	2840	2851	2818	2820	12108	8080	0
2018-08-03	2831	2836	2795	2813	13264	7536	0
2018-08-06	2833	2926	2831	2926	20012	10900	0
2018-08-07	2995	3019	2921	2926	41464	11500	0
2018-08-08	2931	2990	2917	2933	40700	13366	0
2018-08-09	2936	3013	2931	2951	52810	14514	0
2018-08-10	2962	2986	2953	2956	29748	14462	0
2018-08-13	2915	2963	2908	2955	13626	14984	0
2018-08-14	2972	2973	2927	2932	14970	14110	0
2018-08-15	2952	2974	2939	2944	25328	15130	0
2018-08-16	2886	2927	2863	2876	22136	11084	0
2018-08-17	2885	2903	2872	2875	9918	10240	0
2018-08-20	2880	2893	2840	2842	9656	10152	0
2018-08-21	2843	2855	2821	2855	9696	9712	0
2018-08-22	2875	2940	2850	2850	38692	11372	0
2018-08-23	2853	2871	2836	2841	10658	11132	0
2018-08-24	2860	2885	2846	2863	11918	11238	0
2018-08-27	2864	2872	2826	2836	7684	11374	0
2018-08-28	2853	2863	2828	2833	8216	11496	0
2018-08-29	2838	2844	2815	2826	7120	11182	0
2018-08-30	2837	2843	2826	2832	6818	11430	0
2018-08-31	2830	2839	2821	2829	6636	11616	0
2018-09-03	2845	2848	2823	2830	8138	12046	0
2018-09-04	2827	2830	2818	2820	3172	11806	0
2018-09-05	2828	2832	2805	2807	5608	11572	0
2018-09-06	2801	2811	2733	2749	22822	10118	0
2018-09-07	2754	2775	2741	2762	6486	9928	0
2018-09-10	2763	2779	2745	2745	4170	9478	0
2018-09-11	2750	2755	2719	2746	6418	8694	0
2018-09-12	2754	2813	2746	2774	19940	8566	0
2018-09-13	2773	2780	2751	2753	4344	8338	0
2018-09-14	2756	2761	2741	2742	3192	8474	0
2018-09-17	2761	2764	2720	2722	9056	9846	0
2018-09-18	2721	2737	2711	2716	6546	9352	0
2018-09-19	2717	2719	2662	2673	7124	9720	0
2018-09-20	2678	2697	2675	2687	4030	9176	0
2018-09-21	2683	2697	2676	2681	3118	9042	0
2018-09-25	2684	2694	2671	2685	2458	9234	0
2018-09-26	2690	2706	2688	2689	4964	10128	0
2018-09-27	2685	2686	2651	2652	6452	9166	0
2018-09-28	2654	2669	2646	2657	2552	8528	0
2018-10-08	2671	2674	2652	2668	2960	8828	0
2018-10-09	2680	2714	2679	2697	10164	10812	0
2018-10-10	2704	2714	2697	2705	4498	11086	0
2018-10-11	2689	2694	2685	2688	4310	10546	0
2018-10-12	2708	2755	2693	2721	16718	12046	0
2018-10-15	2729	2738	2707	2715	6010	12064	0
2018-10-16	2725	2734	2697	2699	8448	11262	0
2018-10-17	2700	2707	2698	2700	3220	11390	0
2018-10-18	2697	2704	2689	2691	5056	10788	0
2018-10-19	2687	2699	2687	2691	2754	10594	0
2018-10-22	2699	2712	2697	2710	4374	11258	0
2018-10-23	2718	2719	2695	2698	4146	11092	0
2018-10-24	2701	2703	2672	2674	5630	10864	0
2018-10-25	2673	2678	2648	2654	4328	10856	0
2018-10-26	2653	2680	2651	2670	4210	10696	0
2018-10-29	2677	2706	2675	2699	8772	11430	0
2018-10-30	2694	2724	2694	2700	9180	11236	0
2018-10-31	2704	2709	2691	2696	2954	10982	0
2018-11-01	2704	2712	2692	2696	3960	11044	0
2018-11-02	2681	2697	2680	2692	3792	9562	0
2018-11-05	2704	2705	2676	2676	4276	10336	0
2018-11-06	2671	2680	2670	2673	2944	10148	0
2018-11-07	2679	2687	2672	2677	1754	10112	0
2018-11-08	2683	2692	2680	2689	2012	9736	0
2018-11-09	2687	2688	2683	2684	1338	9234	0
2018-11-12	2684	2695	2670	2694	1636	9046	0
2018-11-13	2693	2712	2691	2696	4774	9962	0
2018-11-14	2702	2709	2681	2688	3426	10008	0
2018-11-15	2686	2687	2675	2682	2840	9278	0
2018-11-16	2687	2693	2680	2684	1748	9456	0
2018-11-19	2686	2686	2661	2664	2396	9178	0
2018-11-20	2660	2668	2651	2652	2392	8920	0
2018-11-21	2642	2651	2631	2647	4044	8036	0
2018-11-22	2648	2663	2644	2649	2310	7834	0
2018-11-23	2648	2651	2643	2648	872	7586	0
2018-11-26	2658	2666	2651	2655	1562	7522	0
2018-11-27	2659	2659	2646	2650	800	7300	0
2018-11-28	2654	2654	2644	2645	922	7198	0
2018-11-29	2648	2650	2639	2644	978	7116	0
2018-11-30	2644	2650	2640	2649	692	6890	0
2018-12-03	2655	2658	2643	2645	778	6818	0
2018-12-04	2647	2647	2644	2646	812	6530	0
2018-12-05	2644	2651	2642	2644	946	6406	0
2018-12-06	2644	2650	2620	2641	1020	6062	0
2018-12-07	2643	2655	2638	2648	596	5850	0
2018-12-10	2648	2648	2640	2640	426	5822	0
2018-12-11	2641	2643	2638	2643	350	5590	0
2018-12-12	2642	2648	2638	2643	286	5460	0
2018-12-13	2647	2647	2635	2636	822	5388	0
2018-12-14	2636	2640	2635	2639	302	5258	0
2018-12-17	2640	2640	2635	2638	636	5042	0
2018-12-18	2637	2642	2636	2640	824	4874	0
2018-12-19	2641	2661	2636	2644	1310	4924	0
2018-12-20	2645	2645	2621	2639	470	4692	0
2018-12-21	2640	2648	2637	2639	492	4640	0
2018-12-24	2638	2643	2635	2637	400	4588	0
2018-12-25	2635	2642	2631	2639	636	4434	0
2018-12-26	2637	2645	2637	2641	170	4412	0
2018-12-27	2639	2645	2634	2636	458	4476	0
2018-12-28	2635	2638	2625	2627	552	4432	0
2019-01-02	2629	2638	2622	2636	346	4312	0
2019-01-03	2634	2644	2631	2634	480	4414	0
2019-01-04	2634	2640	2633	2636	314	4362	0
2019-01-07	2640	2641	2629	2636	412	4348	0
2019-01-08	2634	2650	2634	2645	414	4336	0
2019-01-09	2653	2656	2638	2643	1206	4396	0
2019-01-10	2649	2675	2644	2650	2134	4746	0
2019-01-11	2639	2668	2639	2647	1090	4472	0
2019-01-14	2648	2659	2643	2655	502	4442	0
2019-01-15	2650	2654	2645	2649	260	4352	0
2019-01-16	2652	2658	2645	2657	442	4184	0
2019-01-17	2662	2662	2641	2644	556	4252	0
2019-01-18	2647	2647	2631	2631	686	4198	0
2019-01-21	2634	2649	2627	2639	528	4134	0
2019-01-22	2646	2657	2643	2647	626	4032	0
2019-01-23	2646	2650	2641	2647	116	4012	0
2019-01-24	2650	2656	2649	2650	328	3852	0
2019-01-25	2651	2653	2634	2634	588	3926	0
2019-01-28	2639	2648	2639	2647	336	3748	0
2019-01-29	2644	2651	2638	2649	212	3584	0
2019-01-30	2649	2652	2641	2642	294	3522	0
2019-01-31	2651	2651	2642	2647	268	3332	0
2019-02-01	2644	2649	2643	2644	322	3112	0
2019-02-11	2641	2657	2640	2657	514	2832	0
2019-02-12	2659	2666	2654	2661	540	2962	0
2019-02-13	2671	2671	2662	2671	238	2968	0
2019-02-14	2683	2772	2678	2771	7252	4336	0
2019-02-15	2786	2786	2716	2729	4338	3178	0
2019-02-18	2738	2747	2649	2649	2798	2882	0
2019-02-19	2661	2661	2637	2644	1750	2488	0
2019-02-20	2638	2653	2636	2644	802	2194	0
2019-02-21	2642	2649	2633	2640	528	1896	0
2019-02-22	2642	2645	2636	2642	520	1638	0
2019-02-25	2635	2643	2624	2624	500	1580	0
2019-02-26	2628	2632	2595	2597	830	1148	0
2019-02-27	2599	2603	2534	2564	1098	900	0
2019-02-28	2560	2618	2560	2586	1154	600	0
2019-03-01	2587	2642	2587	2636	22	596	0
2019-03-04	2594	2594	2594	2594	2	596	0
2019-03-05	2585	2585	2581	2584	10	598	0
2019-03-06	2599	2599	2597	2597	6	598	0
2019-03-07	2596	2598	2593	2594	10	598	0
2019-03-08	2588	2599	2588	2593	36	598	0
2019-03-11	2598	2598	2598	2598	2	598	0
2019-03-12	2583	2591	2580	2590	204	400	0
2019-03-13	2598	2599	2584	2584	6	400	0
2019-03-14	2586	2588	2585	2588	10	400	0
2019-03-15	2568	2568	2568	2568	2	236	0
2019-03-18	2559	2576	2555	2572	40	238	0
2019-03-19	2583	2583	2572	2572	8	236	0
2019-03-21	2568	2569	2559	2559	14	234	0
2019-03-22	2553	2553	2553	2553	2	234	0
2019-03-25	2531	2546	2531	2538	12	242	0
2019-03-26	2526	2550	2526	2540	38	244	0
2019-03-27	2539	2539	2536	2537	16	242	0
2019-03-28	2544	2564	2516	2523	42	242	0
2019-03-29	2523	2523	2489	2498	48	250	0
2019-04-01	2501	2513	2496	2503	10	250	0
2019-04-02	2493	2501	2493	2501	6	256	0
2019-04-03	2497	2505	2492	2492	28	250	0
2019-04-04	2493	2498	2472	2472	12	252	0
2019-04-08	2466	2469	2461	2469	14	254	0
2019-04-09	2491	2492	2488	2492	20	270	0
2019-04-10	2484	2511	2484	2509	44	300	0
2019-04-12	2498	2498	2482	2492	8	296	0
2019-04-15	2509	2509	2490	2491	10	296	0
2019-04-16	2477	2486	2429	2458	200	242	0
2019-04-17	2451	2466	2451	2463	36	238	0
2019-04-18	2464	2470	2419	2458	42	232	0
2019-04-19	2439	2440	2439	2440	8	232	0
2019-04-22	2447	2461	2447	2451	56	226	0
2019-04-23	2445	2476	2445	2456	14	226	0
2019-04-24	2452	2465	2452	2465	30	196	0
2019-04-25	2458	2460	2458	2460	4	196	0
2019-04-26	2485	2485	2436	2455	42	194	0
2019-04-29	2459	2462	2459	2462	10	194	0
2019-04-30	2446	2494	2446	2473	46	166	0
2019-05-07	2487	2487	2487	2487	4	168	0
2019-05-09	2468	2487	2468	2487	20	162	0
2019-05-10	2481	2486	2471	2472	14	166	0
2019-05-13	2488	2488	2488	2488	56	166	0
2019-05-14	2484	2484	2484	2484	2	164	0
2019-05-15	2469	2469	2456	2456	4	164	0
2019-05-16	2465	2465	2457	2457	10	162	0
2019-05-17	2454	2464	2454	2457	10	162	0
2019-05-20	2498	2502	2496	2502	18	112	0
2019-05-21	2517	2517	2512	2512	34	110	0
2019-05-22	2507	2507	2507	2507	2	108	0
2019-05-23	2506	2508	2480	2480	6	108	0
2019-05-24	2514	2514	2471	2473	14	108	0
2019-05-27	2473	2492	2469	2486	16	108	0
2019-05-28	2493	2493	2455	2467	40	106	0
2019-05-29	2479	2492	2467	2485	56	106	0
2019-05-30	2491	2491	2480	2482	14	104	0
2019-05-31	2490	2512	2490	2499	14	114	0
2019-06-04	2498	2525	2492	2508	10	114	0
2019-06-10	2513	2528	2499	2525	50	126	0
2019-06-11	2534	2539	2514	2517	52	114	0
2019-06-12	2497	2512	2497	2506	20	114	0
2019-06-13	2489	2489	2489	2489	2	114	0
2019-06-14	2491	2491	2490	2490	4	114	0
2019-06-17	2483	2491	2483	2491	4	112	0
2019-06-18	2485	2485	2484	2484	4	112	0
2019-06-19	2477	2477	2477	2477	2	112	0
2019-06-20	2468	2489	2468	2469	26	112	0
2019-06-24	2460	2470	2460	2470	6	108	0
2019-06-25	2466	2477	2461	2469	10	108	0
2019-06-26	2463	2463	2454	2458	12	106	0
2019-06-27	2462	2467	2462	2467	4	104	0
2019-06-28	2468	2553	2468	2533	52	76	0
2019-07-01	2543	2553	2543	2553	2	74	0
2019-07-03	2550	2550	2550	2550	12	74	0
2019-07-04	2539	2553	2539	2550	6	76	0
2019-07-05	2544	2544	2544	2544	4	74	0
2019-07-10	2506	2578	2506	2545	10	72	0
2019-07-12	2538	2561	2538	2561	10	68	0
2019-07-15	2488	2549	2488	2549	4	66	0
2019-07-17	2584	2584	2528	2528	10	66	0
2019-07-23	2530	2530	2530	2530	2	64	0
2019-07-25	2529	2581	2529	2537	10	66	0
2019-07-26	2581	2585	2581	2585	4	64	0
2019-07-29	2583	2583	2583	2583	2	66	0
2019-07-30	2503	2503	2503	2503	6	62	0
2019-08-01	2527	2532	2527	2532	8	64	0
2019-08-02	2525	2590	2525	2553	30	68	0
2019-08-05	2564	2564	2558	2563	6	66	0
2019-08-06	2552	2572	2552	2572	6	68	0
2019-08-07	2557	2578	2545	2578	12	68	0
2019-08-09	2566	2582	2562	2582	8	64	0
2019-08-12	2597	2597	2556	2557	24	58	0
2019-08-14	2556	2556	2556	2556	2	60	0
2019-08-15	2550	2556	2550	2556	6	58	0
2019-08-27	2563	2563	2557	2557	4	60	0
2019-08-28	2574	2592	2569	2592	10	68	0
2019-09-02	2606	2662	2606	2644	12	68	0
2019-09-03	2642	2663	2642	2660	26	56	0
2019-09-06	2646	2646	2646	2646	4	54	0
2019-09-09	2660	2660	2649	2649	4	52	0
2019-09-10	2664	2692	2664	2692	22	34	0
2019-09-12	2698	2698	2698	2698	2	32	0
2019-09-18	2698	2704	2698	2704	4	30	0
2019-09-20	2718	2752	2718	2738	46	34	0
2019-09-23	2779	2788	2728	2766	70	24	0
2019-09-24	2753	2753	2741	2752	8	22	0
2019-09-25	2761	2785	2745	2761	50	22	0
2019-09-26	2746	2747	2738	2744	18	28	0
2019-09-27	2727	2728	2727	2728	14	18	0
2019-10-09	2715	2715	2715	2715	2	16	0
2019-10-16	2737	2737	2716	2716	4	16	0
2019-11-22	2701	2701	2679	2692	8	14	0
2019-12-05	2688	2694	2673	2694	4	14	0
2019-12-11	2700	2700	2700	2700	2	12	0
2020-02-24	2687	2781	2687	2723	13	8	0
2020-02-25	2697	2697	2697	2697	4	4	0
2020-02-26	2744	2788	2729	2730	27	8	0
2020-02-27	2734	2734	2734	2734	1	7	0
2020-03-05	2812	2812	2633	2693	13	3	0
2020-03-11	2676	2791	2676	2704	15	3	0
2020-03-12	2751	2751	2690	2691	3	3	0
2020-03-13	2726	2726	2711	2711	7	4	0
2020-03-16	2738	2738	2638	2702	9	3	0
2020-03-19	2670	2728	2670	2700	3	3	0
2020-03-20	2716	2815	2716	2805	8	10	0
2020-03-23	2769	2784	2739	2753	13	13	0
2020-03-26	2798	2798	2798	2798	1	14	0
2020-03-27	2766	2766	2766	2766	1	13	0
2020-03-30	2741	2870	2735	2868	45	30	0
2020-03-31	2923	2958	2799	2813	47	50	0
2020-04-01	2818	2835	2818	2820	7	47	0
2020-04-02	2779	2813	2779	2799	31	44	0
2020-04-03	2778	2796	2778	2796	19	36	0
2020-04-07	2797	2863	2797	2834	24	38	0
2020-04-08	2715	2888	2715	2817	19	43	0
2020-04-09	2829	2856	2794	2824	20	49	0
2020-04-10	2820	2828	2799	2808	4	51	0
2020-04-13	2785	2839	2785	2803	7	49	0
2020-04-14	2748	2761	2706	2711	15	49	0
2020-04-15	2706	2737	2706	2730	14	49	0
2020-04-16	2700	2724	2700	2724	10	50	0
2020-04-17	2747	2747	2700	2707	13	47	0
2020-04-20	2634	2746	2634	2713	37	45	0
2020-04-21	2740	2740	2714	2736	4	43	0
2020-04-22	2716	2734	2709	2713	12	43	0
2020-04-23	2719	2719	2710	2717	9	40	0
2020-04-24	2723	2723	2706	2706	3	41	0
2020-04-28	2624	2815	2624	2785	91	32	0
2020-04-29	2794	2794	2742	2765	11	32	0
2020-04-30	2788	2792	2770	2774	5	30	0
2020-05-06	2828	2828	2767	2767	6	32	0
2020-05-07	2766	2766	2742	2743	4	30	0
2020-05-08	2739	2769	2739	2769	6	26	0
2020-05-11	2750	2750	2720	2720	2	26	0
2020-05-12	2700	2827	2700	2790	57	30	0
2020-05-13	2787	2787	2772	2772	8	28	0
2020-05-14	2752	2756	2738	2748	9	24	0
2020-05-19	2732	2732	2732	2732	1	24	0
2020-07-16	2822	2925	2800	2863	214	79	0
2020-07-17	2866	2898	2805	2859	31	82	0
2020-07-20	2867	2867	2864	2867	9	84	0
2020-07-21	2948	2948	2870	2898	46	103	0
2020-07-22	2884	2907	2884	2900	39	114	0
2020-07-23	2901	2911	2881	2891	28	113	0
2020-07-24	2853	2907	2853	2887	46	126	0
2020-07-27	2881	2903	2871	2902	244	338	0
2020-07-28	2940	2940	2866	2896	362	631	0
2020-07-29	2889	2898	2825	2891	54	637	0
2020-07-30	2899	2899	2891	2891	21	633	0
2020-07-31	2891	2906	2891	2900	21	639	0
2020-08-03	2904	2907	2892	2894	20	638	0
2020-08-05	2910	2910	2891	2897	11	634	0
2020-08-06	2891	2891	2887	2887	3	634	0
2020-08-07	2897	2897	2897	2897	1	635	0
2020-08-10	2998	2998	2857	2890	5	635	0
2020-08-11	2897	2897	2867	2871	29	616	0
2020-08-12	2874	2889	2866	2889	389	933	0
2020-08-13	2909	2909	2888	2890	121	965	0
2020-08-14	2871	2896	2870	2896	13	965	0
2020-08-17	2850	2890	2850	2877	32	948	0
2020-08-18	2874	2874	2843	2870	24	930	0
2020-08-19	2809	2897	2809	2886	197	1075	0
2020-08-20	2875	2884	2875	2884	3	1074	0
2020-08-21	2862	2883	2862	2883	8	1072	0
2020-08-24	2873	2880	2872	2879	52	1052	0
2020-08-25	2890	2890	2880	2880	7	1057	0
2020-08-26	2867	2877	2867	2874	5	1052	0
2020-08-27	2876	2881	2876	2881	5	1048	0
2020-08-28	2881	2881	2877	2877	25	1035	0
2020-08-31	2875	2877	2867	2877	13	1028	0
2020-09-01	2752	2897	2752	2880	216	823	0
2020-09-02	2878	2878	2872	2874	32	794	0
2020-09-03	2866	2872	2866	2872	2	793	0
2020-09-07	2873	2873	2873	2873	45	750	0
2020-09-08	2866	2918	2866	2889	41	757	0
2020-09-09	2886	2886	2859	2859	44	732	0
2020-09-11	2861	2871	2861	2869	5	729	0
2020-09-14	2864	2874	2864	2868	22	713	0
2020-09-15	2861	2872	2861	2872	4	711	0
2020-09-16	2873	2873	2873	2873	1	711	0
2020-09-17	2889	2889	2884	2884	2	713	0
2020-09-18	2890	2898	2844	2873	68	678	0
2020-09-21	2867	2867	2867	2867	1	678	0
2020-09-22	2870	2870	2862	2863	4	676	0
2020-09-23	2870	2874	2870	2874	5	673	0
2020-09-24	2865	2892	2865	2885	22	672	0
2020-09-25	2894	2894	2880	2886	6	668	0
2020-09-28	2884	2884	2884	2884	4	667	0
2020-09-29	2896	2908	2888	2888	21	658	0
2020-09-30	2899	2899	2886	2886	102	559	0
2020-10-09	2919	2919	2899	2900	52	508	0
2020-10-12	2911	2938	2903	2938	16	506	0
2020-10-14	2938	2938	2938	2938	3	503	0
2020-10-15	2968	2968	2950	2968	4	504	0
2020-10-16	3000	3000	2971	2971	9	495	0
2020-10-19	3144	3144	3144	3144	167	473	0
2020-10-20	3169	3204	3107	3140	99	464	0
2020-10-21	3104	3131	3104	3108	21	462	0
2020-10-22	3115	3126	3115	3115	7	458	0
2020-10-23	3187	3187	3106	3108	5	456	0
2020-10-26	3090	3090	3090	3090	6	453	0
2020-10-27	3196	3196	3031	3054	6	452	0
2020-10-28	3052	3052	3052	3052	38	431	0
2020-10-29	3020	3112	3000	3038	175	278	0
2020-10-30	2964	3190	2964	3010	104	178	0
2020-11-03	3350	3400	3350	3400	33	146	0
2022-05-16	2648	2648	2648	2648	4	48	0
数据来源:通达信
