LUL9 低硫油指数 日线 前复权
      日期	    开盘	    最高	    最低	    收盘	    成交量	    持仓量	    结算价
2020-06-23	2630	2682	2629	2653	145750	34325	0
2020-06-24	2667	2676	2593	2607	79691	35160	0
2020-06-29	2582	2582	2489	2517	64165	43471	0
2020-06-30	2539	2570	2525	2537	42795	41259	0
2020-07-01	2533	2571	2519	2556	29043	40221	0
2020-07-02	2546	2574	2532	2556	39175	42570	0
2020-07-03	2567	2615	2566	2592	43383	40472	0
2020-07-06	2599	2614	2568	2604	30949	38346	0
2020-07-07	2607	2608	2558	2577	27002	37940	0
2020-07-08	2577	2594	2567	2573	13930	37879	0
2020-07-09	2584	2584	2548	2566	14644	37564	0
2020-07-10	2564	2577	2487	2496	21721	38316	0
2020-07-13	2513	2559	2510	2545	15349	37167	0
2020-07-14	2545	2562	2496	2521	18265	39045	0
2020-07-15	2515	2541	2510	2522	13862	39369	0
2020-07-16	2537	2541	2506	2513	16512	38802	0
2020-07-17	2510	2537	2488	2494	19184	39752	0
2020-07-20	2484	2520	2439	2455	29116	40783	0
2020-07-21	2455	2489	2439	2489	18547	38375	0
2020-07-22	2539	2600	2519	2530	37713	37519	0
2020-07-23	2521	2590	2519	2590	16309	37577	0
2020-07-24	2564	2572	2490	2508	30438	39667	0
2020-07-27	2516	2523	2487	2489	22870	45534	0
2020-07-28	2498	2512	2468	2495	29567	52381	0
2020-07-29	2487	2517	2480	2513	22718	59792	0
2020-07-30	2513	2527	2493	2503	19940	63944	0
2020-07-31	2486	2486	2397	2438	64109	78805	0
2020-08-03	2437	2439	2408	2414	29239	82514	0
2020-08-04	2424	2458	2424	2439	25640	86454	0
2020-08-05	2429	2478	2422	2474	38076	90815	0
2020-08-06	2504	2534	2462	2482	57519	91489	0
2020-08-07	2491	2501	2463	2463	26720	92791	0
2020-08-10	2472	2489	2460	2485	24637	94517	0
2020-08-11	2486	2502	2442	2447	35064	98444	0
2020-08-12	2456	2511	2431	2511	54234	99088	0
2020-08-13	2518	2522	2482	2483	33380	101362	0
2020-08-14	2495	2497	2456	2466	37886	105718	0
2020-08-17	2464	2476	2460	2465	23995	106977	0
2020-08-18	2464	2498	2456	2470	34985	108934	0
2020-08-19	2478	2491	2467	2482	38251	113832	0
2020-08-20	2484	2521	2472	2511	55285	116883	0
2020-08-21	2506	2558	2478	2511	74521	121612	0
2020-08-24	2504	2517	2475	2483	68421	125529	0
2020-08-25	2490	2515	2488	2514	49400	120135	0
2020-08-26	2518	2579	2516	2552	55936	124108	0
2020-08-27	2557	2559	2521	2534	34910	130982	0
2020-08-28	2532	2532	2494	2498	47239	138501	0
2020-08-31	2506	2530	2500	2518	44067	140182	0
2020-09-01	2519	2522	2486	2505	41746	148229	0
2020-09-02	2510	2536	2500	2516	56881	151307	0
2020-09-03	2515	2516	2407	2419	91168	170563	0
2020-09-04	2417	2417	2350	2382	98728	179859	0
2020-09-07	2381	2397	2315	2323	104757	192810	0
2020-09-08	2340	2351	2316	2325	51222	194134	0
2020-09-09	2264	2272	2205	2216	112718	191119	0
2020-09-10	2246	2275	2235	2256	64106	191671	0
2020-09-11	2247	2270	2234	2242	51120	195151	0
2020-09-14	2227	2299	2227	2275	79708	194880	0
2020-09-15	2269	2279	2253	2257	57648	198140	0
2020-09-16	2268	2303	2259	2294	79581	199054	0
2020-09-17	2291	2300	2243	2251	74335	204394	0
2020-09-18	2260	2356	2255	2354	118036	195485	0
2020-09-21	2334	2375	2322	2325	84348	199767	0
2020-09-22	2321	2331	2215	2265	121228	196779	0
2020-09-23	2268	2287	2240	2256	81420	195690	0
2020-09-24	2269	2293	2250	2254	90675	183540	0
2020-09-25	2256	2297	2249	2273	71084	174877	0
2020-09-28	2269	2290	2263	2290	51111	164230	0
2020-09-29	2307	2317	2281	2305	47284	158534	0
2020-09-30	2306	2306	2226	2233	64439	160537	0
2020-10-09	2353	2365	2293	2337	42680	155604	0
2020-10-12	2343	2355	2322	2348	75753	169047	0
2020-10-13	2349	2364	2322	2329	62132	177065	0
2020-10-14	2335	2349	2300	2332	63276	181666	0
2020-10-15	2344	2397	2343	2382	106951	189885	0
2020-10-16	2340	2414	2334	2381	91414	198583	0
2020-10-19	2379	2394	2369	2380	63851	200178	0
2020-10-20	2376	2376	2324	2339	87347	202760	0
2020-10-21	2337	2365	2332	2346	63840	202462	0
2020-10-22	2347	2350	2288	2312	82859	201869	0
2020-10-23	2319	2350	2316	2326	66022	191798	0
2020-10-26	2338	2350	2256	2266	87513	200883	0
2020-10-27	2267	2289	2263	2289	64211	204039	0
2020-10-28	2286	2299	2251	2267	75879	208320	0
2020-10-29	2218	2234	2200	2200	88721	212239	0
2020-10-30	2109	2173	2055	2109	164774	211826	0
2020-11-02	2117	2130	2033	2069	119130	217859	0
2020-11-03	2085	2165	2085	2159	100110	216191	0
2020-11-04	2187	2238	2177	2223	125740	207457	0
2020-11-05	2235	2248	2196	2230	86766	202484	0
2020-11-06	2243	2256	2183	2199	88111	204974	0
2020-11-09	2195	2257	2194	2239	74027	205546	0
2020-11-10	2348	2366	2300	2319	135487	204416	0
2020-11-11	2329	2435	2328	2417	136400	214369	0
2020-11-12	2424	2453	2358	2390	138304	212378	0
2020-11-13	2380	2407	2312	2328	95103	210218	0
2020-11-16	2332	2354	2280	2334	78289	210943	0
2020-11-17	2377	2421	2362	2376	127496	213325	0
2020-11-18	2369	2383	2333	2367	80613	207744	0
2020-11-19	2418	2425	2375	2394	101854	206275	0
2020-11-20	2403	2439	2394	2410	102996	208614	0
2020-11-23	2401	2465	2385	2448	136981	215274	0
2020-11-24	2457	2518	2442	2516	129293	212811	0
2020-11-25	2508	2595	2497	2568	158298	201711	0
2020-11-26	2574	2637	2565	2605	131383	193863	0
2020-11-27	2576	2582	2538	2550	137718	185749	0
2020-11-30	2560	2579	2514	2525	123044	187031	0
2020-12-01	2543	2600	2532	2538	125850	185825	0
2020-12-02	2549	2553	2470	2492	125354	186684	0
2020-12-03	2501	2569	2493	2539	127809	184905	0
2020-12-04	2534	2614	2501	2574	124202	182826	0
2020-12-07	2570	2596	2544	2590	99745	182295	0
2020-12-08	2570	2599	2517	2523	102874	179866	0
2020-12-09	2524	2558	2514	2536	97167	173528	0
2020-12-10	2550	2582	2532	2540	98847	176224	0
2020-12-11	2564	2670	2563	2629	160291	179848	0
2020-12-14	2619	2695	2604	2684	123462	185720	0
2020-12-15	2683	2694	2628	2650	95231	186155	0
2020-12-16	2667	2687	2648	2649	84437	181906	0
2020-12-17	2658	2731	2643	2712	105407	186454	0
2020-12-18	2698	2711	2656	2674	95215	178497	0
2020-12-21	2677	2740	2585	2608	145966	170623	0
2020-12-22	2592	2644	2541	2551	108737	163996	0
2020-12-23	2579	2601	2516	2539	101009	158671	0
2020-12-24	2565	2627	2562	2609	89938	155626	0
2020-12-25	2590	2634	2577	2628	72255	144590	0
2020-12-28	2635	2636	2576	2592	80724	138244	0
2020-12-29	2632	2652	2583	2620	92926	139488	0
2020-12-30	2637	2652	2604	2622	83526	139661	0
2020-12-31	2633	2675	2602	2656	83511	140563	0
2021-01-04	2649	2729	2632	2720	66094	143930	0
2021-01-05	2701	2717	2611	2615	78768	150159	0
2021-01-06	2646	2768	2635	2761	110040	152255	0
2021-01-07	2742	2772	2701	2754	96840	160622	0
2021-01-08	2762	2786	2723	2766	101186	160241	0
2021-01-11	2802	2828	2732	2756	131666	155760	0
2021-01-12	2765	2859	2753	2857	119248	160112	0
2021-01-13	2880	2889	2811	2868	88922	157539	0
2021-01-14	2858	2888	2809	2850	69546	159979	0
2021-01-15	2837	2909	2818	2843	83972	164327	0
2021-01-18	2833	2867	2814	2857	77032	172339	0
2021-01-19	2850	2899	2833	2844	64519	174184	0
2021-01-20	2844	2922	2839	2911	85487	182040	0
2021-01-21	2906	2915	2833	2850	65856	177670	0
2021-01-22	2843	2861	2791	2797	75675	175820	0
2021-01-25	2754	2815	2747	2792	72661	173835	0
2021-01-26	2799	2840	2776	2803	77199	171270	0
2021-01-27	2835	2860	2809	2855	54354	171902	0
2021-01-28	2839	2847	2795	2824	66624	166879	0
2021-01-29	2828	2882	2797	2810	96976	143710	0
2021-02-01	2821	2855	2779	2839	88377	143003	0
2021-02-02	2852	2947	2835	2939	80431	149660	0
2021-02-03	2961	2966	2927	2945	67686	150868	0
2021-02-04	2953	3004	2939	2969	77102	151450	0
2021-02-05	2978	3032	2967	3020	71472	154734	0
2021-02-08	3034	3084	3031	3048	85868	156138	0
2021-02-09	3062	3151	3057	3127	73366	147934	0
2021-02-10	3114	3121	3043	3065	61561	139644	0
2021-02-18	3232	3276	3228	3243	52647	136352	0
2021-02-19	3239	3263	3140	3190	85471	136148	0
2021-02-22	3180	3225	3160	3211	62359	135874	0
2021-02-23	3196	3351	3165	3298	93899	115419	0
2021-02-24	3292	3297	3225	3262	82052	95573	0
2021-02-25	3296	3360	3267	3349	60417	89565	0
2021-02-26	3363	3364	3291	3294	69435	87247	0
2021-03-01	3251	3336	3250	3264	59036	86287	0
2021-03-02	3261	3261	3099	3109	77109	85522	0
2021-03-03	3156	3188	3119	3149	51833	88982	0
2021-03-04	3172	3225	3158	3207	46791	93325	0
2021-03-05	3196	3371	3181	3369	79021	93888	0
2021-03-08	3389	3514	3379	3498	76974	96134	0
2021-03-09	3445	3454	3354	3364	65866	96499	0
2021-03-10	3384	3389	3275	3287	68583	96751	0
2021-03-11	3315	3358	3304	3326	68294	97490	0
2021-03-12	3343	3396	3337	3355	66182	100916	0
2021-03-15	3370	3453	3362	3430	77503	102648	0
2021-03-16	3382	3385	3306	3325	69534	105244	0
2021-03-17	3315	3356	3278	3348	55880	105879	0
2021-03-18	3296	3321	3242	3254	64287	103108	0
2021-03-19	3251	3264	3033	3039	114980	100768	0
2021-03-22	3061	3166	3047	3154	81994	99640	0
2021-03-23	3143	3177	3108	3127	46594	97611	0
2021-03-24	3043	3079	2991	3029	84654	93848	0
2021-03-25	3054	3101	3049	3073	62013	85065	0
2021-03-26	3038	3068	3003	3068	87576	71229	0
2021-03-29	3092	3149	3063	3090	76767	73542	0
2021-03-30	3123	3175	3091	3145	68303	81119	0
2021-03-31	3108	3144	3103	3135	51382	83732	0
2021-04-01	3113	3125	3052	3084	57225	80416	0
2021-04-02	3109	3211	3061	3210	75363	80806	0
2021-04-06	3099	3125	3073	3103	37400	84918	0
2021-04-07	3100	3153	3052	3075	69033	93305	0
2021-04-08	3095	3104	3046	3075	58195	96731	0
2021-04-09	3095	3141	3084	3113	59663	97529	0
2021-04-12	3110	3171	3092	3104	68668	99459	0
2021-04-13	3154	3191	3131	3168	83719	98719	0
2021-04-14	3166	3221	3150	3216	59925	99174	0
2021-04-15	3213	3315	3206	3315	64906	101925	0
2021-04-16	3292	3338	3276	3333	53195	105359	0
2021-04-19	3329	3335	3269	3286	60564	109519	0
2021-04-20	3289	3313	3257	3294	63854	108676	0
2021-04-21	3283	3286	3185	3215	60658	106365	0
2021-04-22	3168	3209	3125	3137	71870	101713	0
2021-04-23	3162	3175	3137	3173	55502	96344	0
2021-04-26	3163	3208	3112	3142	108774	81707	0
2021-04-27	3122	3189	3104	3180	103619	77835	0
2021-04-28	3179	3212	3169	3204	85124	83088	0
2021-04-29	3219	3251	3204	3241	86913	85343	0
2021-04-30	3272	3286	3220	3254	76408	89144	0
2021-05-06	3292	3326	3280	3289	47590	88235	0
2021-05-07	3275	3318	3258	3306	96392	97696	0
2021-05-10	3255	3353	3239	3305	109028	104147	0
2021-05-11	3283	3286	3188	3215	94400	105089	0
2021-05-12	3215	3304	3203	3303	76253	109928	0
2021-05-13	3291	3347	3229	3259	89014	108617	0
2021-05-14	3227	3229	3140	3151	104760	110035	0
2021-05-17	3182	3276	3175	3212	94133	110419	0
2021-05-18	3193	3242	3179	3224	80603	112662	0
2021-05-19	3205	3205	3088	3108	103502	121039	0
2021-05-20	3086	3109	3020	3076	80351	122047	0
2021-05-21	3087	3094	2991	2993	80557	125688	0
2021-05-24	3051	3134	3049	3123	77631	118130	0
2021-05-25	3125	3171	3104	3156	62317	110599	0
2021-05-26	3131	3168	3124	3168	92766	83688	0
2021-05-27	3121	3179	3107	3139	92001	72804	0
2021-05-28	3146	3225	3145	3208	92558	66993	0
2021-05-31	3228	3241	3181	3225	74090	67397	0
2021-06-01	3246	3299	3232	3298	61806	65841	0
2021-06-02	3334	3357	3288	3313	57559	71705	0
2021-06-03	3327	3386	3299	3383	74049	78951	0
2021-06-04	3360	3393	3332	3388	75394	84037	0
2021-06-07	3394	3412	3340	3362	88988	87936	0
2021-06-08	3376	3388	3313	3331	64909	90155	0
2021-06-09	3333	3412	3308	3391	65017	94928	0
2021-06-10	3381	3387	3278	3298	79996	88980	0
2021-06-11	3347	3380	3300	3371	66303	87479	0
2021-06-15	3396	3429	3377	3397	55793	90247	0
2021-06-16	3416	3467	3390	3451	66103	98530	0
2021-06-17	3443	3445	3395	3423	69990	99227	0
2021-06-18	3426	3464	3329	3344	86114	97385	0
2021-06-21	3344	3441	3340	3407	67703	97384	0
2021-06-22	3384	3478	3351	3474	80212	101865	0
2021-06-23	3457	3519	3448	3516	53503	102964	0
2021-06-24	3517	3527	3456	3490	58828	98880	0
2021-06-25	3463	3513	3449	3484	66432	90281	0
2021-06-28	3496	3544	3445	3507	141943	68307	0
2021-06-29	3510	3520	3415	3435	102449	73572	0
2021-06-30	3449	3490	3417	3449	93391	71368	0
2021-07-01	3461	3497	3442	3458	84000	71940	0
2021-07-02	3529	3560	3507	3528	78208	76310	0
2021-07-05	3550	3562	3501	3559	67883	81040	0
2021-07-06	3547	3586	3491	3558	73673	88542	0
2021-07-07	3528	3528	3383	3410	107774	91355	0
2021-07-08	3429	3456	3348	3365	88847	96599	0
2021-07-09	3369	3436	3362	3421	73142	98847	0
2021-07-12	3446	3517	3446	3495	60625	98617	0
2021-07-13	3474	3517	3461	3516	45986	99094	0
2021-07-14	3480	3579	3475	3574	55088	101742	0
2021-07-15	3576	3582	3423	3441	63900	101494	0
2021-07-16	3444	3454	3392	3405	44685	100673	0
2021-07-19	3418	3432	3360	3390	57839	101520	0
2021-07-20	3330	3340	3215	3235	78690	102958	0
2021-07-21	3212	3247	3193	3239	61338	101052	0
2021-07-22	3281	3364	3279	3355	46890	98923	0
2021-07-23	3352	3426	3345	3411	51494	91715	0
2021-07-26	3418	3439	3377	3377	66804	77964	0
2021-07-27	3424	3467	3400	3433	78277	72150	0
2021-07-28	3447	3479	3441	3463	54210	69505	0
2021-07-29	3457	3475	3429	3469	52106	67502	0
2021-07-30	3461	3493	3451	3476	47121	66012	0
2021-08-02	3498	3517	3436	3472	49763	63535	0
2021-08-03	3494	3501	3356	3361	62748	63100	0
2021-08-04	3319	3365	3304	3357	59878	64404	0
2021-08-05	3316	3332	3248	3261	70553	67473	0
2021-08-06	3268	3352	3260	3342	48318	65560	0
2021-08-09	3363	3372	3234	3252	57856	65912	0
2021-08-10	3229	3266	3184	3265	59221	68150	0
2021-08-11	3268	3340	3257	3329	46485	65919	0
2021-08-12	3291	3348	3254	3325	54061	63924	0
2021-08-13	3327	3340	3299	3311	36595	63374	0
2021-08-16	3328	3339	3212	3228	57183	65479	0
2021-08-17	3202	3241	3176	3204	42501	68011	0
2021-08-18	3221	3258	3204	3241	44207	68581	0
2021-08-19	3249	3254	3132	3134	53868	71481	0
2021-08-20	3120	3145	3084	3137	59950	73839	0
2021-08-23	3093	3150	3082	3135	51483	73931	0
2021-08-24	3173	3278	3159	3265	64473	66234	0
2021-08-25	3281	3315	3267	3307	47664	64357	0
2021-08-26	3323	3359	3292	3343	84072	53484	0
2021-08-27	3341	3376	3308	3376	75488	57127	0
2021-08-30	3382	3407	3346	3389	69939	63962	0
2021-08-31	3401	3414	3366	3387	62809	71832	0
2021-09-01	3374	3459	3350	3448	86701	84004	0
2021-09-02	3421	3425	3349	3405	66693	84988	0
2021-09-03	3425	3481	3425	3459	61924	86534	0
2021-09-06	3476	3476	3380	3385	70825	87717	0
2021-09-07	3429	3474	3426	3459	55547	91916	0
2021-09-08	3422	3455	3394	3444	61147	92150	0
2021-09-09	3467	3489	3436	3461	62088	95628	0
2021-09-10	3440	3474	3379	3419	81451	94733	0
2021-09-13	3464	3547	3464	3522	79409	102797	0
2021-09-14	3534	3545	3494	3530	52603	104184	0
2021-09-15	3515	3541	3490	3534	55938	103465	0
2021-09-16	3571	3613	3541	3551	68731	103325	0
2021-09-17	3544	3614	3535	3562	69240	102812	0
2021-09-22	3514	3624	3514	3620	52629	108004	0
2021-09-23	3612	3682	3591	3639	72035	111970	0
2021-09-24	3636	3705	3601	3663	73510	106270	0
2021-09-27	3628	3738	3621	3673	99154	94779	0
2021-09-28	3686	3788	3667	3784	137056	97367	0
2021-09-29	3772	3772	3597	3612	158614	89028	0
2021-09-30	3657	3690	3625	3658	105283	82720	0
2021-10-08	3876	3915	3846	3872	79349	88914	0
2021-10-11	3859	3926	3848	3894	92542	97234	0
2021-10-12	3921	3952	3879	3926	97859	98219	0
2021-10-13	3926	3968	3852	3922	100395	96517	0
2021-10-14	3889	3983	3849	3953	90653	96471	0
2021-10-15	3986	4053	3926	4025	118186	100302	0
2021-10-18	4012	4033	3973	3996	102949	105525	0
2021-10-19	3995	4011	3874	3932	96667	98963	0
2021-10-20	3924	3945	3842	3908	95614	95182	0
2021-10-21	3902	4025	3884	3914	90125	91471	0
2021-10-22	3930	4016	3877	3917	127656	85551	0
2021-10-25	3972	4011	3914	3981	107284	87331	0
2021-10-26	3994	4009	3919	3945	101582	73628	0
2021-10-27	3958	3966	3874	3880	112117	72289	0
2021-10-28	3889	3926	3710	3797	147205	64904	0
2021-10-29	3796	3873	3791	3867	87119	62693	0
2021-11-01	3825	3857	3796	3813	86179	59652	0
2021-11-02	3877	3926	3835	3900	89168	58122	0
2021-11-03	3883	3884	3776	3813	102820	60094	0
2021-11-04	3764	3783	3675	3702	107315	63295	0
2021-11-05	3811	3851	3676	3707	125485	60364	0
2021-11-08	3735	3882	3735	3854	94063	60078	0
2021-11-09	3860	3860	3820	3835	66299	62280	0
2021-11-10	3851	3941	3831	3930	80440	64242	0
2021-11-11	3897	3912	3763	3775	76220	64523	0
2021-11-12	3756	3817	3739	3767	71741	61702	0
2021-11-15	3728	3771	3689	3697	79636	62430	0
2021-11-16	3667	3781	3651	3761	79298	62746	0
2021-11-17	3758	3759	3692	3704	61044	63892	0
2021-11-18	3714	3734	3618	3618	78291	65782	0
2021-11-19	3650	3767	3648	3746	81171	64851	0
2021-11-22	3608	3655	3570	3587	97646	65136	0
2021-11-23	3572	3654	3557	3590	69772	64756	0
2021-11-24	3624	3762	3624	3761	79254	63831	0
2021-11-25	3745	3777	3724	3747	69121	63107	0
2021-11-26	3758	3764	3636	3641	75554	56765	0
2021-11-29	3581	3591	3425	3451	133758	70627	0
2021-11-30	3466	3492	3246	3266	150044	79279	0
2021-12-01	3279	3303	3192	3291	120863	81034	0
2021-12-02	3320	3335	3225	3289	128514	79691	0
2021-12-03	3248	3380	3175	3360	132647	79457	0
2021-12-06	3376	3419	3351	3362	88302	77897	0
2021-12-07	3390	3439	3323	3412	74273	77893	0
2021-12-08	3446	3488	3429	3453	61326	76170	0
2021-12-09	3465	3515	3440	3487	60048	75467	0
2021-12-10	3448	3467	3403	3436	65579	75880	0
2021-12-13	3487	3548	3479	3542	63135	75487	0
2021-12-14	3474	3507	3443	3472	53666	78120	0
2021-12-15	3476	3482	3404	3405	61924	78100	0
2021-12-16	3429	3546	3418	3519	71164	78037	0
2021-12-17	3502	3534	3489	3523	47168	78993	0
2021-12-20	3479	3511	3326	3339	80466	80308	0
2021-12-21	3326	3397	3319	3364	66028	78033	0
2021-12-22	3364	3489	3357	3451	79570	80287	0
2021-12-23	3490	3563	3457	3545	64023	82425	0
2021-12-24	3536	3590	3523	3587	47885	74146	0
2021-12-27	3587	3661	3540	3544	72581	69038	0
2021-12-28	3535	3690	3532	3685	69399	74290	0
2021-12-29	3705	3720	3660	3676	78633	75774	0
2021-12-30	3667	3693	3632	3674	84615	74292	0
2021-12-31	3661	3718	3645	3687	72077	75713	0
2022-01-04	3659	3672	3623	3644	64603	75730	0
2022-01-05	3643	3721	3637	3687	70451	81180	0
2022-01-06	3702	3719	3641	3651	65669	84994	0
2022-01-07	3730	3792	3729	3792	80931	94715	0
2022-01-10	3776	3783	3719	3739	74743	93975	0
2022-01-11	3716	3765	3713	3755	59136	96649	0
2022-01-12	3782	3871	3769	3831	70440	96472	0
2022-01-13	3836	3899	3835	3869	56382	98187	0
2022-01-14	3878	3903	3854	3896	60959	97693	0
2022-01-17	3909	3973	3881	3954	81320	100900	0
2022-01-18	3934	4037	3924	4031	81395	103476	0
2022-01-19	4029	4100	4007	4055	77965	105191	0
2022-01-20	4057	4084	4010	4055	72486	106685	0
2022-01-21	4030	4061	3944	4005	81394	103379	0
2022-01-24	4012	4076	4003	4037	72948	99699	0
2022-01-25	4015	4021	3920	3964	82210	95385	0
2022-01-26	3930	3994	3915	3990	95290	85098	0
2022-01-27	4019	4068	4018	4035	83834	85765	0
2022-01-28	4095	4127	4015	4027	105555	83947	0
2022-02-07	4231	4334	4202	4286	73772	91284	0
2022-02-08	4261	4276	4196	4229	85094	96577	0
2022-02-09	4162	4186	4118	4119	73517	95460	0
2022-02-10	4149	4228	4141	4207	70479	95283	0
2022-02-11	4257	4295	4200	4217	82579	96173	0
2022-02-14	4290	4437	4255	4412	97698	103592	0
2022-02-15	4327	4403	4313	4372	91290	100239	0
2022-02-16	4273	4300	4165	4196	115920	98043	0
2022-02-17	4243	4279	4159	4217	101311	97690	0
2022-02-18	4214	4257	4165	4171	102944	94865	0
2022-02-21	4134	4240	4107	4207	105955	93135	0
2022-02-22	4219	4369	4218	4355	78878	91179	0
2022-02-23	4339	4349	4275	4329	67945	88350	0
2022-02-24	4313	4495	4270	4451	134208	84787	0
2022-02-25	4533	4545	4340	4376	148738	86292	0
2022-02-28	4298	4474	4206	4471	146077	85376	0
2022-03-01	4414	4525	4386	4494	102872	83362	0
2022-03-02	4616	4788	4558	4787	124878	89680	0
2022-03-03	4830	5082	4799	5070	179412	86332	0
2022-03-04	5070	5116	4860	4940	111099	83562	0
2022-03-07	5005	5365	4984	5365	67050	85854	0
2022-03-08	5272	5626	5184	5493	120781	77360	0
2022-03-09	5482	5749	5481	5722	93931	72817	0
2022-03-10	5409	5480	4901	4958	103478	62921	0
2022-03-11	5036	5228	4823	4934	134085	63502	0
2022-03-14	4893	4977	4826	4975	110110	64130	0
2022-03-15	4902	4929	4483	4491	131467	66554	0
2022-03-16	4410	4568	4351	4520	146071	64497	0
2022-03-17	4527	4567	4323	4473	131275	63873	0
2022-03-18	4657	4912	4626	4882	146414	64925	0
2022-03-21	4788	5047	4728	4988	124404	67265	0
2022-03-22	5088	5300	5061	5185	141941	68343	0
2022-03-23	5147	5211	4999	5122	138033	68506	0
2022-03-24	5298	5406	5235	5240	122535	68801	0
2022-03-25	5276	5344	5177	5273	118112	65424	0
2022-03-28	5156	5244	5099	5139	145891	60303	0
2022-03-29	5072	5074	4913	4971	132903	61482	0
2022-03-30	4702	4992	4687	4992	140392	60022	0
2022-03-31	5019	5059	4803	4889	120875	59891	0
2022-04-01	4846	4965	4765	4778	110124	55764	0
2022-04-06	4884	5000	4841	4986	58031	57985	0
2022-04-07	4991	4996	4695	4740	92304	58953	0
2022-04-08	4734	4768	4653	4760	86893	57264	0
2022-04-11	4758	4820	4673	4811	72409	58572	0
2022-04-12	4733	4857	4643	4810	105950	56565	0
2022-04-13	4834	4982	4834	4924	96194	56810	0
2022-04-14	5010	5106	4933	5038	97296	58908	0
2022-04-15	5035	5301	5030	5286	98598	59200	0
2022-04-18	5294	5403	5165	5211	117549	56989	0
2022-04-19	5223	5251	5134	5161	113808	54735	0
2022-04-20	5101	5125	5019	5060	102445	56247	0
2022-04-21	5081	5127	5012	5124	77559	56638	0
2022-04-22	5090	5211	5060	5137	93042	58156	0
2022-04-25	5156	5176	4915	4940	96779	56642	0
2022-04-26	4919	5007	4821	4936	130109	56216	0
2022-04-27	4961	5091	4931	5077	125002	64902	0
2022-04-28	5028	5074	4960	5062	125042	69055	0
2022-04-29	5064	5383	5062	5364	180681	73090	0
2022-05-05	5454	5561	5454	5526	89992	77234	0
2022-05-06	5569	5643	5455	5552	153286	84440	0
2022-05-09	5582	5677	5497	5570	166284	89322	0
2022-05-10	5507	5586	5206	5310	164881	86092	0
2022-05-11	5351	5381	5188	5319	158228	86667	0
2022-05-12	5357	5458	5295	5337	153915	86105	0
2022-05-13	5349	5580	5344	5518	129454	88241	0
2022-05-16	5590	5704	5546	5631	132916	89130	0
2022-05-17	5651	5853	5638	5791	143129	94918	0
2022-05-18	5800	5862	5744	5758	101604	96553	0
数据来源:通达信
