MAL9 甲醇指数 日线 前复权
      日期	    开盘	    最高	    最低	    收盘	    成交量	    持仓量	    结算价
2014-06-18	2858	2902	2833	2896	2118	2176	0
2014-06-19	2901	2929	2890	2901	3532	2956	0
2014-06-20	2905	2919	2896	2908	1504	2978	0
2014-06-23	2910	2950	2896	2910	2480	2896	0
2014-06-24	2906	2948	2903	2939	1690	2962	0
2014-06-25	2941	2991	2933	2987	4348	4192	0
2014-06-26	2990	3020	2970	3004	5220	3986	0
2014-06-27	3004	3008	2978	2987	2840	3986	0
2014-06-30	2983	3005	2966	2991	3020	4008	0
2014-07-01	2994	3002	2963	2977	3648	4204	0
2014-07-02	2982	2992	2911	2965	3150	4358	0
2014-07-03	2958	2975	2946	2962	1926	4800	0
2014-07-04	2961	2972	2951	2960	1454	4750	0
2014-07-07	2956	3013	2954	3012	4722	5804	0
2014-07-08	3013	3038	2996	3001	6078	6912	0
2014-07-09	3000	3003	2958	2958	3916	6010	0
2014-07-10	2956	2964	2931	2937	3352	5446	0
2014-07-11	2940	2958	2915	2919	2332	5516	0
2014-07-14	2919	2922	2877	2904	2114	5302	0
2014-07-15	2908	2920	2882	2900	1286	5498	0
2014-07-16	2905	2905	2873	2880	1120	5310	0
2014-07-17	2880	2932	2875	2912	2552	5490	0
2014-07-18	2915	2925	2842	2866	2722	5158	0
2014-07-21	2866	2879	2851	2863	1042	5116	0
2014-07-22	2866	2889	2852	2880	1494	4978	0
2014-07-23	2880	2897	2835	2873	1486	4890	0
2014-07-24	2875	2895	2850	2876	1074	4908	0
2014-07-25	2875	2896	2872	2892	940	5020	0
2014-07-28	2897	2943	2862	2940	2210	5126	0
2014-07-29	2934	2948	2925	2929	1100	4958	0
2014-07-30	2921	2940	2903	2932	1670	4904	0
2014-07-31	2921	2943	2915	2917	1026	4856	0
2014-08-01	2900	2912	2881	2882	2092	4186	0
2014-08-04	2880	2906	2875	2901	774	4154	0
2014-08-05	2901	2919	2900	2905	1404	4126	0
2014-08-06	2901	2901	2831	2889	886	4036	0
2014-08-07	2884	2930	2883	2883	1760	3772	0
2014-08-08	2883	2937	2883	2935	1812	3970	0
2014-08-11	2939	2956	2916	2925	1654	3702	0
2014-08-12	2910	2937	2901	2917	1504	3516	0
2014-08-13	2936	3010	2933	2989	3748	4086	0
2014-08-14	2989	2999	2970	2995	2274	4298	0
2014-08-15	2988	2998	2958	2976	1890	4152	0
2014-08-18	2975	2986	2961	2978	1752	4248	0
2014-08-19	2974	2997	2970	2987	3184	5162	0
2014-08-20	2986	2987	2963	2968	1618	4812	0
2014-08-21	2979	2984	2960	2964	1466	4598	0
2014-08-22	2962	2970	2940	2943	1548	4224	0
2014-08-25	2939	2945	2890	2891	3482	4808	0
2014-08-26	2887	2888	2832	2840	6594	7080	0
2014-08-27	2846	2874	2843	2858	3490	8188	0
2014-08-28	2855	2873	2836	2841	3270	8952	0
2014-08-29	2836	2840	2793	2826	6506	10822	0
2014-09-01	2829	2866	2829	2848	3408	10830	0
2014-09-02	2853	2961	2849	2851	5460	10180	0
2014-09-03	2844	2869	2836	2850	3438	10350	0
2014-09-04	2867	2880	2855	2857	2506	10782	0
2014-09-05	2862	2866	2845	2859	2278	10910	0
2014-09-09	2862	2866	2842	2852	2120	10748	0
2014-09-10	2847	2878	2822	2856	3918	10776	0
2014-09-11	2849	2866	2845	2857	2256	10792	0
2014-09-12	2853	2861	2815	2823	7394	14336	0
2014-09-15	2820	2868	2815	2868	7216	15646	0
2014-09-16	2881	2907	2872	2892	9838	16836	0
2014-09-17	2903	2920	2891	2913	6526	18108	0
2014-09-18	2908	2918	2895	2905	4624	18546	0
2014-09-19	2902	2929	2902	2927	5442	18934	0
2014-09-22	2925	2942	2899	2922	9976	18522	0
2014-09-23	2930	2931	2858	2861	13002	17068	0
2014-09-24	2853	2892	2849	2878	5150	17134	0
2014-09-25	2886	2888	2864	2875	3476	16802	0
2014-09-26	2876	2880	2861	2875	4908	16516	0
2014-09-29	2864	2864	2849	2852	3884	17018	0
2014-09-30	2864	2899	2860	2879	3474	15782	0
2014-10-08	2864	2868	2837	2837	3038	16214	0
2014-10-09	2816	2852	2813	2846	3328	16368	0
2014-10-10	2829	2829	2738	2755	9630	18722	0
2014-10-13	2755	2784	2754	2757	7116	18902	0
2014-10-14	2767	2791	2741	2786	5674	19330	0
2014-10-15	2760	2807	2756	2783	4518	18796	0
2014-10-16	2772	2789	2761	2770	6326	16932	0
2014-10-17	2798	2805	2749	2749	6394	15598	0
2014-10-20	2751	2757	2699	2712	29318	24600	0
2014-10-21	2708	2746	2708	2737	11706	25400	0
2014-10-22	2743	2759	2730	2742	9244	23930	0
2014-10-23	2730	2777	2729	2776	9736	25336	0
2014-10-24	2775	2794	2759	2793	19856	25008	0
2014-10-27	2777	2799	2755	2774	18648	21804	0
2014-10-28	2768	2779	2761	2773	8132	22136	0
2014-10-29	2781	2786	2770	2785	6970	22246	0
2014-10-30	2805	2819	2784	2785	8616	22304	0
2014-10-31	2760	2781	2755	2773	13190	23344	0
2014-11-03	2768	2773	2711	2720	18200	27722	0
2014-11-04	2701	2723	2687	2711	14886	29594	0
2014-11-05	2712	2712	2663	2669	21578	35450	0
2014-11-06	2676	2678	2599	2633	37360	37634	0
2014-11-07	2618	2618	2592	2607	28790	41646	0
2014-11-10	2611	2644	2604	2633	22934	41810	0
2014-11-11	2623	2659	2619	2644	20398	43126	0
2014-11-12	2662	2688	2649	2684	23886	44234	0
2014-11-13	2700	2703	2665	2683	21984	45088	0
2014-11-14	2667	2679	2662	2666	15234	46516	0
2014-11-17	2685	2704	2640	2647	25746	48150	0
2014-11-18	2646	2659	2633	2653	22834	49218	0
2014-11-19	2652	2692	2639	2661	41924	60186	0
2014-11-20	2663	2725	2657	2696	124482	81716	0
2014-11-21	2701	2714	2669	2692	64382	81758	0
2014-11-24	2692	2695	2645	2652	47976	84260	0
2014-11-25	2656	2666	2628	2663	52190	84510	0
2014-11-26	2658	2670	2602	2615	80298	82670	0
2014-11-27	2613	2617	2560	2584	84988	80468	0
2014-11-28	2541	2569	2540	2541	62528	83868	0
2014-12-01	2497	2506	2463	2482	70084	91436	0
2014-12-02	2529	2532	2486	2486	75416	92850	0
2014-12-03	2496	2513	2484	2501	68670	92068	0
2014-12-04	2502	2528	2435	2465	175614	102904	0
2014-12-05	2464	2470	2438	2446	94098	115282	0
2014-12-08	2427	2429	2354	2358	184324	123800	0
2014-12-09	2339	2352	2291	2327	241716	125452	0
2014-12-10	2327	2367	2327	2338	204656	127364	0
2014-12-11	2309	2347	2302	2317	196376	136336	0
2014-12-12	2321	2338	2280	2334	374828	156676	0
2014-12-15	2339	2349	2268	2293	621218	180362	0
2014-12-16	2268	2269	2209	2216	743598	274284	0
2014-12-17	2193	2201	2152	2152	1062072	417278	0
2014-12-18	2085	2085	2021	2021	1202286	464838	0
2014-12-19	2021	2125	2018	2074	3479816	406482	0
2014-12-22	2089	2113	2039	2044	2145898	536996	0
2014-12-23	2026	2060	1992	1999	2609082	564320	0
2014-12-24	2017	2107	2014	2098	4128112	541960	0
2014-12-25	2081	2101	2072	2085	2141976	475824	0
2014-12-26	2094	2123	2088	2097	1665338	495408	0
2014-12-29	2101	2103	2046	2063	1833688	476680	0
2014-12-30	2062	2102	2041	2055	2110820	476578	0
2014-12-31	2053	2085	2051	2068	1409082	387162	0
2015-01-05	2050	2072	2016	2023	901514	405960	0
2015-01-06	2015	2054	2007	2036	1517448	440070	0
2015-01-07	2031	2065	2014	2036	1998246	452592	0
2015-01-08	2050	2060	2037	2045	1280850	444456	0
2015-01-09	2048	2049	2021	2031	1166480	438568	0
2015-01-12	2028	2035	1956	1957	1999064	587724	0
2015-01-13	1954	1959	1908	1920	1814700	622330	0
2015-01-14	1918	1967	1917	1933	2211982	581428	0
2015-01-15	1941	1977	1927	1975	1848096	553472	0
2015-01-16	1985	2024	1951	1995	3326432	543896	0
2015-01-19	1994	2027	1992	2021	2335836	526386	0
2015-01-20	2016	2026	1995	2018	1583682	543332	0
2015-01-21	2023	2087	2005	2062	2282742	510868	0
2015-01-22	2059	2102	2051	2068	2214938	482052	0
2015-01-23	2082	2090	2048	2071	1740272	479284	0
2015-01-26	2059	2072	2017	2032	1787272	502776	0
2015-01-27	2040	2058	2033	2045	1377924	495712	0
2015-01-28	2046	2098	2044	2088	2380338	636898	0
2015-01-29	2089	2092	2064	2079	1468728	583134	0
2015-01-30	2078	2078	2041	2050	1354146	557632	0
2015-02-02	2056	2119	2032	2089	2091740	572804	0
2015-02-03	2097	2150	2090	2137	3377210	596326	0
2015-02-04	2143	2192	2131	2145	2635440	541330	0
2015-02-05	2142	2155	2122	2141	1905008	527554	0
2015-02-06	2152	2184	2150	2178	2585688	565430	0
2015-02-09	2173	2176	2147	2157	1529348	540012	0
2015-02-10	2158	2172	2138	2144	1380002	523552	0
2015-02-11	2146	2152	2129	2149	1331562	499142	0
2015-02-12	2148	2172	2138	2172	1692680	551132	0
2015-02-13	2174	2236	2170	2236	2637716	542600	0
2015-02-16	2247	2279	2234	2265	2005700	423592	0
2015-02-17	2264	2280	2235	2257	1135138	365204	0
2015-02-25	2223	2298	2212	2286	1356318	440582	0
2015-02-26	2286	2356	2279	2354	2771018	664662	0
2015-02-27	2344	2369	2326	2361	3202044	725372	0
2015-03-02	2365	2441	2360	2439	3638570	851386	0
2015-03-03	2446	2528	2403	2409	6637902	735532	0
2015-03-04	2413	2424	2374	2400	6709802	724118	0
2015-03-05	2411	2448	2351	2442	9034570	887084	0
2015-03-06	2444	2471	2412	2435	9153336	986646	0
2015-03-09	2434	2477	2366	2463	9782704	1215782	0
2015-03-10	2464	2476	2408	2418	8788470	1212804	0
2015-03-11	2404	2441	2383	2398	8373948	1213692	0
2015-03-12	2401	2475	2386	2475	7487120	1335368	0
2015-03-13	2476	2478	2431	2439	5910458	1188758	0
2015-03-16	2425	2442	2399	2421	6094430	1196856	0
2015-03-17	2416	2438	2359	2379	8088800	1205580	0
2015-03-18	2370	2390	2314	2319	6321010	1176190	0
2015-03-19	2318	2369	2303	2320	5997342	1130052	0
2015-03-20	2309	2357	2308	2327	5267694	1106070	0
2015-03-23	2335	2364	2312	2339	6172772	1024638	0
2015-03-24	2344	2434	2340	2434	7437488	952354	0
2015-03-25	2463	2464	2394	2406	4138732	794530	0
2015-03-26	2420	2445	2401	2437	4959992	829056	0
2015-03-27	2423	2440	2361	2399	5087356	778396	0
2015-03-30	2401	2403	2358	2376	3504798	808658	0
2015-03-31	2379	2430	2364	2412	4972050	838508	0
2015-04-01	2413	2422	2379	2418	3622930	831738	0
2015-04-02	2429	2494	2413	2483	6489964	1012132	0
2015-04-03	2462	2478	2395	2422	5079320	795872	0
2015-04-07	2450	2465	2438	2448	1607922	788808	0
2015-04-08	2443	2464	2425	2447	3957680	770280	0
2015-04-09	2445	2449	2391	2416	3037900	818546	0
2015-04-10	2421	2431	2373	2376	3334960	983582	0
2015-04-13	2367	2427	2366	2416	3510400	869364	0
2015-04-14	2428	2430	2389	2412	2797146	812750	0
2015-04-15	2414	2441	2412	2422	2823922	791926	0
2015-04-16	2427	2522	2424	2522	3562730	888524	0
2015-04-17	2523	2568	2496	2542	4264436	791750	0
2015-04-20	2527	2606	2524	2585	3685550	794754	0
2015-04-21	2568	2600	2541	2558	4121740	830420	0
2015-04-22	2562	2570	2522	2548	3183966	791420	0
2015-04-23	2553	2565	2525	2536	3127706	775476	0
2015-04-24	2548	2582	2545	2572	3060002	730374	0
2015-04-27	2575	2610	2557	2591	2892142	743232	0
2015-04-28	2597	2654	2581	2589	3665232	714074	0
2015-04-29	2597	2607	2530	2550	3212704	682230	0
2015-04-30	2558	2587	2549	2576	2764070	655706	0
2015-05-04	2575	2590	2541	2565	1440942	657048	0
2015-05-05	2576	2581	2554	2566	2258056	631966	0
2015-05-06	2603	2620	2578	2589	3468072	625686	0
2015-05-07	2594	2597	2534	2543	2811140	572832	0
2015-05-08	2541	2543	2483	2512	3087414	583118	0
2015-05-11	2516	2527	2497	2516	1933448	586048	0
2015-05-12	2509	2522	2491	2504	1792930	600406	0
2015-05-13	2517	2524	2500	2508	1636234	580256	0
2015-05-14	2515	2515	2461	2494	2350260	593918	0
2015-05-15	2493	2514	2487	2504	1940514	570774	0
2015-05-18	2494	2501	2478	2492	1604160	552614	0
2015-05-19	2489	2490	2442	2442	1861794	630660	0
2015-05-20	2418	2441	2402	2437	2704030	583194	0
2015-05-21	2441	2473	2435	2463	2293190	563530	0
2015-05-22	2468	2494	2459	2476	1853698	543502	0
2015-05-25	2452	2477	2437	2473	1568576	523090	0
2015-05-26	2479	2517	2466	2466	1941162	468074	0
2015-05-27	2447	2476	2445	2475	1662304	509798	0
2015-05-28	2464	2486	2451	2463	1802670	516082	0
2015-05-29	2452	2500	2447	2487	2034272	552002	0
2015-06-01	2483	2510	2477	2486	1666144	493042	0
2015-06-02	2481	2495	2460	2479	1398134	493222	0
2015-06-03	2486	2503	2455	2460	1834626	523822	0
2015-06-04	2456	2464	2428	2456	1683954	506020	0
2015-06-05	2456	2466	2438	2446	1397202	530136	0
2015-06-08	2450	2462	2441	2461	1086768	516340	0
2015-06-09	2458	2480	2449	2467	1003794	502206	0
2015-06-10	2475	2492	2472	2490	1174540	514128	0
2015-06-11	2489	2491	2447	2448	1571954	588792	0
2015-06-12	2448	2459	2421	2454	1490316	565064	0
2015-06-15	2455	2473	2448	2472	1268880	501634	0
2015-06-16	2468	2535	2465	2516	2450498	540954	0
2015-06-17	2512	2531	2492	2519	1926988	582314	0
2015-06-18	2528	2531	2490	2494	1808230	637196	0
2015-06-19	2504	2526	2496	2520	1569692	563850	0
2015-06-23	2517	2524	2482	2491	864016	513576	0
2015-06-24	2485	2520	2478	2514	1279370	510256	0
2015-06-25	2510	2522	2502	2507	1142274	513494	0
2015-06-26	2501	2529	2491	2522	1382780	491148	0
2015-06-29	2514	2518	2490	2497	1120174	449040	0
2015-06-30	2497	2512	2444	2493	1989796	464122	0
2015-07-01	2495	2505	2482	2488	1043756	481874	0
2015-07-02	2478	2511	2466	2497	1440816	489658	0
2015-07-03	2504	2508	2478	2481	956020	437922	0
2015-07-06	2472	2483	2436	2444	1869610	591238	0
2015-07-07	2437	2448	2363	2363	2706474	746338	0
2015-07-08	2326	2327	2240	2240	1328754	590916	0
2015-07-09	2181	2416	2138	2365	2872208	406474	0
2015-07-10	2382	2404	2337	2396	2014078	457830	0
2015-07-13	2381	2390	2340	2363	1499680	489172	0
2015-07-14	2365	2386	2305	2319	1778338	529050	0
2015-07-15	2329	2355	2310	2320	1992294	508560	0
2015-07-16	2307	2323	2264	2298	2351050	525706	0
2015-07-17	2302	2325	2290	2311	1334278	540578	0
2015-07-20	2297	2326	2295	2325	1254064	534940	0
2015-07-21	2320	2330	2280	2298	1405266	541340	0
2015-07-22	2305	2321	2293	2315	1363728	566074	0
2015-07-23	2308	2317	2272	2282	1698034	646998	0
2015-07-24	2285	2294	2239	2244	1496894	666272	0
2015-07-27	2248	2248	2174	2174	1921094	608450	0
2015-07-28	2136	2183	2106	2165	1792600	532206	0
2015-07-29	2176	2202	2143	2156	1486720	564872	0
2015-07-30	2153	2193	2146	2158	1658206	525560	0
2015-07-31	2168	2169	2147	2154	1174882	517544	0
2015-08-03	2152	2175	2073	2073	1498444	537344	0
2015-08-05	2066	2073	2043	2066	1846548	509552	0
2015-08-06	2066	2067	2007	2007	2576230	613800	0
2015-08-07	1997	2028	1983	2023	2470644	589356	0
2015-08-10	2016	2050	2003	2046	2025042	601010	0
2015-08-11	2050	2106	2042	2077	2944344	542750	0
2015-08-12	2057	2098	2055	2092	2503410	566818	0
2015-08-13	2119	2153	2076	2153	2780202	555772	0
2015-08-14	2136	2147	2094	2109	3435130	562320	0
2015-08-17	2115	2135	2072	2085	2705572	572570	0
2015-08-18	2084	2100	2033	2037	2715100	592518	0
2015-08-19	2047	2057	2032	2054	2394606	568868	0
2015-08-20	2053	2063	2014	2022	2448670	588344	0
2015-08-21	2036	2056	2024	2029	2443586	562190	0
2015-08-24	2025	2036	1955	1955	1782860	558846	0
2015-08-25	1913	1946	1861	1898	3762094	545570	0
2015-08-26	1949	1952	1857	1872	4160490	652330	0
2015-08-27	1878	1935	1869	1931	3573096	640326	0
2015-08-28	1939	1980	1927	1980	1866452	596230	0
2015-08-31	1959	1986	1910	1917	3618862	600944	0
2015-09-01	1908	1963	1897	1924	3864054	688996	0
2015-09-02	1911	1929	1884	1925	3253916	626412	0
2015-09-07	1908	1942	1900	1907	1812614	637998	0
2015-09-08	1912	1927	1902	1926	2347382	672168	0
2015-09-09	1932	1972	1927	1932	4360714	696972	0
2015-09-10	1931	1946	1917	1945	3041900	690208	0
2015-09-11	1943	1974	1941	1949	4160640	729474	0
2015-09-14	1941	1952	1909	1909	2887690	808206	0
2015-09-15	1912	1928	1903	1906	2787190	772390	0
2015-09-16	1913	1939	1912	1928	3186618	730808	0
2015-09-17	1936	1961	1935	1944	3497188	682590	0
2015-09-18	1939	1961	1935	1936	2916816	694422	0
2015-09-21	1928	1952	1918	1951	2348530	665824	0
2015-09-22	1956	1984	1944	1963	3030756	645150	0
2015-09-23	1952	2002	1947	1997	4331374	811202	0
2015-09-24	1992	2008	1973	1980	3277228	766206	0
2015-09-25	1970	1997	1954	1958	3057836	699968	0
2015-09-28	1953	1967	1949	1949	1173250	672002	0
2015-09-29	1939	1943	1897	1919	2099506	583402	0
2015-09-30	1931	1931	1910	1916	1148242	525578	0
2015-10-08	1960	2029	1958	1975	1022934	489462	0
2015-10-09	1975	2062	1971	2037	2267540	642992	0
2015-10-12	2031	2046	2011	2042	1982858	673484	0
2015-10-13	2032	2032	2005	2026	1514822	650082	0
2015-10-14	2018	2035	2006	2010	1470472	641052	0
2015-10-15	2008	2021	1997	1997	1568114	659032	0
2015-10-16	1996	1998	1963	1967	1938068	631198	0
2015-10-19	1974	1977	1948	1950	1413292	621900	0
2015-10-20	1942	1947	1928	1937	1243512	629364	0
2015-10-21	1941	1947	1918	1920	1200508	670954	0
2015-10-22	1916	1940	1915	1924	1392794	652720	0
2015-10-23	1928	1938	1867	1898	2693650	769254	0
2015-10-26	1883	1896	1871	1886	1776166	728616	0
2015-10-27	1879	1888	1852	1878	1930194	707656	0
2015-10-28	1871	1886	1865	1875	1420994	687280	0
2015-10-29	1882	1913	1877	1878	1884412	659272	0
2015-10-30	1884	1888	1849	1861	1868804	748820	0
2015-11-02	1855	1891	1853	1885	1747896	746562	0
2015-11-03	1880	1886	1866	1870	1296458	733948	0
2015-11-04	1873	1914	1871	1911	1911274	788142	0
2015-11-05	1911	1923	1888	1890	1622902	755798	0
2015-11-06	1892	1914	1877	1913	2089818	819262	0
2015-11-09	1915	1923	1893	1903	1762682	811346	0
2015-11-10	1908	1911	1875	1895	1359146	831690	0
2015-11-11	1893	1897	1857	1864	1678096	927266	0
2015-11-12	1865	1874	1854	1866	1302140	903374	0
2015-11-13	1857	1898	1855	1898	2022858	895572	0
2015-11-16	1895	1901	1867	1869	1646914	876022	0
2015-11-17	1875	1883	1860	1879	1479456	797702	0
2015-11-18	1874	1886	1780	1800	4213528	1058892	0
2015-11-19	1797	1816	1789	1796	1670070	969150	0
2015-11-20	1789	1813	1747	1766	2858686	972666	0
2015-11-23	1765	1785	1687	1687	3150814	1051656	0
2015-11-24	1701	1760	1676	1745	3370842	904792	0
2015-11-25	1749	1778	1730	1761	2931728	878944	0
2015-11-26	1737	1811	1717	1769	3548928	801664	0
2015-11-27	1762	1775	1740	1753	2066922	767366	0
2015-11-30	1750	1751	1701	1724	2011962	761900	0
2015-12-01	1722	1743	1699	1736	2866774	752110	0
2015-12-02	1730	1744	1717	1718	1922040	772454	0
2015-12-03	1710	1710	1677	1687	2011874	827792	0
2015-12-04	1693	1701	1664	1687	1766804	794496	0
2015-12-07	1699	1715	1668	1706	2210450	748346	0
2015-12-08	1698	1699	1642	1658	2797532	808994	0
2015-12-09	1647	1674	1639	1669	1879670	760338	0
2015-12-10	1665	1672	1651	1664	1466756	747992	0
2015-12-11	1673	1690	1662	1687	1813506	733068	0
2015-12-14	1681	1696	1661	1695	1790592	718316	0
2015-12-15	1684	1713	1682	1692	1916262	675940	0
2015-12-16	1693	1701	1688	1696	1437996	660432	0
2015-12-17	1701	1707	1675	1676	1632132	664066	0
2015-12-18	1673	1691	1662	1686	1529834	686926	0
2015-12-21	1687	1705	1677	1701	1878650	767196	0
2015-12-22	1700	1707	1682	1698	1955418	806226	0
2015-12-23	1695	1715	1686	1712	2393308	768170	0
2015-12-24	1718	1732	1712	1719	2272016	735686	0
2015-12-25	1718	1726	1713	1716	976290	704246	0
2015-12-28	1720	1722	1686	1687	1231818	666182	0
2015-12-29	1683	1732	1683	1728	1723826	740230	0
2015-12-30	1729	1749	1726	1734	1819880	660168	0
2015-12-31	1733	1754	1726	1736	1327382	605210	0
2016-01-04	1748	1763	1710	1721	1124300	545882	0
2016-01-05	1723	1746	1720	1743	1387238	591062	0
2016-01-06	1743	1756	1734	1739	1674554	606700	0
2016-01-07	1728	1745	1719	1737	1824966	633404	0
2016-01-08	1738	1770	1722	1764	2578304	715878	0
2016-01-11	1762	1766	1716	1722	2216892	634224	0
2016-01-12	1723	1728	1704	1710	1774408	646522	0
2016-01-13	1718	1730	1691	1700	1805798	690666	0
2016-01-14	1703	1722	1693	1719	1563310	644904	0
2016-01-15	1718	1727	1708	1711	1215438	614216	0
2016-01-18	1698	1748	1686	1745	2117656	608660	0
2016-01-19	1744	1780	1742	1775	1761352	675252	0
2016-01-20	1776	1778	1747	1757	1211682	658408	0
2016-01-21	1755	1776	1748	1755	1522636	681836	0
2016-01-22	1757	1784	1749	1755	2027308	721372	0
2016-01-25	1759	1766	1743	1749	1479632	730278	0
2016-01-26	1746	1761	1735	1750	1345196	677174	0
2016-01-27	1756	1776	1745	1773	1608874	764024	0
2016-01-28	1771	1774	1752	1753	1095956	681296	0
2016-01-29	1753	1768	1744	1752	1179878	688020	0
2016-02-01	1753	1764	1748	1752	797934	654780	0
2016-02-02	1750	1758	1727	1756	1372068	620000	0
2016-02-03	1756	1770	1746	1762	965780	595568	0
2016-02-04	1764	1803	1760	1796	1421884	631164	0
2016-02-05	1791	1800	1782	1789	672490	541676	0
2016-02-15	1817	1835	1796	1822	873166	634286	0
2016-02-16	1826	1838	1821	1828	825422	689124	0
2016-02-17	1827	1843	1815	1823	1161846	707778	0
2016-02-18	1828	1836	1819	1830	882276	738848	0
2016-02-19	1849	1861	1835	1853	1327204	759406	0
2016-02-22	1852	1894	1842	1850	1565782	772870	0
2016-02-23	1853	1863	1840	1854	1040220	745164	0
2016-02-24	1852	1856	1819	1820	1179448	745342	0
2016-02-25	1813	1833	1804	1813	1662258	648498	0
2016-02-26	1815	1822	1769	1778	1722422	661372	0
2016-02-29	1780	1797	1765	1777	1342186	618092	0
2016-03-01	1786	1825	1777	1824	1596486	619980	0
2016-03-02	1822	1843	1803	1817	1639800	647712	0
2016-03-03	1815	1841	1782	1787	2320628	765446	0
2016-03-04	1790	1837	1782	1831	2178698	678070	0
2016-03-07	1839	1899	1837	1899	2487470	689542	0
2016-03-08	1908	1950	1842	1896	3196904	546586	0
2016-03-09	1892	1983	1866	1960	4726258	755854	0
2016-03-10	1964	1986	1909	1921	2735282	601070	0
2016-03-11	1927	1934	1908	1919	1532896	582480	0
2016-03-14	1889	1948	1888	1919	1662364	605046	0
2016-03-15	1919	1929	1902	1902	1104720	591232	0
2016-03-16	1903	1935	1900	1929	1132286	615720	0
2016-03-17	1928	1962	1925	1951	1347992	611996	0
2016-03-18	1952	2036	1951	2000	2063860	631774	0
2016-03-21	2016	2048	1990	2029	1594638	694134	0
2016-03-22	2048	2075	1999	2007	2161550	722032	0
2016-03-23	2009	2035	1988	1989	1283544	694250	0
2016-03-24	1986	1995	1925	1935	1398150	614314	0
2016-03-25	1930	1957	1915	1936	1275532	614574	0
2016-03-28	1941	1958	1913	1915	1136016	597180	0
2016-03-29	1918	1926	1895	1896	1006640	578592	0
2016-03-30	1896	1917	1881	1895	924174	529274	0
2016-03-31	1903	1928	1881	1891	1057354	534468	0
2016-04-01	1896	1910	1882	1899	1074130	525416	0
2016-04-05	1888	1888	1846	1860	729590	504590	0
2016-04-06	1859	1892	1856	1877	827108	528590	0
2016-04-07	1878	1898	1874	1881	800720	526212	0
2016-04-08	1876	1880	1864	1873	807030	497012	0
2016-04-11	1892	1915	1843	1849	2138780	651922	0
2016-04-12	1859	1873	1852	1869	1204516	602736	0
2016-04-13	1876	1954	1870	1909	2319258	531780	0
2016-04-14	1910	1976	1909	1968	1763866	566234	0
2016-04-15	1980	1989	1934	1949	1460154	562910	0
2016-04-18	1934	1966	1927	1951	1190306	535570	0
2016-04-19	1950	1994	1932	1955	1568058	531052	0
2016-04-20	1962	1986	1940	1975	1697496	534922	0
2016-04-21	1971	2065	1956	2049	2524758	581320	0
2016-04-22	2054	2055	1948	1989	1805072	427748	0
2016-04-25	2000	2091	1979	2032	2260692	466542	0
2016-04-26	2046	2067	2009	2031	1524168	409576	0
2016-04-27	2038	2084	2026	2054	1889436	448386	0
2016-04-28	2062	2078	2013	2025	1518674	444562	0
2016-04-29	2037	2057	2029	2050	1002002	427394	0
2016-05-03	2042	2045	1990	2003	697698	424662	0
2016-05-04	1995	2007	1980	1994	700716	419760	0
2016-05-05	2006	2015	1975	1978	900496	403970	0
2016-05-06	1993	1995	1932	1935	1065308	439428	0
2016-05-09	1931	1956	1908	1915	935952	429814	0
2016-05-10	1910	1947	1904	1939	860564	410578	0
2016-05-11	1942	1963	1937	1956	769582	408888	0
2016-05-12	1957	1960	1930	1949	935562	384628	0
2016-05-13	1950	1961	1886	1899	1312704	387468	0
2016-05-16	1897	1919	1878	1911	911348	386614	0
2016-05-17	1918	1931	1904	1928	865148	375902	0
2016-05-18	1920	1940	1893	1895	921706	377016	0
2016-05-19	1895	1910	1840	1858	1264758	461272	0
2016-05-20	1854	1879	1842	1866	704074	464256	0
2016-05-23	1865	1869	1811	1830	950374	493438	0
2016-05-24	1835	1847	1814	1819	694066	504108	0
2016-05-25	1831	1852	1823	1850	669730	485644	0
2016-05-26	1852	1899	1844	1896	736518	462720	0
2016-05-27	1897	1899	1864	1864	745458	450262	0
2016-05-30	1858	1902	1856	1900	621284	458948	0
2016-05-31	1913	1917	1888	1911	666164	427260	0
2016-06-01	1910	1911	1870	1881	663682	450796	0
2016-06-02	1880	1925	1879	1922	695456	436578	0
2016-06-03	1915	1929	1908	1920	661100	450266	0
2016-06-06	1926	1935	1900	1929	662222	457658	0
2016-06-07	1931	1935	1904	1919	558166	413954	0
2016-06-08	1918	1927	1902	1904	513284	405338	0
2016-06-13	1879	1893	1868	1869	583588	430036	0
2016-06-14	1869	1890	1851	1856	742238	467654	0
2016-06-15	1859	1872	1848	1868	542548	452784	0
2016-06-16	1874	1885	1854	1870	609276	455350	0
2016-06-17	1867	1896	1859	1894	675136	459974	0
2016-06-20	1895	1921	1889	1920	567428	462546	0
2016-06-21	1922	1925	1897	1908	492784	448952	0
2016-06-22	1901	1921	1892	1914	552716	474276	0
2016-06-23	1912	1932	1898	1903	626696	474420	0
2016-06-24	1910	1920	1859	1867	1004516	427712	0
2016-06-27	1874	1924	1869	1924	727782	434416	0
2016-06-28	1917	1986	1912	1986	1160366	498556	0
2016-06-29	1993	2017	1964	1988	1143492	507104	0
2016-06-30	1991	2022	1979	2010	1083368	531542	0
2016-07-01	2005	2021	1974	1992	830262	533782	0
2016-07-04	1992	2077	1991	2054	1529334	630782	0
2016-07-05	2051	2061	1952	1992	1120918	533694	0
2016-07-06	1987	2004	1934	1958	1032956	488404	0
2016-07-07	1947	1988	1947	1966	736282	472086	0
2016-07-08	1973	1985	1911	1911	960484	441398	0
2016-07-11	1921	1949	1912	1921	554170	435050	0
2016-07-12	1932	1971	1929	1968	642614	446126	0
2016-07-13	1977	2012	1959	1982	944974	503998	0
2016-07-14	1985	1994	1957	1992	896224	540540	0
2016-07-15	1997	1999	1943	1946	903252	553030	0
2016-07-18	1955	1957	1902	1902	774052	546902	0
2016-07-19	1900	1919	1891	1910	614394	533890	0
2016-07-20	1908	1912	1885	1899	546814	536542	0
2016-07-21	1893	1933	1887	1926	588124	538628	0
2016-07-22	1924	1931	1870	1879	704394	570918	0
2016-07-25	1881	1892	1860	1871	605106	601756	0
2016-07-26	1870	1888	1857	1881	521740	572992	0
2016-07-27	1875	1899	1866	1869	498152	573130	0
2016-07-28	1874	1895	1864	1887	550138	568080	0
2016-07-29	1894	1910	1870	1876	786196	565312	0
2016-08-01	1884	1968	1884	1964	1109698	507548	0
2016-08-02	1959	1974	1945	1972	646716	504300	0
2016-08-03	1976	1977	1946	1963	627444	496046	0
2016-08-04	1964	1976	1938	1957	728362	516640	0
2016-08-05	1953	1976	1946	1961	607386	540416	0
2016-08-08	1967	1993	1956	1962	907028	558342	0
2016-08-09	1968	2000	1965	1998	849710	600056	0
2016-08-10	1997	2011	1981	1986	765784	594618	0
2016-08-11	1992	2018	1980	2007	770228	614716	0
2016-08-12	2009	2026	2001	2008	670650	622876	0
2016-08-15	2009	2040	2007	2030	686418	689688	0
2016-08-16	2031	2041	2023	2026	515230	659906	0
2016-08-17	2032	2041	2014	2022	481486	630596	0
2016-08-18	2024	2027	1996	2014	540314	565134	0
2016-08-19	2016	2020	1999	2010	416052	559748	0
2016-08-22	2009	2014	1947	1951	720048	512376	0
2016-08-23	1947	1967	1944	1950	393332	504184	0
2016-08-24	1955	1964	1947	1949	352070	509984	0
2016-08-25	1952	1977	1930	1969	729176	501660	0
2016-08-26	1967	1969	1939	1941	497638	516886	0
2016-08-29	1944	1952	1916	1917	646772	571406	0
2016-08-30	1920	1932	1916	1921	398746	566296	0
2016-08-31	1925	1946	1920	1932	586926	524366	0
2016-09-01	1933	1960	1925	1954	542904	509654	0
2016-09-02	1953	1975	1947	1961	402406	469902	0
2016-09-05	1968	2007	1958	2006	559120	479358	0
2016-09-06	2010	2032	1999	2030	731576	520982	0
2016-09-07	2022	2029	2008	2020	591382	559670	0
2016-09-08	2017	2043	2003	2031	774702	609034	0
2016-09-09	2031	2035	2017	2019	487594	591498	0
2016-09-12	2018	2063	2015	2029	1302532	709952	0
2016-09-13	2031	2045	2015	2030	937584	698052	0
2016-09-14	2028	2043	2020	2037	814836	699020	0
2016-09-19	2046	2096	2042	2086	945396	828250	0
2016-09-20	2089	2099	2072	2085	809948	846080	0
2016-09-21	2081	2099	2049	2058	1109322	807802	0
2016-09-22	2059	2073	2043	2047	1012118	734602	0
2016-09-23	2053	2059	2018	2036	916576	699738	0
2016-09-26	2035	2051	2025	2028	611300	682124	0
2016-09-27	2029	2041	2019	2033	622616	652632	0
2016-09-28	2033	2063	2024	2062	834048	646480	0
2016-09-29	2062	2124	2052	2103	1200122	678746	0
2016-09-30	2106	2113	2083	2095	709914	634426	0
2016-10-10	2181	2214	2148	2190	812274	730146	0
2016-10-11	2202	2267	2200	2233	1961818	855432	0
2016-10-12	2234	2251	2214	2248	934924	874624	0
2016-10-13	2244	2254	2207	2230	991262	835644	0
2016-10-14	2230	2267	2220	2229	1581660	868770	0
2016-10-17	2236	2281	2226	2253	1327394	886154	0
2016-10-18	2261	2282	2235	2275	1179428	905658	0
2016-10-19	2280	2318	2245	2272	1934272	846420	0
2016-10-20	2277	2300	2249	2251	1361702	810290	0
2016-10-21	2243	2255	2223	2237	1129420	760964	0
2016-10-24	2236	2252	2219	2252	960016	727074	0
2016-10-25	2258	2328	2257	2295	1571232	700616	0
2016-10-26	2301	2356	2287	2333	1792508	762716	0
2016-10-27	2331	2346	2303	2321	1067672	751982	0
2016-10-28	2327	2378	2322	2373	992036	790418	0
2016-10-31	2384	2467	2359	2467	1186948	855766	0
2016-11-01	2468	2480	2425	2444	1378308	720166	0
2016-11-02	2453	2469	2377	2386	1146118	646234	0
2016-11-03	2387	2416	2356	2415	879112	644722	0
2016-11-04	2423	2454	2342	2351	1458726	590638	0
2016-11-07	2350	2433	2328	2409	1301674	597938	0
2016-11-08	2409	2417	2357	2379	1377944	568734	0
2016-11-09	2371	2476	2368	2420	1084390	571204	0
2016-11-10	2445	2473	2375	2407	1089706	555774	0
2016-11-11	2408	2523	2380	2473	1500468	600342	0
2016-11-14	2476	2524	2344	2345	1258846	496558	0
2016-11-15	2361	2406	2293	2308	867764	472752	0
2016-11-16	2326	2384	2322	2369	751812	462746	0
2016-11-17	2366	2459	2357	2456	1364732	503756	0
2016-11-18	2474	2477	2410	2439	901816	461756	0
2016-11-21	2448	2556	2433	2540	1270810	574626	0
2016-11-22	2548	2593	2521	2570	1188172	595960	0
2016-11-23	2548	2585	2536	2557	914872	578084	0
2016-11-24	2557	2592	2506	2528	1336880	517750	0
2016-11-25	2530	2545	2488	2505	732196	479216	0
2016-11-28	2516	2569	2503	2557	842944	498370	0
2016-11-29	2558	2565	2495	2511	647094	484004	0
2016-11-30	2502	2507	2440	2483	753792	474824	0
2016-12-01	2518	2543	2472	2509	991496	463270	0
2016-12-02	2518	2577	2499	2577	853274	460224	0
2016-12-05	2575	2657	2573	2657	987304	541722	0
2016-12-06	2695	2748	2669	2740	1143866	596152	0
2016-12-07	2745	2840	2729	2840	1097126	621456	0
2016-12-08	2863	2873	2792	2824	1359690	567040	0
2016-12-09	2827	2888	2786	2852	1711226	578284	0
2016-12-12	2860	2940	2834	2871	1002792	546006	0
2016-12-13	2873	2890	2848	2879	756710	516936	0
2016-12-14	2897	2976	2859	2972	1735616	648184	0
2016-12-15	2969	2991	2922	2978	1497062	657700	0
2016-12-16	2975	3013	2957	2969	1270768	624976	0
2016-12-19	2963	2970	2830	2830	1344244	551700	0
2016-12-20	2818	2846	2776	2818	1186086	521122	0
2016-12-21	2831	2847	2784	2814	977928	534300	0
2016-12-22	2816	2840	2784	2807	1279374	581192	0
2016-12-23	2800	2800	2734	2743	1473884	556238	0
2016-12-26	2736	2772	2690	2751	1080484	514760	0
2016-12-27	2756	2852	2727	2849	1143170	520520	0
2016-12-28	2850	2907	2835	2854	1302622	490334	0
2016-12-29	2848	2893	2816	2847	1073616	469578	0
2016-12-30	2838	2851	2728	2729	1271298	444246	0
2017-01-02	2729	2729	2729	2729	1271298	444246	0
2017-01-03	2732	2767	2655	2665	704844	473068	0
2017-01-04	2674	2701	2631	2667	1002866	496888	0
2017-01-05	2660	2685	2648	2658	732394	487542	0
2017-01-06	2661	2700	2633	2642	1107422	501106	0
2017-01-09	2650	2713	2637	2711	806998	481420	0
2017-01-10	2700	2708	2646	2708	1130172	491902	0
2017-01-11	2708	2745	2673	2684	1112110	505892	0
2017-01-12	2675	2755	2665	2735	1355358	529636	0
2017-01-13	2747	2766	2725	2752	980448	497466	0
2017-01-16	2745	2878	2741	2862	1383262	551678	0
2017-01-17	2856	2876	2794	2822	910428	513710	0
2017-01-18	2840	2848	2798	2830	746688	513426	0
2017-01-19	2819	2821	2757	2785	811324	485564	0
2017-01-20	2795	2835	2792	2795	834266	492586	0
2017-01-23	2800	2865	2773	2840	1074156	507186	0
2017-01-24	2839	2870	2834	2846	635754	504636	0
2017-01-25	2847	2934	2820	2925	683788	504510	0
2017-01-26	2915	2929	2893	2918	438676	463170	0
2017-02-03	2971	2978	2872	2903	379416	493748	0
2017-02-06	2896	2935	2885	2919	569070	564330	0
2017-02-07	2925	2958	2920	2934	736734	618338	0
2017-02-08	2928	2954	2912	2931	822524	641456	0
2017-02-09	2935	2972	2907	2914	1190318	728240	0
2017-02-10	2911	2950	2884	2937	1111688	687966	0
2017-02-13	2952	3049	2941	3037	1215584	756344	0
2017-02-14	3039	3097	3012	3096	885540	807142	0
2017-02-15	3100	3117	3048	3057	1574314	843440	0
2017-02-16	3048	3105	3009	3025	1219940	761020	0
2017-02-17	3027	3081	2995	3028	1428378	769602	0
2017-02-20	3032	3076	3013	3039	1121880	786552	0
2017-02-21	3043	3060	2937	2948	1573522	784682	0
2017-02-22	2956	2963	2913	2943	1011874	741884	0
2017-02-23	2940	2954	2849	2865	1178728	748028	0
2017-02-24	2872	2917	2864	2914	909564	706288	0
2017-02-27	2914	2975	2891	2956	1043956	704442	0
2017-02-28	2953	2956	2873	2890	1052792	718886	0
2017-03-01	2885	2902	2832	2857	1221402	731490	0
2017-03-02	2860	2877	2811	2837	1174540	706286	0
2017-03-03	2830	2856	2809	2839	961726	700490	0
2017-03-06	2834	2859	2805	2814	925660	696764	0
2017-03-07	2819	2843	2814	2830	700798	707242	0
2017-03-08	2832	2841	2743	2756	974464	747808	0
2017-03-09	2760	2769	2675	2710	938024	724650	0
2017-03-10	2693	2735	2679	2710	815590	708026	0
2017-03-13	2714	2729	2586	2679	1487860	762488	0
2017-03-14	2676	2695	2629	2640	1012134	731158	0
2017-03-15	2627	2710	2622	2698	1031410	704968	0
2017-03-16	2708	2715	2647	2669	1127502	722838	0
2017-03-17	2667	2703	2649	2671	920490	690848	0
2017-03-20	2679	2691	2621	2635	995384	742176	0
2017-03-21	2632	2648	2572	2582	1061404	790822	0
2017-03-22	2584	2590	2529	2538	870374	782570	0
2017-03-23	2526	2563	2509	2538	953504	789400	0
2017-03-24	2528	2566	2525	2552	943574	804814	0
2017-03-27	2550	2556	2466	2484	1000394	778814	0
2017-03-28	2486	2539	2482	2512	772814	730166	0
2017-03-29	2533	2568	2533	2552	848310	686926	0
2017-03-30	2545	2589	2539	2555	821492	664730	0
2017-03-31	2562	2618	2558	2573	976892	622082	0
2017-04-05	2583	2650	2558	2641	773712	585776	0
2017-04-06	2656	2657	2620	2648	701724	575256	0
2017-04-07	2650	2685	2593	2631	1484714	587308	0
2017-04-10	2622	2625	2543	2567	1366236	618374	0
2017-04-11	2573	2579	2501	2510	1048952	625378	0
2017-04-12	2512	2526	2467	2485	991936	594570	0
2017-04-13	2486	2509	2424	2484	1203966	631124	0
2017-04-14	2487	2503	2386	2401	1246660	692650	0
2017-04-17	2403	2443	2371	2399	973518	675022	0
2017-04-18	2405	2409	2350	2386	957804	665482	0
2017-04-19	2383	2422	2344	2410	885724	651692	0
2017-04-20	2410	2426	2347	2402	1193760	687912	0
2017-04-21	2404	2430	2370	2387	1213042	678766	0
2017-04-24	2378	2385	2333	2366	1101054	708918	0
2017-04-25	2361	2376	2343	2349	779436	693584	0
2017-04-26	2347	2389	2330	2373	955236	664318	0
2017-04-27	2368	2397	2362	2396	731242	642894	0
2017-04-28	2387	2419	2384	2396	849328	633362	0
2017-05-02	2396	2402	2351	2400	618472	653740	0
2017-05-03	2402	2417	2376	2381	879808	696220	0
2017-05-04	2369	2370	2277	2278	1355838	770354	0
2017-05-05	2281	2288	2225	2232	991092	787616	0
2017-05-08	2242	2272	2237	2249	860242	762840	0
2017-05-09	2244	2261	2230	2250	573342	758234	0
2017-05-10	2252	2266	2208	2228	1037712	789156	0
2017-05-11	2222	2252	2194	2246	1207452	808688	0
2017-05-12	2249	2249	2204	2209	812876	808308	0
2017-05-15	2214	2264	2199	2256	867754	834578	0
2017-05-16	2267	2290	2247	2289	869002	773078	0
2017-05-17	2302	2322	2291	2313	1016694	737832	0
2017-05-18	2321	2321	2266	2280	1047926	767068	0
2017-05-19	2263	2403	2262	2403	1725482	718232	0
2017-05-22	2419	2445	2383	2400	1171070	647596	0
2017-05-23	2408	2428	2369	2382	1124966	644998	0
2017-05-24	2388	2399	2331	2361	1029086	610324	0
2017-05-25	2358	2434	2349	2419	1450866	718630	0
2017-05-26	2410	2424	2345	2374	1361988	594884	0
2017-05-31	2374	2390	2239	2239	997646	556682	0
2017-06-01	2246	2285	2239	2275	879124	553846	0
2017-06-02	2277	2290	2219	2223	1358694	636610	0
2017-06-05	2218	2270	2214	2255	995884	577672	0
2017-06-06	2241	2323	2228	2301	1613044	704450	0
2017-06-07	2298	2319	2283	2315	1169452	644518	0
2017-06-08	2310	2351	2275	2338	1555026	752094	0
2017-06-09	2334	2350	2320	2331	825316	662776	0
2017-06-12	2335	2369	2318	2337	1116780	721276	0
2017-06-13	2340	2354	2295	2297	1110952	644312	0
2017-06-14	2294	2345	2274	2343	1337126	689134	0
2017-06-15	2340	2344	2281	2297	1353016	625888	0
2017-06-16	2293	2351	2266	2332	1421594	665952	0
2017-06-19	2341	2399	2329	2371	1549942	766236	0
2017-06-20	2375	2384	2353	2380	842288	693790	0
2017-06-21	2360	2404	2341	2371	1290328	768454	0
2017-06-22	2375	2387	2309	2312	1269432	692600	0
2017-06-23	2322	2334	2299	2317	906662	647872	0
2017-06-26	2321	2328	2286	2313	875106	634022	0
2017-06-27	2312	2318	2274	2306	1011816	662694	0
2017-06-28	2312	2335	2282	2291	1231782	662948	0
2017-06-29	2296	2366	2286	2353	1657798	763104	0
2017-06-30	2360	2380	2337	2362	1255936	747392	0
2017-07-03	2364	2414	2354	2408	994054	794540	0
2017-07-04	2410	2418	2358	2371	928038	731598	0
2017-07-05	2374	2436	2364	2403	1365846	822486	0
2017-07-06	2400	2475	2392	2471	1641890	956764	0
2017-07-07	2468	2486	2445	2483	1131532	919776	0
2017-07-10	2479	2491	2446	2453	988468	851834	0
2017-07-11	2457	2507	2454	2495	1249392	921772	0
2017-07-12	2486	2519	2468	2478	1202976	869544	0
2017-07-13	2482	2486	2434	2465	1106322	832878	0
2017-07-14	2469	2500	2453	2482	1242320	903770	0
2017-07-17	2469	2514	2457	2488	1206990	893166	0
2017-07-18	2488	2544	2483	2514	1305626	918298	0
2017-07-19	2519	2534	2507	2527	961528	942430	0
2017-07-20	2526	2614	2518	2539	1955794	996874	0
2017-07-21	2551	2555	2468	2502	1364062	885732	0
2017-07-24	2500	2531	2456	2475	1240864	899304	0
2017-07-25	2483	2504	2470	2499	905294	869350	0
2017-07-26	2511	2517	2390	2409	1860656	877602	0
2017-07-27	2407	2434	2401	2418	865982	761202	0
2017-07-28	2419	2444	2380	2399	1064058	780632	0
2017-07-31	2405	2433	2400	2429	894530	758140	0
2017-08-01	2427	2483	2426	2460	1132150	747614	0
2017-08-02	2459	2496	2449	2496	1090374	746624	0
2017-08-03	2501	2501	2470	2483	726816	694988	0
2017-08-04	2493	2559	2489	2541	1103006	775144	0
2017-08-07	2547	2590	2508	2557	1221944	779972	0
2017-08-08	2554	2631	2546	2631	1050558	812828	0
2017-08-09	2627	2657	2616	2646	859768	815822	0
2017-08-10	2650	2667	2620	2652	814648	796310	0
2017-08-11	2659	2663	2578	2601	934324	685788	0
2017-08-14	2604	2621	2575	2579	568536	646414	0
2017-08-15	2577	2593	2552	2574	686806	625646	0
2017-08-16	2575	2591	2562	2579	566212	589716	0
2017-08-17	2590	2692	2588	2687	954176	686442	0
2017-08-18	2680	2689	2664	2681	556742	620782	0
2017-08-21	2678	2731	2657	2718	916334	727310	0
2017-08-22	2715	2744	2680	2741	754578	665632	0
2017-08-23	2735	2768	2720	2739	1055352	703050	0
2017-08-24	2749	2763	2720	2732	689238	624270	0
2017-08-25	2734	2759	2706	2751	677472	630754	0
2017-08-28	2754	2788	2725	2755	791944	623052	0
2017-08-29	2764	2859	2754	2840	1277624	784372	0
2017-08-30	2846	2866	2827	2862	847008	745026	0
2017-08-31	2856	2878	2835	2877	810460	763326	0
2017-09-01	2876	2919	2862	2906	656976	711186	0
2017-09-04	2913	3016	2911	2939	1186478	795166	0
2017-09-05	2941	2948	2884	2933	1004846	712498	0
2017-09-06	2958	3000	2916	2926	1422108	776440	0
2017-09-07	2933	2949	2872	2886	1259558	717124	0
2017-09-08	2886	2924	2852	2874	1131986	711390	0
2017-09-11	2871	2883	2813	2858	1106360	653370	0
2017-09-12	2861	2974	2851	2949	1521404	705730	0
2017-09-13	2947	2976	2880	2888	1126248	662872	0
2017-09-14	2892	2907	2841	2850	1304624	681572	0
2017-09-15	2856	2860	2784	2798	1366664	644284	0
2017-09-18	2798	2811	2731	2787	1177818	603076	0
2017-09-19	2786	2799	2759	2762	906538	596780	0
2017-09-20	2773	2810	2747	2795	1028712	622298	0
2017-09-21	2800	2818	2672	2672	1495368	658236	0
2017-09-22	2670	2704	2653	2679	1035906	602478	0
2017-09-25	2688	2696	2617	2676	1281108	627786	0
2017-09-26	2679	2712	2668	2688	963352	586808	0
2017-09-27	2681	2705	2651	2691	969278	578266	0
2017-09-28	2687	2713	2594	2639	1214824	562098	0
2017-09-29	2643	2706	2621	2705	922840	481518	0
2017-10-09	2724	2747	2676	2726	627626	512366	0
2017-10-10	2722	2723	2635	2662	1411434	638496	0
2017-10-11	2665	2676	2577	2581	1462904	698644	0
2017-10-12	2582	2598	2519	2563	1568326	722270	0
2017-10-13	2564	2636	2553	2630	1286176	651578	0
2017-10-16	2632	2659	2598	2637	1203764	666602	0
2017-10-17	2640	2678	2576	2654	1466922	708904	0
2017-10-18	2659	2697	2639	2675	1216392	703164	0
2017-10-19	2676	2678	2601	2613	1277842	683120	0
2017-10-20	2596	2730	2589	2727	1331744	734372	0
2017-10-23	2723	2742	2661	2731	1446358	741102	0
2017-10-24	2729	2775	2710	2742	1459778	777430	0
2017-10-25	2744	2760	2710	2727	1056008	740474	0
2017-10-26	2728	2748	2706	2728	1018034	746348	0
2017-10-27	2729	2743	2646	2650	1439540	713930	0
2017-10-30	2646	2678	2631	2636	1011800	677440	0
2017-10-31	2628	2664	2623	2648	992694	698748	0
2017-11-01	2645	2695	2636	2678	1081692	742828	0
2017-11-02	2678	2734	2654	2731	1343614	812564	0
2017-11-03	2728	2764	2723	2758	1182588	808250	0
2017-11-06	2757	2823	2747	2812	1227826	860880	0
2017-11-07	2809	2833	2791	2814	831858	814452	0
2017-11-08	2809	2837	2798	2818	982142	889470	0
2017-11-09	2818	2861	2807	2833	1112770	857072	0
2017-11-10	2830	2843	2794	2810	1221828	845232	0
2017-11-13	2815	2891	2787	2883	1366800	945344	0
2017-11-14	2880	2883	2859	2868	805790	910074	0
2017-11-15	2866	2882	2794	2817	1300302	830982	0
2017-11-16	2826	2836	2795	2810	972870	791402	0
2017-11-17	2817	2882	2794	2868	1357930	902676	0
2017-11-20	2874	2882	2845	2872	908454	852090	0
2017-11-21	2874	2950	2869	2940	1236524	1005974	0
2017-11-22	2945	2968	2923	2959	1268406	991976	0
2017-11-23	2961	2965	2922	2936	923420	960492	0
2017-11-24	2930	2948	2912	2928	789150	941676	0
2017-11-27	2931	2984	2821	2823	1759344	918486	0
2017-11-28	2828	2834	2811	2826	795318	838790	0
2017-11-29	2826	2861	2798	2859	1101008	893944	0
2017-11-30	2864	2935	2805	2822	2068416	904704	0
2017-12-01	2836	2899	2813	2883	1473482	886478	0
2017-12-04	2895	2991	2874	2989	1424778	971996	0
2017-12-05	3024	3109	2992	3011	2359720	888998	0
2017-12-06	3015	3056	2999	3029	1775918	905264	0
2017-12-07	3034	3067	2882	2926	2283736	820378	0
2017-12-08	2934	2987	2920	2978	1508308	790406	0
2017-12-11	2988	3025	2938	2968	2337216	884962	0
2017-12-12	2977	3013	2950	3011	1865254	976884	0
2017-12-13	3010	3038	2976	3026	1801492	1007270	0
2017-12-14	3026	3069	2963	2990	2154544	934148	0
2017-12-15	2989	3002	2950	2970	1477780	886508	0
2017-12-18	2970	3015	2958	2999	1519464	923396	0
2017-12-19	2998	3006	2967	2994	1296534	889942	0
2017-12-20	3002	3065	2999	3015	1947990	993064	0
2017-12-21	3011	3024	2956	2967	1429844	830932	0
2017-12-22	2969	2988	2942	2960	1241028	860974	0
2017-12-25	2959	2969	2886	2892	1498386	809800	0
2017-12-26	2896	2929	2894	2921	847980	749742	0
2017-12-27	2916	2932	2859	2871	1239640	792954	0
2017-12-28	2870	2878	2826	2843	994690	706896	0
2017-12-29	2843	2876	2842	2855	874238	666208	0
2018-01-02	2853	2937	2853	2921	849888	682320	0
2018-01-03	2919	2927	2892	2908	799760	676936	0
2018-01-04	2910	2945	2901	2930	1067946	711714	0
2018-01-05	2931	2942	2894	2921	942368	680406	0
2018-01-08	2919	2995	2915	2987	1220176	817524	0
2018-01-09	3004	3006	2968	2976	710494	779640	0
2018-01-10	2976	3000	2960	2972	839036	790572	0
2018-01-11	2976	2977	2950	2970	750692	794480	0
2018-01-12	2973	2978	2938	2948	746894	741764	0
2018-01-15	2945	2959	2925	2933	677960	741948	0
2018-01-16	2934	2938	2815	2820	1503472	885084	0
2018-01-17	2816	2837	2811	2815	723146	806592	0
2018-01-18	2817	2834	2800	2811	900134	832778	0
2018-01-19	2817	2821	2759	2791	1257622	825664	0
2018-01-22	2796	2828	2784	2804	842264	804514	0
2018-01-23	2797	2850	2797	2833	1078576	790338	0
2018-01-24	2832	2840	2805	2806	846198	781566	0
2018-01-25	2813	2845	2808	2833	1081452	808054	0
2018-01-26	2831	2858	2794	2819	1114262	786566	0
2018-01-29	2844	2867	2823	2838	916742	761030	0
2018-01-30	2834	2837	2789	2805	999434	773890	0
2018-01-31	2806	2810	2752	2776	959628	797896	0
2018-02-01	2775	2789	2756	2765	696964	773950	0
2018-02-02	2773	2798	2760	2767	751358	778636	0
2018-02-05	2765	2801	2744	2793	1017088	766148	0
2018-02-06	2793	2821	2782	2805	1062824	740398	0
2018-02-07	2804	2820	2787	2789	838434	732632	0
2018-02-08	2776	2780	2753	2776	890208	722040	0
2018-02-09	2773	2796	2755	2756	838120	667918	0
2018-02-12	2751	2765	2698	2713	904910	717116	0
2018-02-13	2714	2719	2691	2707	507070	675294	0
2018-02-14	2710	2729	2685	2708	507046	631716	0
2018-02-22	2718	2734	2705	2717	329900	640024	0
2018-02-23	2715	2754	2713	2753	663198	658396	0
2018-02-26	2752	2769	2695	2696	968084	788062	0
2018-02-27	2691	2691	2659	2672	1014156	833206	0
2018-02-28	2675	2690	2668	2676	682838	803832	0
2018-03-01	2675	2683	2625	2662	1034172	907842	0
2018-03-02	2660	2691	2647	2681	918214	837256	0
2018-03-05	2677	2695	2659	2680	809578	845180	0
2018-03-06	2671	2698	2665	2673	852788	844138	0
2018-03-07	2676	2689	2647	2680	962218	842332	0
2018-03-08	2678	2698	2640	2642	1307624	884880	0
2018-03-09	2652	2709	2652	2686	1424730	858418	0
2018-03-12	2696	2719	2670	2704	1216012	804158	0
2018-03-13	2703	2724	2701	2713	828936	779620	0
2018-03-14	2732	2746	2716	2744	846914	785478	0
2018-03-15	2743	2743	2705	2719	739188	765248	0
2018-03-16	2714	2722	2687	2690	851134	753334	0
2018-03-19	2693	2771	2689	2764	1122898	777838	0
2018-03-20	2761	2767	2738	2760	823262	734060	0
2018-03-21	2769	2771	2742	2751	729438	729036	0
2018-03-22	2755	2798	2743	2789	867740	777614	0
2018-03-23	2786	2791	2647	2688	1639174	694236	0
2018-03-26	2684	2734	2650	2658	1199568	713760	0
2018-03-27	2650	2677	2625	2646	1197694	726292	0
2018-03-28	2652	2664	2637	2646	819770	719346	0
2018-03-29	2641	2659	2615	2657	1019524	744814	0
2018-03-30	2663	2682	2637	2679	840184	685610	0
2018-04-02	2674	2691	2625	2642	877736	736716	0
2018-04-03	2641	2655	2601	2615	950750	734628	0
2018-04-04	2619	2630	2594	2618	760732	698020	0
2018-04-09	2619	2696	2615	2677	890116	725834	0
2018-04-10	2679	2681	2652	2665	789920	759878	0
2018-04-11	2670	2685	2639	2650	801494	720250	0
2018-04-12	2647	2690	2643	2671	1083488	714196	0
2018-04-13	2667	2693	2655	2687	852078	709408	0
2018-04-16	2695	2716	2681	2685	917626	747948	0
2018-04-17	2687	2709	2676	2704	690198	733572	0
2018-04-18	2715	2761	2708	2746	1129256	821992	0
2018-04-19	2755	2761	2714	2731	908820	774602	0
2018-04-20	2727	2730	2655	2659	1036088	789876	0
2018-04-23	2657	2700	2656	2697	770134	713468	0
2018-04-24	2690	2750	2687	2733	959910	802150	0
2018-04-25	2732	2737	2683	2693	908344	775736	0
2018-04-26	2694	2701	2671	2674	756948	745328	0
2018-04-27	2676	2696	2672	2688	662710	743164	0
2018-05-02	2682	2725	2678	2712	797390	816604	0
2018-05-03	2711	2725	2697	2710	613252	831090	0
2018-05-04	2714	2772	2712	2764	1111270	990372	0
2018-05-07	2764	2786	2744	2770	812180	982480	0
2018-05-08	2775	2780	2751	2769	558346	976780	0
2018-05-09	2767	2793	2737	2779	1087806	1043676	0
2018-05-10	2798	2800	2775	2786	659810	1020934	0
2018-05-11	2780	2803	2758	2797	835280	1056688	0
2018-05-14	2798	2821	2772	2777	866928	1042728	0
2018-05-15	2780	2822	2773	2813	820798	1030922	0
2018-05-16	2821	2892	2817	2844	1445182	1120696	0
2018-05-17	2845	2865	2836	2845	676394	1063472	0
2018-05-18	2850	2859	2823	2834	770172	1070908	0
2018-05-21	2830	2834	2806	2821	717170	1030820	0
2018-05-22	2819	2847	2781	2790	872920	984498	0
2018-05-23	2778	2800	2772	2784	639938	921866	0
2018-05-24	2784	2792	2762	2778	589970	907498	0
2018-05-25	2774	2807	2730	2732	949360	869078	0
2018-05-28	2722	2744	2722	2740	572532	803790	0
2018-05-29	2740	2755	2732	2749	412608	779446	0
2018-05-30	2756	2767	2724	2725	717022	822374	0
2018-05-31	2730	2781	2729	2767	813640	811036	0
2018-06-01	2767	2802	2744	2801	953838	908680	0
2018-06-04	2802	2806	2774	2781	657738	852694	0
2018-06-05	2774	2779	2741	2752	661288	831080	0
2018-06-06	2751	2768	2747	2759	496066	782594	0
2018-06-07	2756	2829	2755	2822	1127478	946300	0
2018-06-08	2819	2832	2805	2815	759736	905132	0
2018-06-11	2816	2850	2796	2837	1073100	954490	0
2018-06-12	2846	2868	2826	2861	724036	946156	0
2018-06-13	2858	2864	2830	2835	589016	920526	0
2018-06-14	2839	2854	2818	2829	705670	910444	0
2018-06-15	2834	2849	2819	2846	591074	891080	0
2018-06-19	2833	2843	2778	2788	642178	829982	0
2018-06-20	2790	2810	2770	2802	569538	800966	0
2018-06-21	2809	2809	2757	2760	704592	809896	0
2018-06-22	2759	2766	2736	2755	687118	782126	0
2018-06-25	2764	2788	2760	2764	623496	781560	0
2018-06-26	2762	2762	2710	2749	1005874	815580	0
2018-06-27	2752	2777	2751	2773	616258	747018	0
2018-06-28	2779	2829	2776	2816	818856	779368	0
2018-06-29	2813	2859	2806	2856	749600	807538	0
2018-07-02	2857	2884	2830	2841	751122	806108	0
2018-07-03	2841	2858	2832	2852	523742	771728	0
2018-07-04	2858	2904	2828	2890	1088418	935072	0
2018-07-05	2885	2908	2865	2892	1193166	929044	0
2018-07-06	2894	2926	2878	2913	991864	980478	0
2018-07-09	2904	2915	2889	2902	661256	889420	0
2018-07-10	2902	2932	2888	2924	789586	935468	0
2018-07-11	2922	2938	2898	2911	836588	905552	0
2018-07-12	2907	2931	2880	2928	1025072	935508	0
2018-07-13	2930	2945	2886	2889	858436	885814	0
2018-07-16	2890	2901	2872	2875	692178	877086	0
2018-07-17	2867	2886	2854	2873	646344	823386	0
2018-07-18	2875	2888	2864	2883	450200	800984	0
2018-07-19	2892	2928	2890	2908	884020	889104	0
2018-07-20	2904	2942	2892	2941	798094	844066	0
2018-07-23	2939	2952	2926	2939	681778	872892	0
2018-07-24	2944	2997	2938	2979	854206	925610	0
2018-07-25	2983	2986	2948	2950	845446	906388	0
2018-07-26	2946	2947	2918	2939	879434	860236	0
2018-07-27	2942	2961	2932	2954	729338	823494	0
2018-07-30	2959	3015	2952	2999	1037544	903360	0
2018-07-31	3011	3011	2978	2984	622524	822226	0
2018-08-01	2984	3010	2952	2973	913780	830658	0
2018-08-02	2969	3046	2958	3044	1154468	870578	0
2018-08-03	3042	3150	3031	3150	1381604	960300	0
2018-08-06	3182	3307	3182	3246	2413884	944426	0
2018-08-07	3233	3282	3212	3273	1586824	883878	0
2018-08-08	3277	3302	3212	3268	1719166	894240	0
2018-08-09	3261	3275	3226	3245	1331660	838244	0
2018-08-10	3249	3282	3188	3206	1551230	879686	0
2018-08-13	3205	3230	3185	3217	917586	808208	0
2018-08-14	3223	3374	3212	3330	2472868	1016470	0
2018-08-15	3341	3350	3276	3310	1463292	938644	0
2018-08-16	3313	3374	3220	3303	2742000	1052886	0
2018-08-17	3311	3332	3230	3245	1924946	960526	0
2018-08-20	3256	3406	3192	3348	2281594	1088588	0
2018-08-21	3343	3373	3284	3317	1720286	978974	0
2018-08-22	3313	3501	3295	3370	3623822	1170962	0
2018-08-23	3374	3427	3285	3293	2579582	965628	0
2018-08-24	3287	3301	3248	3283	1661342	907786	0
2018-08-27	3288	3314	3240	3282	1538188	886346	0
2018-08-28	3296	3355	3262	3283	1893198	924908	0
2018-08-29	3286	3328	3238	3263	2055402	885122	0
2018-08-30	3260	3285	3215	3284	1883820	892008	0
2018-08-31	3285	3314	3244	3247	2029182	869870	0
2018-09-03	3248	3257	3152	3198	1982700	873080	0
2018-09-04	3208	3238	3178	3230	1469824	865360	0
2018-09-05	3243	3285	3214	3267	1567430	901504	0
2018-09-06	3268	3273	3238	3262	1165178	838650	0
2018-09-07	3258	3351	3249	3342	1780310	971788	0
2018-09-10	3343	3394	3325	3380	1438518	912446	0
2018-09-11	3380	3383	3319	3324	1422146	919854	0
2018-09-12	3328	3353	3217	3263	1882354	862058	0
2018-09-13	3259	3269	3216	3222	1082466	781236	0
2018-09-14	3230	3264	3226	3242	908164	795994	0
2018-09-17	3245	3258	3186	3247	1943494	957422	0
2018-09-18	3249	3259	3208	3233	1489756	826228	0
2018-09-19	3245	3323	3240	3320	1617916	906428	0
2018-09-20	3319	3340	3306	3324	1100486	795814	0
2018-09-21	3316	3340	3296	3324	1031984	821272	0
2018-09-25	3331	3348	3289	3314	796684	766510	0
2018-09-26	3314	3316	3227	3234	1314540	827262	0
2018-09-27	3232	3260	3214	3230	831818	671736	0
2018-09-28	3235	3245	3177	3212	1186606	750864	0
2018-10-08	3227	3310	3200	3307	756142	673258	0
2018-10-09	3297	3404	3296	3403	1788852	903118	0
2018-10-10	3428	3447	3395	3426	1450232	856108	0
2018-10-11	3416	3420	3341	3368	1460632	911738	0
2018-10-12	3384	3484	3362	3469	2073968	1052344	0
2018-10-15	3475	3499	3435	3444	1701228	1021486	0
2018-10-16	3434	3442	3310	3340	2069432	970608	0
2018-10-17	3342	3376	3333	3358	1161098	862858	0
2018-10-18	3346	3367	3307	3358	1908334	1031400	0
2018-10-19	3345	3367	3316	3321	1873830	971120	0
2018-10-22	3328	3333	3272	3296	1790950	1005024	0
2018-10-23	3290	3307	3277	3286	1105094	948274	0
2018-10-24	3259	3324	3242	3320	1563160	1019694	0
2018-10-25	3327	3334	3195	3216	2089868	1060896	0
2018-10-26	3219	3221	3173	3187	1494534	1028012	0
2018-10-29	3175	3206	3037	3037	2249768	1239612	0
2018-10-30	3014	3046	2981	2991	1480754	1087082	0
2018-10-31	2991	3003	2941	2990	1765594	1209074	0
2018-11-01	2990	3000	2885	2901	2039484	1251172	0
2018-11-02	2908	2935	2886	2925	1559118	1104576	0
2018-11-05	2925	2966	2914	2958	1288126	1028844	0
2018-11-06	2957	2964	2851	2873	2336316	1318778	0
2018-11-07	2872	2884	2783	2811	2345986	1292748	0
2018-11-08	2824	2845	2785	2836	1927948	1264720	0
2018-11-09	2832	2833	2788	2812	1725770	1179976	0
2018-11-12	2802	2832	2745	2774	2519978	1317908	0
2018-11-13	2778	2792	2751	2770	1385672	1173602	0
2018-11-14	2772	2807	2659	2697	3088014	1412648	0
2018-11-15	2710	2729	2699	2721	1596454	1222872	0
2018-11-16	2731	2779	2695	2761	2247228	1325558	0
2018-11-19	2767	2774	2710	2716	1743472	1233334	0
2018-11-20	2719	2724	2661	2674	2107334	1369918	0
2018-11-21	2669	2673	2553	2566	3028068	1311370	0
2018-11-22	2580	2587	2517	2558	3509042	1504024	0
2018-11-23	2558	2576	2475	2478	2793772	1423036	0
2018-11-26	2437	2438	2398	2398	1880130	1330024	0
2018-11-27	2389	2436	2371	2397	2281254	1324496	0
2018-11-28	2405	2470	2401	2456	2331664	1292968	0
2018-11-29	2443	2466	2415	2425	2411382	1303424	0
2018-11-30	2442	2457	2349	2358	2626628	1443764	0
2018-12-03	2346	2484	2323	2334	3982588	1688472	0
2018-12-04	2338	2499	2338	2492	4523202	1479546	0
2018-12-05	2502	2530	2447	2517	4652018	1534942	0
2018-12-06	2521	2540	2469	2481	3202938	1371510	0
2018-12-07	2454	2559	2453	2523	4265610	1398668	0
2018-12-10	2531	2592	2473	2489	3772548	1268920	0
2018-12-11	2487	2501	2413	2414	2851164	1306106	0
2018-12-12	2419	2454	2396	2422	3529374	1422500	0
2018-12-13	2433	2472	2422	2450	3108772	1228028	0
2018-12-14	2440	2497	2437	2485	2445254	1187180	0
2018-12-17	2479	2504	2454	2495	2082756	1138660	0
2018-12-18	2499	2514	2438	2466	2457890	1172852	0
2018-12-19	2461	2486	2428	2473	2588782	1163180	0
2018-12-20	2475	2494	2447	2482	2381540	1101436	0
2018-12-21	2478	2498	2421	2446	2918866	1254904	0
2018-12-24	2434	2449	2392	2413	2367232	1282690	0
2018-12-25	2399	2414	2305	2317	2709112	1279542	0
2018-12-26	2326	2352	2322	2345	1555862	1157930	0
2018-12-27	2352	2451	2342	2381	2799414	1275766	0
2018-12-28	2371	2402	2363	2388	1954134	1104698	0
2019-01-02	2390	2421	2384	2396	1242234	1128234	0
2019-01-03	2399	2456	2386	2439	1961878	1144210	0
2019-01-04	2456	2491	2438	2481	2189358	1201914	0
2019-01-07	2483	2492	2461	2476	1726684	1096656	0
2019-01-08	2474	2488	2445	2459	1794860	1103366	0
2019-01-09	2470	2514	2460	2486	1964544	1095042	0
2019-01-10	2497	2520	2474	2494	1965692	1155492	0
2019-01-11	2497	2512	2483	2508	1421498	1099922	0
2019-01-14	2505	2539	2499	2505	1714688	1218148	0
2019-01-15	2505	2522	2483	2515	1714930	1126200	0
2019-01-16	2515	2548	2510	2526	1810346	1266620	0
2019-01-17	2516	2533	2487	2489	1802106	1221252	0
2019-01-18	2468	2507	2459	2495	2333434	1426962	0
2019-01-21	2497	2591	2494	2569	3361256	1516456	0
2019-01-22	2569	2591	2510	2513	2710582	1488332	0
2019-01-23	2509	2517	2481	2504	2077310	1477064	0
2019-01-24	2511	2519	2486	2495	1841218	1441132	0
2019-01-25	2491	2552	2487	2512	2286474	1405304	0
2019-01-28	2506	2535	2455	2462	2122640	1353162	0
2019-01-29	2458	2471	2415	2447	2867444	1533752	0
2019-01-30	2454	2502	2441	2485	2491300	1361080	0
2019-01-31	2494	2531	2484	2528	1882550	1175198	0
2019-02-01	2518	2554	2501	2539	1758168	1062540	0
2019-02-11	2527	2565	2517	2540	1001530	1072964	0
2019-02-12	2547	2601	2546	2561	2461160	1400950	0
2019-02-13	2577	2590	2520	2539	2274976	1409946	0
2019-02-14	2535	2585	2505	2584	2177272	1563358	0
2019-02-15	2578	2580	2487	2490	3474516	1894332	0
2019-02-18	2499	2525	2449	2459	3584424	1989090	0
2019-02-19	2459	2486	2447	2485	2333332	1870252	0
2019-02-20	2487	2502	2474	2495	2056440	1739140	0
2019-02-21	2491	2550	2489	2531	2481432	1646982	0
2019-02-22	2529	2547	2519	2546	1671304	1554452	0
2019-02-25	2557	2558	2525	2530	2184974	1668204	0
2019-02-26	2501	2566	2483	2562	2854000	1650792	0
2019-02-27	2569	2569	2530	2537	1929076	1447922	0
2019-02-28	2546	2561	2536	2542	1474818	1467178	0
2019-03-01	2546	2657	2544	2653	2729626	1692992	0
2019-03-04	2647	2701	2623	2673	3187424	1790252	0
2019-03-05	2672	2679	2637	2661	2180930	1702800	0
2019-03-06	2663	2683	2634	2666	2435026	1769200	0
2019-03-07	2661	2678	2586	2595	2808844	1794190	0
2019-03-08	2604	2607	2565	2588	2439176	1740796	0
2019-03-11	2583	2604	2571	2590	1772668	1650540	0
2019-03-12	2590	2639	2574	2634	2464796	1842676	0
2019-03-13	2636	2642	2621	2626	1751192	1665440	0
2019-03-14	2630	2633	2583	2595	2300634	1862986	0
2019-03-15	2594	2600	2530	2533	2419520	1848482	0
2019-03-18	2529	2547	2475	2479	2294286	1972780	0
2019-03-19	2482	2502	2456	2468	1840078	1916648	0
2019-03-20	2483	2519	2478	2508	2336072	2023440	0
2019-03-21	2507	2522	2506	2509	1640748	1853282	0
2019-03-22	2514	2533	2489	2513	2319686	1982634	0
2019-03-25	2509	2522	2474	2504	2240708	1846806	0
2019-03-26	2511	2517	2487	2490	1597530	1895454	0
2019-03-27	2495	2501	2452	2459	1964274	2100230	0
2019-03-28	2462	2471	2398	2406	2673368	2249216	0
2019-03-29	2396	2447	2384	2405	2864606	2127986	0
2019-04-01	2418	2464	2408	2460	2571278	1998938	0
2019-04-02	2463	2481	2448	2459	2219014	1920002	0
2019-04-03	2456	2480	2453	2469	1895138	1842552	0
2019-04-04	2465	2491	2465	2482	1940982	1722600	0
2019-04-08	2497	2562	2492	2550	1842192	1653944	0
2019-04-09	2550	2563	2516	2525	1953050	1705494	0
2019-04-10	2522	2534	2505	2526	1811474	1644598	0
2019-04-11	2527	2536	2500	2518	1777716	1676910	0
2019-04-12	2518	2525	2478	2511	1996178	1676870	0
2019-04-15	2525	2526	2480	2484	1938106	1716652	0
2019-04-16	2479	2488	2447	2457	1927154	1749610	0
2019-04-17	2460	2480	2454	2466	1541902	1742464	0
2019-04-18	2468	2471	2409	2409	2257142	1930966	0
2019-04-19	2419	2435	2411	2433	1373508	1735796	0
2019-04-22	2434	2481	2429	2452	2065092	1864344	0
2019-04-23	2452	2464	2440	2455	1375120	1734216	0
2019-04-24	2447	2451	2421	2442	1650934	1793792	0
2019-04-25	2461	2469	2440	2457	1772458	1708394	0
2019-04-26	2458	2460	2383	2391	2172592	1801544	0
2019-04-29	2387	2418	2387	2408	1376674	1624982	0
2019-04-30	2412	2418	2391	2402	1311608	1630262	0
2019-05-06	2372	2429	2370	2423	1228398	1543378	0
2019-05-07	2429	2459	2427	2454	1345142	1544502	0
2019-05-08	2453	2475	2442	2468	1386826	1476584	0
2019-05-09	2465	2465	2443	2455	1325634	1505298	0
2019-05-10	2459	2488	2457	2461	1520126	1481664	0
2019-05-13	2460	2466	2419	2428	1463540	1502054	0
2019-05-14	2436	2447	2371	2380	2185662	1688148	0
2019-05-15	2385	2405	2380	2404	1103674	1549518	0
2019-05-16	2401	2450	2401	2449	1669374	1599376	0
2019-05-17	2451	2463	2441	2454	1559762	1544712	0
2019-05-20	2458	2551	2457	2514	3128184	1683746	0
2019-05-21	2513	2555	2505	2543	1857376	1537644	0
2019-05-22	2538	2558	2509	2544	2219624	1663642	0
2019-05-23	2535	2548	2469	2474	2236752	1545910	0
2019-05-24	2472	2486	2410	2435	2419174	1541540	0
2019-05-27	2442	2459	2418	2450	1649350	1383630	0
2019-05-28	2458	2460	2419	2451	1746710	1546836	0
2019-05-29	2446	2500	2440	2500	1909902	1530310	0
2019-05-30	2483	2509	2434	2446	2251096	1706264	0
2019-05-31	2443	2454	2412	2415	1910614	1669226	0
2019-06-03	2403	2408	2314	2314	2767136	1891966	0
2019-06-04	2331	2334	2291	2330	2063386	1748220	0
2019-06-05	2341	2348	2296	2299	2139420	1953496	0
2019-06-06	2296	2312	2248	2302	2775448	1872102	0
2019-06-10	2332	2350	2321	2327	1380290	1731820	0
2019-06-11	2327	2355	2291	2339	2472038	1925628	0
2019-06-12	2340	2346	2300	2304	1977440	1806232	0
2019-06-13	2302	2369	2302	2363	2965958	1932360	0
2019-06-14	2370	2378	2336	2346	2020992	1700574	0
2019-06-17	2346	2362	2316	2348	1899336	1760990	0
2019-06-18	2347	2372	2343	2362	1844810	1703818	0
2019-06-19	2366	2401	2357	2372	2270876	1782652	0
2019-06-20	2369	2411	2354	2410	2136198	1667866	0
2019-06-21	2413	2435	2381	2388	2468124	1786056	0
2019-06-24	2393	2427	2392	2413	1909754	1627782	0
2019-06-25	2412	2414	2361	2376	2134204	1854366	0
2019-06-26	2375	2392	2364	2385	2024438	1811880	0
2019-06-27	2382	2406	2329	2334	3091230	2174432	0
2019-06-28	2331	2340	2265	2284	2850698	2127012	0
2019-07-01	2288	2323	2276	2312	2424110	2190856	0
2019-07-02	2315	2367	2293	2356	3144186	2121636	0
2019-07-03	2346	2363	2316	2344	2951928	2096238	0
2019-07-04	2343	2364	2298	2330	2820490	2027892	0
2019-07-05	2327	2357	2326	2336	2204416	1915282	0
2019-07-08	2334	2374	2324	2337	2414868	2049206	0
2019-07-09	2336	2368	2273	2275	3672358	2280094	0
2019-07-10	2281	2305	2247	2295	2847974	2200792	0
2019-07-11	2299	2311	2273	2275	2180584	2314070	0
2019-07-12	2271	2281	2232	2254	2595986	2400014	0
2019-07-15	2251	2266	2238	2249	1841174	2310508	0
2019-07-16	2253	2259	2190	2192	2511154	2585176	0
2019-07-17	2200	2215	2186	2202	1973320	2374396	0
2019-07-18	2204	2214	2162	2181	2209252	2570872	0
2019-07-19	2184	2235	2157	2207	2943986	2454386	0
2019-07-22	2206	2226	2174	2184	2547118	2479818	0
2019-07-23	2176	2193	2128	2130	3092154	2845418	0
2019-07-24	2127	2154	2115	2137	2597098	2676360	0
2019-07-25	2136	2142	2108	2116	2264060	2837294	0
2019-07-26	2113	2118	2072	2079	2999148	3153058	0
2019-07-29	2083	2103	2079	2094	2181596	2859616	0
2019-07-30	2097	2132	2092	2116	3013802	3028230	0
2019-07-31	2119	2161	2113	2148	3041108	2670906	0
2019-08-01	2149	2167	2133	2147	2455428	2617288	0
2019-08-02	2149	2182	2121	2164	3166794	2486992	0
2019-08-05	2165	2172	2087	2102	3072316	2647174	0
2019-08-06	2098	2129	2094	2127	2101040	2383980	0
2019-08-07	2125	2167	2114	2164	2447960	2365844	0
2019-08-08	2163	2201	2138	2185	2830726	2312222	0
2019-08-09	2191	2197	2164	2188	2202154	2108970	0
2019-08-12	2190	2209	2169	2187	2010554	2109996	0
2019-08-13	2189	2214	2176	2204	1625832	2025516	0
2019-08-14	2205	2236	2187	2189	2603474	2274300	0
2019-08-15	2189	2197	2151	2183	2219798	1931038	0
2019-08-16	2178	2182	2154	2157	2062166	2100784	0
2019-08-19	2152	2180	2151	2176	1615712	2057022	0
2019-08-20	2175	2185	2151	2167	1941890	2281154	0
2019-08-21	2165	2166	2100	2115	2640520	2389206	0
2019-08-22	2116	2133	2107	2125	1569208	2155554	0
2019-08-23	2127	2148	2114	2143	1503174	2090632	0
2019-08-26	2138	2160	2122	2126	2034308	2049350	0
2019-08-27	2130	2146	2096	2104	2110920	2199434	0
2019-08-28	2110	2151	2103	2150	1898176	1894660	0
2019-08-29	2145	2159	2117	2133	1835640	2052644	0
2019-08-30	2133	2146	2116	2132	1736790	1917904	0
2019-09-02	2134	2203	2134	2200	2383032	1992094	0
2019-09-03	2199	2223	2188	2200	1866132	1782994	0
2019-09-04	2199	2217	2192	2215	1420458	1802062	0
2019-09-05	2212	2241	2175	2177	2818818	2044914	0
2019-09-06	2182	2200	2170	2195	1714686	1787060	0
2019-09-09	2198	2254	2198	2251	2121274	1926308	0
2019-09-10	2252	2254	2231	2239	1398756	1769694	0
2019-09-11	2240	2254	2224	2236	1338952	1733692	0
2019-09-12	2236	2243	2225	2238	1223908	1682536	0
2019-09-16	2239	2343	2239	2336	1982926	1712264	0
2019-09-17	2341	2424	2336	2381	2900610	1716058	0
2019-09-18	2376	2383	2280	2297	2865344	1673214	0
2019-09-19	2282	2301	2268	2289	1929672	1587840	0
2019-09-20	2299	2318	2276	2304	2018456	1667244	0
2019-09-23	2312	2368	2310	2363	2079244	1656920	0
2019-09-24	2358	2375	2331	2369	2129446	1745338	0
2019-09-25	2365	2402	2344	2393	2407476	1752662	0
2019-09-26	2386	2409	2336	2366	2813590	1764276	0
2019-09-27	2359	2366	2313	2330	2113728	1503778	0
2019-09-30	2317	2405	2313	2393	1960846	1494320	0
2019-10-08	2377	2411	2371	2385	926090	1402820	0
2019-10-09	2380	2403	2355	2384	1967416	1712370	0
2019-10-10	2393	2408	2341	2352	2328428	1643488	0
2019-10-11	2354	2354	2296	2315	2309592	1781890	0
2019-10-14	2312	2326	2281	2282	2172844	1678098	0
2019-10-15	2278	2303	2259	2269	1803696	1747394	0
2019-10-16	2274	2279	2195	2204	2582706	1948554	0
2019-10-17	2205	2209	2180	2196	1869600	1861750	0
2019-10-18	2202	2212	2184	2201	1498876	1822102	0
2019-10-21	2203	2204	2141	2150	1791750	1926856	0
2019-10-22	2148	2166	2135	2156	1366260	1843266	0
2019-10-23	2160	2173	2121	2129	2012838	2119412	0
2019-10-24	2127	2152	2122	2139	2014554	2001792	0
2019-10-25	2140	2143	2086	2087	2283152	2352936	0
2019-10-28	2093	2103	2071	2095	2068610	2280376	0
2019-10-29	2099	2118	2099	2108	1877940	2191930	0
2019-10-30	2101	2124	2084	2113	2027954	2218524	0
2019-10-31	2113	2119	2097	2110	1377018	2132424	0
2019-11-01	2103	2108	2074	2092	1908704	2366718	0
2019-11-04	2092	2107	2083	2097	1404328	2197366	0
2019-11-05	2103	2138	2099	2131	1924114	2169372	0
2019-11-06	2133	2136	2083	2086	2029838	2222002	0
2019-11-07	2088	2096	2056	2062	2089584	2417142	0
2019-11-08	2072	2072	2021	2021	2033598	2476022	0
2019-11-11	2023	2037	1973	1976	2353456	2598134	0
2019-11-12	1983	1995	1957	1982	2326100	2501840	0
2019-11-13	1982	1996	1967	1977	1890228	2528226	0
2019-11-14	1974	1983	1946	1965	2651404	2701446	0
2019-11-15	1967	1997	1955	1976	2711538	2545928	0
2019-11-18	1977	1995	1971	1986	1923536	2446680	0
2019-11-19	1989	1999	1914	1947	3765836	2914170	0
2019-11-20	1945	1949	1920	1930	2122792	2727464	0
2019-11-21	1933	1969	1933	1962	2408908	2589584	0
2019-11-22	1964	2003	1959	1969	2920146	2496056	0
2019-11-25	1971	2028	1964	2027	3026750	2418076	0
2019-11-26	2026	2035	1988	2002	3035900	2450966	0
2019-11-27	2003	2016	1990	1999	2046586	2469128	0
2019-11-28	2000	2009	1966	1977	2459640	2605320	0
2019-11-29	1980	1996	1972	1980	1921832	2425718	0
2019-12-02	1978	1979	1943	1952	2583696	2661402	0
2019-12-03	1959	2004	1958	2000	2809724	2413078	0
2019-12-04	2004	2030	1994	2010	2976472	2480870	0
2019-12-05	2019	2057	2018	2044	3088720	2288092	0
2019-12-06	2050	2056	2026	2033	2558890	2332054	0
2019-12-09	2029	2076	2029	2052	3069904	2267566	0
2019-12-10	2050	2070	2047	2054	1963106	2144920	0
2019-12-11	2044	2048	2017	2033	2533802	2398034	0
2019-12-12	2035	2089	2032	2089	2856440	2238456	0
2019-12-13	2086	2092	2069	2082	2248970	2231966	0
2019-12-16	2080	2104	2079	2095	2707204	2241624	0
2019-12-17	2096	2132	2096	2128	2284086	2026634	0
2019-12-18	2128	2130	2087	2089	2373622	2201852	0
2019-12-19	2093	2114	2084	2112	1989434	1971680	0
2019-12-20	2111	2140	2104	2133	2156116	1991374	0
2019-12-23	2132	2162	2127	2146	2143344	1895676	0
2019-12-24	2150	2151	2118	2134	1964558	1880772	0
2019-12-25	2128	2161	2120	2158	1993650	1839202	0
2019-12-26	2171	2177	2151	2156	1462102	1699650	0
2019-12-27	2159	2196	2156	2192	1862382	1813170	0
2019-12-30	2200	2232	2189	2220	2046848	1713846	0
2019-12-31	2222	2229	2172	2183	2292854	1755670	0
2020-01-02	2184	2204	2177	2196	539829	779297	0
2020-01-03	2194	2243	2190	2236	1181319	895255	0
2020-01-06	2241	2295	2222	2293	1347507	898566	0
2020-01-07	2287	2300	2257	2280	1266233	919522	0
2020-01-08	2276	2378	2275	2334	1636014	965307	0
2020-01-09	2317	2338	2227	2237	1805551	970717	0
2020-01-10	2243	2250	2222	2246	987082	862711	0
2020-01-13	2250	2348	2246	2348	1636456	999787	0
2020-01-14	2361	2367	2321	2360	1738878	926479	0
2020-01-15	2366	2366	2312	2341	1558910	969972	0
2020-01-16	2336	2344	2298	2311	1287234	955197	0
2020-01-17	2305	2328	2271	2278	1228470	924884	0
2020-01-20	2279	2337	2279	2333	1001588	907641	0
2020-01-21	2330	2330	2282	2288	1023948	886072	0
2020-01-22	2288	2292	2225	2247	1014736	865028	0
2020-01-23	2254	2273	2223	2241	722939	777187	0
2020-02-03	2115	2124	2089	2089	350415	736062	0
2020-02-04	2037	2074	2011	2059	712274	764535	0
2020-02-05	2059	2112	2058	2091	821798	769436	0
2020-02-06	2097	2118	2086	2113	675123	791602	0
2020-02-07	2108	2138	2095	2137	743605	839000	0
2020-02-10	2121	2149	2112	2123	817100	858157	0
2020-02-11	2112	2147	2111	2120	782752	882637	0
2020-02-12	2119	2133	2071	2093	1085214	1000843	0
2020-02-13	2100	2114	2082	2097	770748	948295	0
2020-02-14	2096	2110	2075	2106	734742	927498	0
2020-02-17	2107	2127	2105	2123	655589	894717	0
2020-02-18	2123	2135	2097	2098	821971	987238	0
2020-02-19	2099	2133	2099	2130	722892	898102	0
2020-02-20	2142	2158	2125	2135	804450	973428	0
2020-02-21	2133	2148	2113	2130	867019	959544	0
2020-02-24	2117	2123	2067	2095	926784	998760	0
2020-02-25	2084	2141	2071	2140	1020992	983242	0
2020-02-26	2126	2151	2096	2105	1203235	1021083	0
2020-02-27	2099	2106	2080	2096	820385	965287	0
2020-02-28	2076	2091	2023	2025	1223588	1004964	0
2020-03-02	2026	2079	2017	2062	1148129	1004345	0
2020-03-03	2078	2109	2041	2066	1091177	1027539	0
2020-03-04	2064	2073	2050	2058	787697	1032690	0
2020-03-05	2062	2071	2041	2060	952298	1053978	0
2020-03-06	2048	2058	2027	2053	1050317	1075684	0
2020-03-09	1962	1962	1939	1939	70941	1062861	0
2020-03-10	1834	1966	1824	1941	1455772	989451	0
2020-03-11	1949	1966	1911	1917	859312	993673	0
2020-03-12	1908	1913	1846	1884	1142670	1009390	0
2020-03-13	1861	1914	1834	1887	1145661	1001991	0
2020-03-16	1870	1894	1851	1858	789763	939902	0
2020-03-17	1858	1869	1836	1846	777891	974492	0
2020-03-18	1830	1861	1776	1807	1210937	1027415	0
2020-03-19	1807	1807	1739	1755	1091188	959733	0
2020-03-20	1786	1807	1755	1800	955638	972244	0
2020-03-23	1749	1784	1738	1772	960985	962141	0
2020-03-24	1784	1796	1742	1765	1081974	1056800	0
2020-03-25	1775	1785	1721	1734	1246806	1065399	0
2020-03-26	1739	1739	1697	1720	1041857	1081024	0
2020-03-27	1721	1726	1645	1655	1383729	1140981	0
2020-03-30	1654	1654	1589	1598	1264396	1115012	0
2020-03-31	1616	1665	1605	1635	1177640	1091903	0
2020-04-01	1633	1638	1595	1600	1011737	1087319	0
2020-04-02	1600	1687	1576	1675	1618920	1099780	0
2020-04-03	1674	1705	1661	1688	1325201	951740	0
2020-04-07	1694	1741	1694	1739	1012025	942055	0
2020-04-08	1724	1752	1710	1735	1031832	990857	0
2020-04-09	1745	1822	1745	1820	1305613	1024090	0
2020-04-10	1785	1842	1774	1837	1480779	1072403	0
2020-04-13	1870	1896	1808	1815	1649430	1059861	0
2020-04-14	1826	1826	1751	1754	1586259	1129513	0
2020-04-15	1732	1785	1726	1768	1404793	1062721	0
2020-04-16	1764	1792	1716	1723	1500639	1135264	0
2020-04-17	1737	1767	1720	1746	1300311	1090188	0
2020-04-20	1723	1750	1698	1748	1335156	1170542	0
2020-04-21	1715	1749	1666	1699	1735071	1198721	0
2020-04-22	1661	1676	1633	1657	1581512	1167529	0
2020-04-23	1678	1737	1676	1734	1404710	1155706	0
2020-04-24	1738	1743	1696	1698	1424499	1165120	0
2020-04-27	1695	1695	1665	1672	1172957	1179455	0
2020-04-28	1655	1722	1645	1717	1526184	1185282	0
2020-04-29	1724	1744	1679	1718	1413814	1136756	0
2020-04-30	1737	1793	1724	1793	1348145	1026424	0
2020-05-06	1836	1852	1781	1794	969731	999265	0
2020-05-07	1785	1814	1760	1761	1419444	1206411	0
2020-05-08	1778	1783	1742	1772	1711693	1207486	0
2020-05-11	1771	1787	1751	1761	1533494	1263255	0
2020-05-12	1763	1771	1728	1736	1319449	1266382	0
2020-05-13	1746	1759	1710	1759	1744157	1302561	0
2020-05-14	1757	1765	1732	1761	1349502	1228035	0
2020-05-15	1759	1789	1752	1773	1401091	1309827	0
2020-05-18	1771	1771	1720	1727	2090325	1534287	0
2020-05-19	1734	1752	1713	1720	2177138	1592379	0
2020-05-20	1721	1767	1708	1755	2195307	1499325	0
2020-05-21	1757	1779	1752	1760	1814103	1478101	0
2020-05-22	1761	1771	1685	1695	2472612	1710202	0
2020-05-25	1703	1715	1681	1703	1821716	1685212	0
2020-05-26	1699	1709	1690	1699	1568662	1817005	0
2020-05-27	1700	1739	1682	1727	2475826	1809685	0
2020-05-28	1727	1733	1710	1723	1581175	1721792	0
2020-05-29	1724	1728	1700	1701	1683328	1797045	0
2020-06-01	1699	1736	1695	1726	1670788	1753490	0
2020-06-02	1722	1735	1713	1722	1510157	1761313	0
2020-06-03	1726	1770	1720	1767	2057916	1810515	0
2020-06-04	1761	1778	1750	1758	1738953	1750151	0
2020-06-05	1763	1785	1762	1778	1503212	1717094	0
2020-06-08	1788	1799	1774	1782	1646118	1756145	0
2020-06-09	1776	1786	1758	1768	1527174	1744445	0
2020-06-10	1765	1776	1755	1760	1226405	1748337	0
2020-06-11	1762	1772	1733	1740	1612601	1772612	0
2020-06-12	1735	1739	1704	1733	1805484	1740021	0
2020-06-15	1738	1747	1695	1702	1682016	1810312	0
2020-06-16	1706	1742	1703	1739	1418442	1659033	0
2020-06-17	1744	1747	1714	1730	1416600	1712569	0
2020-06-18	1724	1739	1717	1736	1206511	1653459	0
2020-06-19	1737	1768	1731	1765	1603564	1730953	0
2020-06-22	1766	1767	1748	1759	1425331	1664756	0
2020-06-23	1757	1790	1757	1785	1821477	1758428	0
2020-06-24	1788	1789	1775	1780	1036891	1488571	0
2020-06-29	1760	1775	1742	1763	1141296	1518611	0
2020-06-30	1768	1792	1766	1774	1265452	1531302	0
2020-07-01	1771	1785	1763	1778	1280713	1602217	0
2020-07-02	1777	1818	1773	1808	1931731	1745343	0
2020-07-03	1809	1835	1805	1823	1783911	1694498	0
2020-07-06	1825	1848	1811	1837	1701924	1776025	0
2020-07-07	1835	1840	1798	1808	1715594	1717394	0
2020-07-08	1812	1834	1804	1825	1375042	1701395	0
2020-07-09	1831	1839	1815	1831	1378710	1652669	0
2020-07-10	1832	1836	1790	1799	1765579	1708815	0
2020-07-13	1805	1849	1805	1838	1533412	1598840	0
2020-07-14	1838	1848	1821	1842	1603581	1668451	0
2020-07-15	1841	1889	1840	1868	2301126	1771576	0
2020-07-16	1876	1878	1849	1863	1661907	1713295	0
2020-07-17	1856	1860	1815	1827	2074542	1719357	0
2020-07-20	1828	1838	1796	1803	1595748	1757639	0
2020-07-21	1805	1819	1792	1802	1570560	1818161	0
2020-07-22	1813	1822	1798	1801	1699268	1895378	0
2020-07-23	1790	1817	1776	1813	1818372	1815817	0
2020-07-24	1810	1822	1756	1758	2003429	1932540	0
2020-07-27	1765	1788	1764	1781	1270017	1693306	0
2020-07-28	1785	1799	1770	1772	1296880	1770423	0
2020-07-29	1773	1810	1770	1808	1462852	1583664	0
2020-07-30	1811	1814	1793	1794	1051673	1567919	0
2020-07-31	1790	1792	1738	1773	1576659	1580319	0
2020-08-03	1774	1776	1739	1754	1256989	1622837	0
2020-08-04	1761	1770	1749	1759	999767	1551935	0
2020-08-05	1756	1769	1738	1759	1188573	1700506	0
2020-08-06	1769	1779	1749	1759	1199824	1595464	0
2020-08-07	1761	1783	1758	1773	1206405	1611578	0
2020-08-10	1776	1817	1770	1807	1716649	1533427	0
2020-08-11	1810	1814	1804	1812	900057	1428845	0
2020-08-12	1816	1833	1793	1823	1548761	1511301	0
2020-08-13	1827	1842	1821	1832	909352	1311146	0
2020-08-14	1837	1849	1829	1845	1065982	1368943	0
2020-08-17	1843	1851	1830	1850	870521	1249718	0
2020-08-18	1850	1886	1848	1882	1098553	1364550	0
2020-08-19	1882	1888	1875	1881	853296	1273592	0
2020-08-20	1880	1892	1861	1874	1094978	1367855	0
2020-08-21	1872	1894	1866	1894	1019789	1266083	0
2020-08-24	1891	1921	1887	1918	1252684	1418263	0
2020-08-25	1919	1928	1914	1925	806375	1306144	0
2020-08-26	1922	1949	1918	1948	1019968	1447055	0
2020-08-27	1949	1953	1939	1944	743918	1288119	0
2020-08-28	1947	1952	1923	1936	1038908	1344525	0
2020-08-31	1941	1979	1937	1971	1107066	1289161	0
2020-09-01	1972	2035	1970	2023	1558715	1518159	0
2020-09-02	2026	2043	2021	2030	1336954	1403097	0
2020-09-03	2031	2031	2016	2021	1035825	1382893	0
2020-09-04	2012	2052	1987	2048	1399619	1364057	0
2020-09-07	2048	2073	2034	2047	1599540	1399340	0
2020-09-08	2050	2056	2016	2020	1225871	1267310	0
2020-09-09	2002	2010	1938	1984	1755124	1288246	0
2020-09-10	2002	2005	1970	1983	1233725	1212955	0
2020-09-11	1976	2000	1973	1998	1042011	1218317	0
2020-09-14	1991	2031	1988	2026	1042947	1203551	0
2020-09-15	2034	2111	2034	2083	2226867	1432666	0
2020-09-16	2092	2097	2066	2081	1432891	1256835	0
2020-09-17	2083	2111	2073	2090	1649134	1459055	0
2020-09-18	2088	2089	2052	2075	1525626	1256229	0
2020-09-21	2073	2086	2046	2075	1507070	1388085	0
2020-09-22	2066	2067	1996	2014	1674531	1244147	0
2020-09-23	2022	2032	1997	2011	1114498	1233294	0
2020-09-24	2015	2026	1979	1996	1344028	1263346	0
2020-09-25	2000	2022	1998	2017	939041	1157738	0
2020-09-28	2011	2034	1992	1993	1176370	1235651	0
2020-09-29	1997	2005	1955	1978	1289724	1176695	0
2020-09-30	1977	1983	1920	1920	1159339	1137965	0
2020-10-09	1962	1994	1956	1980	615959	1052830	0
2020-10-12	1988	2037	1987	2027	1109356	1253264	0
2020-10-13	2028	2043	2012	2037	936079	1125828	0
2020-10-14	2044	2055	2031	2041	1035578	1269822	0
2020-10-15	2042	2065	2027	2057	1216088	1262433	0
2020-10-16	2042	2077	2031	2070	1648569	1333203	0
2020-10-19	2069	2089	2034	2045	1547113	1257812	0
2020-10-20	2042	2045	2025	2036	842360	1143320	0
2020-10-21	2034	2146	2033	2112	2806607	1581342	0
2020-10-22	2106	2108	2077	2090	1420230	1322802	0
2020-10-23	2087	2095	2051	2059	1522719	1398553	0
2020-10-26	2063	2070	2010	2012	1745226	1421300	0
2020-10-27	2014	2039	2012	2036	1256908	1370750	0
2020-10-28	2040	2068	2034	2063	1656099	1413172	0
2020-10-29	2037	2069	2023	2041	2122876	1435830	0
2020-10-30	2015	2073	1991	2023	2333509	1436062	0
2020-11-02	2023	2039	1998	2028	1615894	1438140	0
2020-11-03	2035	2078	2032	2051	2051651	1376017	0
2020-11-04	2065	2096	2056	2075	1834196	1438632	0
2020-11-05	2083	2090	2052	2054	1325589	1374799	0
2020-11-06	2063	2098	2054	2086	1770693	1442120	0
2020-11-09	2094	2109	2069	2089	1424742	1347849	0
2020-11-10	2116	2143	2105	2133	1958347	1503700	0
2020-11-11	2137	2205	2136	2165	2659221	1611869	0
2020-11-12	2165	2191	2152	2187	1398995	1462377	0
2020-11-13	2180	2251	2179	2249	2057201	1699220	0
2020-11-16	2246	2293	2225	2233	2527156	1583699	0
2020-11-17	2237	2259	2219	2235	1716261	1546469	0
2020-11-18	2226	2255	2206	2250	1895578	1533520	0
2020-11-19	2263	2316	2243	2275	2346234	1583093	0
2020-11-20	2275	2291	2262	2279	1356383	1453940	0
2020-11-23	2285	2339	2258	2274	2068607	1541175	0
2020-11-24	2276	2297	2260	2288	1422333	1429552	0
2020-11-25	2299	2329	2294	2301	1871881	1569564	0
2020-11-26	2303	2307	2221	2231	2064533	1419374	0
2020-11-27	2236	2264	2221	2254	1278805	1416485	0
2020-11-30	2261	2275	2242	2273	1369037	1402159	0
2020-12-01	2275	2319	2261	2303	2095070	1453378	0
2020-12-02	2303	2322	2285	2311	1363112	1314554	0
2020-12-03	2313	2314	2251	2264	1727372	1383417	0
2020-12-04	2267	2269	2214	2252	1746568	1264744	0
2020-12-07	2264	2298	2259	2267	1376132	1256106	0
2020-12-08	2272	2307	2250	2253	1838702	1300654	0
2020-12-09	2262	2310	2254	2309	1607638	1291752	0
2020-12-10	2318	2366	2315	2341	1884672	1365676	0
2020-12-11	2352	2465	2345	2460	2487800	1408072	0
2020-12-14	2446	2463	2423	2455	1950516	1341310	0
2020-12-15	2478	2506	2436	2497	1906993	1404862	0
2020-12-16	2500	2504	2475	2482	1504711	1338858	0
2020-12-17	2484	2509	2460	2502	1734799	1345605	0
2020-12-18	2512	2562	2496	2524	1911804	1273600	0
2020-12-21	2525	2560	2502	2518	1632960	1267044	0
2020-12-22	2499	2562	2472	2475	2084134	1243529	0
2020-12-23	2484	2486	2402	2437	1941280	1183884	0
2020-12-24	2460	2558	2449	2527	2678896	1332234	0
2020-12-25	2522	2531	2463	2469	1694444	1215791	0
2020-12-28	2471	2482	2355	2372	2272302	1271792	0
2020-12-29	2375	2395	2322	2342	1832064	1130388	0
2020-12-30	2350	2387	2329	2377	1533636	1152450	0
2020-12-31	2384	2410	2364	2407	1373742	1043366	0
2021-01-04	2400	2425	2375	2413	1170316	1115772	0
2021-01-05	2406	2432	2401	2426	1326736	1069384	0
2021-01-06	2438	2446	2380	2394	1459273	1170853	0
2021-01-07	2384	2399	2340	2384	1622715	1114040	0
2021-01-08	2379	2389	2299	2322	1700453	1245695	0
2021-01-11	2332	2374	2325	2334	1726820	1207980	0
2021-01-12	2340	2360	2273	2349	1810058	1263349	0
2021-01-13	2356	2389	2331	2366	1598572	1185922	0
2021-01-14	2360	2371	2313	2324	1406820	1183982	0
2021-01-15	2322	2349	2285	2308	1763355	1291020	0
2021-01-18	2308	2349	2292	2345	1319757	1224516	0
2021-01-19	2346	2354	2307	2319	1354361	1214306	0
2021-01-20	2312	2321	2267	2269	1598414	1328431	0
2021-01-21	2274	2331	2264	2321	1544447	1257573	0
2021-01-22	2325	2347	2316	2341	1541108	1279924	0
2021-01-25	2333	2342	2277	2283	1748605	1256716	0
2021-01-26	2285	2296	2239	2241	1441512	1232625	0
2021-01-27	2253	2260	2239	2259	951446	1163746	0
2021-01-28	2253	2269	2229	2259	1260237	1235690	0
2021-01-29	2258	2316	2253	2295	1625112	1186334	0
2021-02-01	2299	2326	2289	2296	1141435	1068593	0
2021-02-02	2291	2308	2252	2274	1276914	1197598	0
2021-02-03	2271	2280	2232	2268	1293803	1152318	0
2021-02-04	2271	2320	2270	2319	1390081	1126380	0
2021-02-05	2319	2337	2307	2328	1113578	1077845	0
2021-02-08	2332	2357	2315	2322	1062049	1135662	0
2021-02-09	2324	2338	2304	2327	841428	996419	0
2021-02-10	2329	2332	2250	2250	1024661	1018676	0
2021-02-18	2302	2358	2295	2355	940464	1009842	0
2021-02-19	2371	2412	2344	2389	1552146	1284767	0
2021-02-22	2379	2463	2372	2438	1428581	1249809	0
2021-02-23	2439	2486	2412	2452	1804768	1346172	0
2021-02-24	2439	2472	2431	2462	1325898	1276754	0
2021-02-25	2474	2563	2463	2526	1858656	1338575	0
2021-02-26	2526	2539	2446	2473	1788817	1236819	0
2021-03-01	2466	2578	2449	2526	2291838	1312235	0
2021-03-02	2526	2536	2469	2523	1728314	1256243	0
2021-03-03	2540	2586	2501	2534	1804585	1277778	0
2021-03-04	2540	2551	2498	2504	1646915	1275041	0
2021-03-05	2492	2571	2480	2561	1929351	1370692	0
2021-03-08	2574	2670	2574	2610	1668176	1291243	0
2021-03-09	2602	2627	2572	2573	1574510	1268685	0
2021-03-10	2580	2581	2457	2468	1909464	1243038	0
2021-03-11	2479	2489	2423	2459	1460391	1159528	0
2021-03-12	2468	2480	2431	2470	1498473	1230206	0
2021-03-15	2476	2477	2409	2441	1514415	1239077	0
2021-03-16	2434	2468	2430	2453	1138386	1135273	0
2021-03-17	2447	2447	2407	2438	1256225	1182528	0
2021-03-18	2429	2432	2383	2413	1517703	1267894	0
2021-03-19	2406	2408	2293	2321	1883871	1306961	0
2021-03-22	2326	2346	2306	2342	1140489	1173987	0
2021-03-23	2343	2361	2329	2347	1077003	1195776	0
2021-03-24	2332	2359	2327	2349	1130872	1178105	0
2021-03-25	2357	2359	2317	2338	1281953	1275011	0
2021-03-26	2331	2356	2326	2352	1095243	1197980	0
2021-03-29	2365	2387	2353	2371	1179809	1220304	0
2021-03-30	2381	2426	2380	2403	1329340	1183400	0
2021-03-31	2403	2415	2359	2364	1210129	1194786	0
2021-04-01	2365	2378	2344	2365	1046727	1084810	0
2021-04-02	2366	2424	2346	2420	1353608	1183717	0
2021-04-06	2403	2445	2402	2442	1065051	1130092	0
2021-04-07	2446	2465	2437	2451	1078534	1198299	0
2021-04-08	2447	2456	2421	2441	1128241	1140446	0
2021-04-09	2447	2454	2403	2438	1474829	1320535	0
2021-04-12	2437	2439	2336	2343	1784027	1242321	0
2021-04-13	2353	2366	2337	2356	1157372	1130794	0
2021-04-14	2369	2390	2353	2380	1256471	1112354	0
2021-04-15	2388	2436	2376	2433	1347761	1164864	0
2021-04-16	2434	2479	2422	2464	1533231	1269294	0
2021-04-19	2466	2480	2444	2468	1099552	1243099	0
2021-04-20	2477	2491	2446	2459	1258008	1323892	0
2021-04-21	2459	2460	2399	2416	1359839	1313049	0
2021-04-22	2401	2441	2393	2412	1443780	1305857	0
2021-04-23	2420	2427	2372	2383	1379617	1322276	0
2021-04-26	2387	2464	2386	2438	1670818	1406424	0
2021-04-27	2442	2484	2433	2461	1310784	1389295	0
2021-04-28	2452	2459	2405	2439	1593524	1477501	0
2021-04-29	2444	2474	2428	2457	1360348	1383420	0
2021-04-30	2483	2499	2439	2448	1416772	1323349	0
2021-05-06	2462	2548	2454	2536	996689	1335486	0
2021-05-07	2536	2585	2528	2580	1136231	1475888	0
2021-05-10	2573	2618	2547	2572	1524930	1459693	0
2021-05-11	2581	2595	2527	2567	1458826	1360527	0
2021-05-12	2574	2715	2559	2715	1660232	1474698	0
2021-05-13	2722	2852	2689	2759	2895544	1405069	0
2021-05-14	2752	2826	2646	2738	3346928	1588008	0
2021-05-17	2746	2793	2665	2683	2210991	1474064	0
2021-05-18	2676	2726	2659	2695	1649812	1455238	0
2021-05-19	2690	2690	2628	2661	1566827	1397249	0
2021-05-20	2617	2620	2506	2559	2013585	1402639	0
2021-05-21	2559	2573	2498	2522	1629532	1293591	0
2021-05-24	2545	2600	2505	2582	1678491	1365001	0
2021-05-25	2593	2627	2569	2591	1619727	1352078	0
2021-05-26	2582	2695	2550	2682	1941814	1429522	0
2021-05-27	2656	2657	2571	2574	2108048	1437714	0
2021-05-28	2587	2639	2560	2570	1776324	1428530	0
2021-05-31	2579	2608	2549	2557	1652598	1405091	0
2021-06-01	2553	2581	2537	2574	1402637	1387326	0
2021-06-02	2583	2601	2505	2514	1897879	1539897	0
2021-06-03	2518	2568	2498	2548	1530634	1394362	0
2021-06-04	2540	2564	2504	2513	1550977	1433684	0
2021-06-07	2521	2529	2444	2452	1706838	1484590	0
2021-06-08	2460	2464	2420	2447	1273171	1399462	0
2021-06-09	2451	2473	2434	2467	1118475	1382128	0
2021-06-10	2461	2480	2437	2463	1248314	1402985	0
2021-06-11	2471	2474	2433	2466	1277582	1386344	0
2021-06-15	2481	2523	2443	2520	1461392	1434372	0
2021-06-16	2519	2541	2511	2520	1194696	1330900	0
2021-06-17	2521	2531	2496	2506	1221753	1404852	0
2021-06-18	2497	2520	2452	2461	1468650	1357017	0
2021-06-21	2460	2485	2443	2446	1148600	1370800	0
2021-06-22	2447	2542	2440	2535	1554303	1437682	0
2021-06-23	2531	2598	2526	2566	1536708	1451273	0
2021-06-24	2570	2600	2561	2573	1074165	1418781	0
2021-06-25	2563	2607	2546	2601	1382301	1474845	0
2021-06-28	2596	2606	2529	2557	1540090	1426427	0
2021-06-29	2563	2583	2549	2560	1175914	1352340	0
2021-06-30	2568	2639	2565	2578	1736023	1488354	0
2021-07-01	2579	2606	2568	2579	1172439	1361027	0
2021-07-02	2593	2611	2572	2606	1278485	1439889	0
2021-07-05	2606	2660	2592	2630	1530333	1533983	0
2021-07-06	2638	2668	2624	2643	1325697	1497014	0
2021-07-07	2629	2629	2546	2574	1603747	1408814	0
2021-07-08	2580	2583	2534	2555	1207846	1333492	0
2021-07-09	2553	2607	2543	2606	1226108	1342631	0
2021-07-12	2609	2650	2608	2628	1237465	1387054	0
2021-07-13	2631	2659	2627	2649	947903	1354696	0
2021-07-14	2648	2685	2633	2676	1285170	1540596	0
2021-07-15	2676	2681	2618	2648	1267054	1454017	0
2021-07-16	2652	2737	2643	2710	1533467	1585207	0
2021-07-19	2719	2763	2696	2758	1262958	1589773	0
2021-07-20	2736	2756	2695	2729	1270538	1586174	0
2021-07-21	2724	2738	2678	2715	1282033	1521517	0
2021-07-22	2728	2787	2720	2738	1387110	1554250	0
2021-07-23	2745	2773	2701	2715	1343013	1519472	0
2021-07-26	2718	2720	2668	2686	1273228	1444292	0
2021-07-27	2693	2708	2674	2676	898515	1366451	0
2021-07-28	2677	2682	2638	2670	1146257	1362604	0
2021-07-29	2673	2707	2662	2699	969352	1306205	0
2021-07-30	2706	2799	2696	2785	1629475	1604547	0
2021-08-02	2770	2788	2703	2705	1466224	1461666	0
2021-08-03	2703	2708	2644	2655	1382155	1379804	0
2021-08-04	2648	2678	2641	2665	1024247	1343115	0
2021-08-05	2661	2697	2650	2657	1322535	1384452	0
2021-08-06	2659	2688	2626	2678	1424918	1385895	0
2021-08-09	2686	2687	2611	2637	1402815	1424398	0
2021-08-10	2637	2692	2631	2686	1106812	1306824	0
2021-08-11	2690	2740	2688	2734	1197632	1393712	0
2021-08-12	2731	2783	2724	2762	1189259	1375284	0
2021-08-13	2765	2783	2756	2782	911220	1323488	0
2021-08-16	2802	2829	2760	2802	1285700	1456871	0
2021-08-17	2801	2828	2780	2818	1130802	1398024	0
2021-08-18	2823	2846	2803	2820	1203085	1410142	0
2021-08-19	2811	2820	2766	2783	1267620	1350556	0
2021-08-20	2767	2786	2747	2784	1226034	1339928	0
2021-08-23	2767	2897	2742	2893	1744196	1519075	0
2021-08-24	2890	2900	2797	2812	1528825	1425965	0
2021-08-25	2819	2850	2811	2832	1013879	1354451	0
2021-08-26	2829	2829	2763	2765	1173389	1393523	0
2021-08-27	2759	2797	2753	2792	913616	1306925	0
2021-08-30	2798	2813	2764	2793	1100686	1329658	0
2021-08-31	2794	2807	2753	2772	1189144	1320942	0
2021-09-01	2771	2839	2739	2825	1641250	1423890	0
2021-09-02	2818	2882	2815	2870	1286717	1433540	0
2021-09-03	2874	2882	2848	2874	932604	1437981	0
2021-09-06	2881	2911	2862	2900	1055059	1492715	0
2021-09-07	2901	3045	2898	3033	1576885	1711340	0
2021-09-08	3019	3059	2989	3040	1332078	1671678	0
2021-09-09	3032	3096	3005	3042	1610344	1726610	0
2021-09-10	3026	3088	2987	2989	1636522	1667285	0
2021-09-13	3009	3119	3006	3033	1832133	1751917	0
2021-09-14	3051	3066	2973	2997	1832985	1623876	0
2021-09-15	2991	3093	2939	3091	2150594	1664323	0
2021-09-16	3120	3186	3095	3109	2027598	1597180	0
2021-09-17	3080	3124	2996	3007	1877440	1500044	0
2021-09-22	3025	3137	3011	3132	1428477	1460551	0
2021-09-23	3143	3255	3095	3244	2106772	1642666	0
2021-09-24	3244	3269	3150	3200	2168443	1545629	0
2021-09-27	3211	3444	3179	3374	2437127	1636026	0
2021-09-28	3369	3545	3352	3511	2395855	1588734	0
2021-09-29	3510	3545	3405	3470	2474175	1508757	0
2021-09-30	3502	3743	3457	3732	2207318	1382263	0
2021-10-08	3798	3809	3557	3707	1763556	1312021	0
2021-10-11	3721	3970	3718	3970	2527069	1426885	0
2021-10-12	3964	4192	3953	4015	3496217	1393669	0
2021-10-13	3967	4068	3741	3822	4055298	1404746	0
2021-10-14	3847	3857	3648	3790	3769623	1469961	0
2021-10-15	3796	3801	3587	3722	3974083	1436358	0
2021-10-18	3719	3869	3610	3815	3808300	1450607	0
2021-10-19	3820	3859	3685	3762	3269991	1399760	0
2021-10-20	3644	3689	3430	3430	2151068	1318709	0
2021-10-21	3259	3487	3247	3294	3154989	1440146	0
2021-10-22	3344	3386	3090	3231	4508446	1526185	0
2021-10-25	3233	3263	3097	3158	3650694	1480631	0
2021-10-26	3191	3213	3024	3150	3787067	1542253	0
2021-10-27	3157	3167	2847	2849	3757017	1590496	0
2021-10-28	2734	2867	2626	2748	4790098	1546249	0
2021-10-29	2805	2870	2738	2821	4728755	1673357	0
2021-11-01	2814	2940	2800	2841	3673654	1644350	0
2021-11-02	2851	2937	2638	2810	4093331	1624503	0
2021-11-03	2819	2914	2738	2891	3708051	1619787	0
2021-11-04	2884	2894	2764	2852	3090409	1614591	0
2021-11-05	2891	2902	2729	2730	2971918	1666442	0
2021-11-08	2758	2863	2752	2767	2573177	1605962	0
2021-11-09	2772	2800	2726	2729	2241621	1573015	0
2021-11-10	2714	2714	2563	2656	3107618	1702896	0
2021-11-11	2671	2734	2615	2696	2723405	1524278	0
2021-11-12	2678	2678	2526	2542	2784645	1727611	0
2021-11-15	2504	2585	2479	2487	2334601	1664440	0
2021-11-16	2504	2579	2498	2536	1837594	1533625	0
2021-11-17	2527	2571	2480	2539	2085650	1622253	0
2021-11-18	2550	2568	2478	2530	2179664	1561218	0
2021-11-19	2522	2618	2484	2582	2334423	1531656	0
2021-11-22	2542	2650	2538	2615	2237951	1544717	0
2021-11-23	2615	2686	2607	2653	1995224	1481206	0
2021-11-24	2671	2738	2662	2688	1953692	1478144	0
2021-11-25	2694	2726	2641	2723	2010966	1479141	0
2021-11-26	2710	2713	2600	2614	2078691	1493607	0
2021-11-29	2594	2646	2560	2629	1945653	1467581	0
2021-11-30	2634	2645	2575	2593	1537658	1384123	0
2021-12-01	2596	2661	2566	2645	1746340	1438826	0
2021-12-02	2661	2677	2570	2571	1791650	1397879	0
2021-12-03	2570	2575	2510	2556	1858210	1461680	0
2021-12-06	2564	2623	2561	2596	1673232	1386411	0
2021-12-07	2604	2628	2554	2569	1562078	1409378	0
2021-12-08	2567	2592	2523	2556	1704344	1370602	0
2021-12-09	2558	2598	2514	2528	1837921	1432663	0
2021-12-10	2526	2584	2526	2547	1490480	1337741	0
2021-12-13	2563	2639	2533	2632	1753236	1448833	0
2021-12-14	2624	2641	2603	2635	1306241	1343668	0
2021-12-15	2638	2658	2580	2589	1694817	1405259	0
2021-12-16	2585	2665	2575	2661	1693988	1373476	0
2021-12-17	2658	2694	2654	2683	1389625	1334290	0
2021-12-20	2677	2737	2620	2625	1756067	1304126	0
2021-12-21	2622	2632	2569	2580	1552683	1371981	0
2021-12-22	2576	2610	2543	2566	1541752	1416052	0
2021-12-23	2574	2587	2545	2576	1210096	1382109	0
2021-12-24	2583	2649	2581	2611	1781916	1457995	0
2021-12-27	2614	2632	2532	2532	1608553	1394155	0
2021-12-28	2534	2564	2503	2522	1418073	1467285	0
2021-12-29	2526	2562	2524	2545	1244951	1327594	0
2021-12-30	2549	2565	2519	2542	1270727	1376211	0
2021-12-31	2525	2535	2473	2477	1547704	1349179	0
2022-01-04	2512	2603	2512	2586	1364219	1257465	0
2022-01-05	2588	2590	2554	2573	1047886	1256198	0
2022-01-06	2579	2614	2557	2600	1296173	1311069	0
2022-01-07	2613	2639	2579	2630	1254397	1269834	0
2022-01-10	2636	2675	2598	2608	1251682	1295390	0
2022-01-11	2601	2611	2534	2557	1278613	1378532	0
2022-01-12	2559	2581	2542	2571	1013708	1371917	0
2022-01-13	2576	2633	2572	2605	1284709	1469008	0
2022-01-14	2612	2710	2602	2706	1362186	1498718	0
2022-01-17	2712	2726	2678	2709	1195909	1504185	0
2022-01-18	2696	2769	2656	2766	1407695	1611096	0
2022-01-19	2755	2871	2753	2802	1811810	1668486	0
2022-01-20	2803	2827	2779	2789	1317811	1642038	0
2022-01-21	2777	2814	2737	2787	1540772	1695982	0
2022-01-24	2801	2850	2757	2760	1411137	1590330	0
2022-01-25	2768	2776	2720	2770	1015619	1540274	0
2022-01-26	2749	2835	2746	2812	1173869	1552889	0
2022-01-27	2819	2849	2797	2815	1003130	1461452	0
2022-01-28	2861	2915	2800	2816	1250955	1420326	0
2022-02-07	2892	2970	2892	2944	779468	1360851	0
2022-02-08	2927	2976	2903	2930	1131746	1461862	0
2022-02-09	2880	2892	2813	2821	1195910	1465487	0
2022-02-10	2794	2821	2765	2799	1174373	1532357	0
2022-02-11	2805	2821	2707	2709	1331103	1573522	0
2022-02-14	2729	2797	2695	2749	1279984	1482969	0
2022-02-15	2744	2775	2725	2754	1074375	1510412	0
2022-02-16	2737	2770	2710	2746	1101771	1499819	0
2022-02-17	2754	2757	2679	2680	1114456	1510526	0
2022-02-18	2701	2773	2697	2759	1142736	1552172	0
2022-02-21	2744	2778	2733	2760	978449	1496410	0
2022-02-22	2776	2828	2755	2769	1160289	1539160	0
2022-02-23	2769	2819	2769	2811	903827	1497691	0
2022-02-24	2829	2858	2794	2817	1186234	1577416	0
2022-02-25	2823	2868	2699	2750	1741139	1581885	0
2022-02-28	2753	2889	2746	2880	1421180	1568752	0
2022-03-01	2873	2933	2864	2930	985136	1508811	0
2022-03-02	2955	3051	2926	3006	1505662	1612567	0
2022-03-03	3016	3141	2985	3122	1537490	1586482	0
2022-03-04	3112	3128	3011	3046	1474374	1596724	0
2022-03-07	3057	3295	3040	3272	1666662	1574212	0
2022-03-08	3230	3280	3132	3230	1652494	1547220	0
2022-03-09	3213	3343	3207	3265	1655170	1525662	0
2022-03-10	3186	3191	3019	3099	1742776	1430251	0
2022-03-11	3147	3180	3070	3115	1357890	1379312	0
2022-03-14	3065	3100	2979	2979	1249191	1379378	0
2022-03-15	2966	2982	2899	2909	1246872	1366280	0
2022-03-16	2880	2954	2880	2944	990235	1292530	0
2022-03-17	2950	2955	2886	2926	1015594	1382738	0
2022-03-18	2960	3023	2954	3017	1137655	1376214	0
2022-03-21	2990	3068	2971	3057	1113461	1475042	0
2022-03-22	3080	3119	3055	3076	1041396	1455142	0
2022-03-23	3070	3087	3046	3058	1000370	1453649	0
2022-03-24	3084	3122	3024	3035	1211785	1505511	0
2022-03-25	3038	3125	3025	3110	1192048	1503795	0
2022-03-28	3098	3168	3086	3110	1389491	1521601	0
2022-03-29	3092	3098	3051	3082	1017474	1448741	0
2022-03-30	3020	3073	2983	3061	1246218	1484031	0
2022-03-31	3067	3073	2938	2959	1313357	1448581	0
2022-04-01	2960	2975	2920	2922	982627	1370772	0
2022-04-06	2943	3002	2939	2989	641967	1309196	0
2022-04-07	3017	3027	2952	2960	1029577	1459252	0
2022-04-08	2959	2965	2892	2907	1144840	1511979	0
2022-04-11	2896	2896	2816	2842	1194588	1587296	0
2022-04-12	2833	2890	2806	2878	1040245	1507794	0
2022-04-13	2893	2915	2875	2882	1009162	1572021	0
2022-04-14	2902	2929	2900	2908	1041921	1530654	0
2022-04-15	2906	2930	2862	2880	1341297	1674255	0
2022-04-18	2870	2985	2861	2983	1446308	1617449	0
2022-04-19	2991	3014	2962	2967	1153382	1576421	0
2022-04-20	2954	2984	2934	2950	1198213	1617215	0
2022-04-21	2945	2957	2917	2930	1193444	1645529	0
2022-04-22	2933	2955	2867	2869	1344747	1657062	0
2022-04-25	2872	2876	2708	2708	1526234	1750319	0
2022-04-26	2719	2763	2684	2727	1357076	1630461	0
2022-04-27	2747	2766	2656	2682	1739608	1789491	0
2022-04-28	2677	2715	2668	2694	1368116	1569851	0
2022-04-29	2705	2730	2668	2712	1412518	1535173	0
2022-05-05	2726	2801	2702	2789	1024465	1426485	0
2022-05-06	2811	2835	2763	2774	1453883	1596397	0
2022-05-09	2768	2773	2675	2689	1934731	1762479	0
2022-05-10	2657	2687	2603	2659	1782683	1786845	0
2022-05-11	2671	2709	2623	2705	1430923	1733695	0
2022-05-12	2706	2747	2666	2731	1878473	1820980	0
2022-05-13	2718	2777	2708	2769	1673872	1733702	0
2022-05-16	2783	2804	2762	2774	1379795	1743069	0
2022-05-17	2775	2815	2764	2776	1308955	1684226	0
2022-05-18	2762	2767	2695	2713	1237124	1703059	0
数据来源:通达信
