NIL9 沪镍指数 日线 前复权
      日期	    开盘	    最高	    最低	    收盘	    成交量	    持仓量	    结算价
2015-03-30	99250	99970	96850	98440	68496	35902	0
2015-03-31	97550	98160	93890	95050	109610	58466	0
2015-04-01	93900	94140	91340	92520	161604	75244	0
2015-04-02	93060	96570	92570	96150	206604	85002	0
2015-04-03	95920	97770	95680	97280	151182	85388	0
2015-04-07	97440	97950	95940	96400	78354	89290	0
2015-04-08	94820	95580	93290	93930	188478	102518	0
2015-04-09	94470	95200	93860	94270	163716	106938	0
2015-04-10	94480	94930	93170	94520	139462	113782	0
2015-04-13	94650	95620	93680	95190	185092	121946	0
2015-04-14	94790	95020	92810	93070	209168	140574	0
2015-04-15	92970	94900	92870	94640	226994	147038	0
2015-04-16	94440	95780	94190	95290	202896	147560	0
2015-04-17	96060	96510	94890	95670	176094	144894	0
2015-04-20	95580	96340	95040	95210	156762	134524	0
2015-04-21	95310	96560	94750	95680	147020	127918	0
2015-04-22	95870	96510	95590	96150	127834	128110	0
2015-04-23	96040	96320	95470	95700	105618	129402	0
2015-04-24	95800	97630	95570	97590	128258	135734	0
2015-04-27	98090	101300	97950	101270	268016	143730	0
2015-04-28	102720	104210	101100	102300	309144	143102	0
2015-04-29	102020	104070	100240	100740	340526	145518	0
2015-04-30	101000	106580	100890	105640	584532	166686	0
2015-05-04	105220	108050	105210	107250	297234	171370	0
2015-05-05	107470	108840	105890	107450	555832	181624	0
2015-05-06	109560	112780	109480	112120	700656	201138	0
2015-05-07	112660	113530	109250	110040	1061950	200342	0
2015-05-08	111000	111390	108860	111070	994264	193134	0
2015-05-11	110820	113250	109890	112710	836130	213434	0
2015-05-12	112180	113210	109580	109940	996584	214664	0
2015-05-13	110520	112140	109480	110410	879034	211638	0
2015-05-14	110290	110420	106210	108100	861336	213386	0
2015-05-15	107640	109490	107350	108750	689138	228940	0
2015-05-18	107970	108370	107160	107290	605842	225496	0
2015-05-19	107130	107530	105030	105160	544140	225450	0
2015-05-20	104270	104310	100900	100900	405162	218934	0
2015-05-21	99890	101450	99430	100360	581126	215526	0
2015-05-22	100310	102320	97970	99260	867482	219386	0
2015-05-25	97480	99600	97470	98680	701234	233590	0
2015-05-26	99240	100610	99000	99000	652532	240820	0
2015-05-27	98640	99710	98540	99290	496454	257008	0
2015-05-28	99180	100950	99080	100150	761342	276440	0
2015-05-29	100260	100410	96960	98260	663420	277304	0
2015-06-01	98150	98400	96960	97280	422240	282466	0
2015-06-02	97590	100490	97590	100310	710150	281842	0
2015-06-03	100650	100950	99100	99110	523370	281446	0
2015-06-04	99360	99910	97780	98560	450318	280718	0
2015-06-05	98880	99420	98070	98410	407232	287976	0
2015-06-08	98520	100560	98360	100540	563936	296998	0
2015-06-09	101140	102130	100720	100930	671746	288510	0
2015-06-10	101550	101740	100620	101330	429830	283328	0
2015-06-11	101990	102130	101310	101490	348080	272784	0
2015-06-12	101450	101630	97940	98150	521960	269720	0
2015-06-15	98400	98890	97440	97570	339816	274490	0
2015-06-16	97400	98030	95390	95710	418696	280656	0
2015-06-17	96030	96310	94730	95270	432468	273744	0
2015-06-18	96250	96770	95820	96270	353638	258734	0
2015-06-19	96100	96100	94420	94630	339954	265376	0
2015-06-23	94400	95260	94100	94990	170050	268364	0
2015-06-24	95610	96620	95320	96330	352426	263026	0
2015-06-25	96090	96150	94800	94850	348296	268904	0
2015-06-26	94800	95160	93050	93850	527640	268080	0
2015-06-29	93520	93700	89550	90390	647896	278316	0
2015-06-30	88850	89430	87320	87320	511346	283856	0
2015-07-01	87460	89890	86700	88420	739814	263474	0
2015-07-02	88250	89910	87660	89510	677186	252304	0
2015-07-03	90280	90730	88240	89300	556678	237622	0
2015-07-06	89330	89360	85350	85670	527020	237550	0
2015-07-07	85990	87410	84180	84320	592094	238580	0
2015-07-08	81780	81790	81700	81700	28370	233848	0
2015-07-09	76130	85950	75340	83680	1101532	208486	0
2015-07-10	84310	85120	82950	84620	570774	220016	0
2015-07-13	84200	84260	80750	82270	823064	232870	0
2015-07-14	84390	85830	83700	84600	869872	229606	0
2015-07-15	84690	87130	84450	87040	897454	232528	0
2015-07-16	86860	87250	83750	85500	993096	221804	0
2015-07-17	85040	85830	84770	85670	626456	223226	0
2015-07-20	84860	85730	84590	85400	601558	230408	0
2015-07-21	85490	87960	85350	87910	644014	242636	0
2015-07-22	87580	87900	84710	85310	774164	233014	0
2015-07-23	85040	85690	83820	84510	737804	236402	0
2015-07-24	84520	84970	83020	83450	731260	238898	0
2015-07-27	83470	84960	82810	82810	671614	242532	0
2015-07-28	81510	83490	81420	82880	640388	233154	0
2015-07-29	83510	84880	83240	84470	557472	221236	0
2015-07-30	83810	84540	82680	82780	605756	233214	0
2015-07-31	82470	83140	81900	81950	518746	246128	0
2015-08-03	82590	83330	80380	80510	595312	248766	0
2015-08-04	80720	81400	80070	81290	501408	237654	0
2015-08-05	81720	81850	80540	81460	379512	239158	0
2015-08-06	81730	81760	80790	81060	380586	236642	0
2015-08-07	81080	81400	80230	80970	424758	241494	0
2015-08-10	80940	82780	80570	82530	411318	235556	0
2015-08-11	82340	84550	82340	82720	659414	231580	0
2015-08-12	81800	83180	80510	83020	710380	225022	0
2015-08-13	83090	83880	82210	83110	519542	230718	0
2015-08-14	82920	83030	81870	81980	399108	241978	0
2015-08-17	82360	82830	81920	82520	328640	236840	0
2015-08-18	82460	82880	80790	80840	353432	247142	0
2015-08-19	80970	81660	80380	81580	450226	244026	0
2015-08-20	81280	81560	79620	80430	484170	257890	0
2015-08-21	81030	81200	80090	80160	372052	262244	0
2015-08-24	79860	79870	76630	76630	442300	290274	0
2015-08-25	74100	76400	72950	73470	753990	290590	0
2015-08-26	75980	76000	74060	74210	646370	290442	0
2015-08-27	74540	75960	73950	75930	526806	270512	0
2015-08-28	76460	78660	76150	78360	681972	242808	0
2015-08-31	77730	79000	76530	76610	704798	240586	0
2015-09-01	76510	77090	75620	75630	463390	250180	0
2015-09-02	75880	76470	75460	76320	480252	241332	0
2015-09-07	76050	76980	76050	76830	297026	241814	0
2015-09-08	76620	76700	75250	76020	597394	280626	0
2015-09-09	76770	78680	76570	77660	1258570	269052	0
2015-09-10	77860	78540	77030	78540	1050088	282122	0
2015-09-11	79060	80030	78710	79280	1424974	274892	0
2015-09-14	79070	79730	78130	78140	1066718	267388	0
2015-09-15	77560	77910	76760	76840	1097982	277378	0
2015-09-16	77240	79060	77240	78950	1479682	252398	0
2015-09-17	78690	79320	78300	78590	1680684	256788	0
2015-09-18	78270	78580	77820	77890	1445918	274030	0
2015-09-21	77360	78170	76320	78100	1444408	298940	0
2015-09-22	77770	77960	76950	77090	1256482	299722	0
2015-09-23	76790	76900	76040	76740	1148402	308452	0
2015-09-24	76860	77100	76310	76760	781688	310474	0
2015-09-25	76740	77850	76640	77100	981144	286194	0
2015-09-28	77300	77800	77230	77410	385996	286034	0
2015-09-29	77130	77420	75500	75540	647726	285858	0
2015-09-30	76300	77100	75970	77090	480424	254722	0
2015-10-08	78160	78480	77300	77450	245718	258922	0
2015-10-09	77530	79460	77360	79450	664540	266130	0
2015-10-12	80360	80410	79000	80300	788060	250552	0
2015-10-13	80180	80180	78830	79620	633646	246532	0
2015-10-14	79360	79870	78980	79270	677530	247762	0
2015-10-15	79380	80690	79200	80330	876910	292944	0
2015-10-16	80270	80900	79920	80390	821588	290138	0
2015-10-19	80350	80650	79120	79160	677114	274996	0
2015-10-20	79190	79270	78070	78330	675000	257668	0
2015-10-21	78540	78680	77920	78140	563978	260354	0
2015-10-22	78110	79550	77720	78670	547862	240278	0
2015-10-23	78750	80000	78610	79980	671192	254406	0
2015-10-26	79700	79890	78470	78600	681588	252962	0
2015-10-27	78630	79290	78280	79160	536838	248104	0
2015-10-28	79130	79560	78810	79170	563940	242778	0
2015-10-29	78920	79850	78680	79140	599954	242066	0
2015-10-30	78990	79350	77140	77160	746002	312818	0
2015-11-02	77130	77390	76480	76600	600702	342320	0
2015-11-03	76720	77210	76200	76340	549382	354520	0
2015-11-04	76310	76680	75730	76520	712612	370968	0
2015-11-05	76270	76960	74810	74840	758480	416494	0
2015-11-06	74850	75490	74580	75000	705988	403950	0
2015-11-09	74870	75210	73780	74010	735624	445156	0
2015-11-10	74110	74220	72490	73910	750292	446426	0
2015-11-11	73650	73690	72770	72950	790212	472268	0
2015-11-12	73000	73750	72570	73310	679296	466372	0
2015-11-13	72700	73660	72300	73010	884982	500530	0
2015-11-16	72940	73660	72780	73250	571066	485746	0
2015-11-17	73340	73360	70640	71330	879478	490266	0
2015-11-18	71410	71810	70200	71030	684656	493186	0
2015-11-19	70890	71100	69310	69860	729192	491014	0
2015-11-20	69630	69900	68610	68870	899398	506790	0
2015-11-23	69070	69310	65080	65090	888390	512500	0
2015-11-24	64050	65910	63490	65170	1243838	499376	0
2015-11-25	65080	68490	65000	68490	1323520	473574	0
2015-11-26	68190	72930	67580	71010	2055908	470808	0
2015-11-27	70940	72080	69280	69620	1838864	457438	0
2015-11-30	69070	69400	67970	69330	1467784	456560	0
2015-12-01	69310	70560	68960	69270	1414338	462618	0
2015-12-02	69280	71190	69030	70460	1029092	475100	0
2015-12-03	70080	71380	68520	68540	1337444	483824	0
2015-12-04	68990	69820	68560	69230	1271902	470322	0
2015-12-07	70210	71190	69770	71020	986772	464222	0
2015-12-08	70410	70430	68170	68560	1023916	506498	0
2015-12-09	67840	68890	67410	68640	1088516	523110	0
2015-12-10	68860	69520	67860	67960	1087554	537640	0
2015-12-11	67530	69590	67420	69580	1073292	506884	0
2015-12-14	69230	69580	68460	69430	1032304	511826	0
2015-12-15	68940	70420	68900	69110	1024726	501742	0
2015-12-16	69030	69730	68610	69700	893050	496282	0
2015-12-17	69930	70520	69280	69310	1014720	499616	0
2015-12-18	69370	70120	69250	70020	760906	502700	0
2015-12-21	70030	70820	69730	70680	993596	516932	0
2015-12-22	70610	71240	70190	70440	951994	531136	0
2015-12-23	70430	70590	69410	69840	845616	547100	0
2015-12-24	69830	70320	69080	69080	868296	568546	0
2015-12-25	68970	69450	68660	68820	718254	587834	0
2015-12-28	68860	69170	67730	67760	652432	613210	0
2015-12-29	67840	69100	67630	69010	682718	590968	0
2015-12-30	68860	70380	68830	69800	1046756	561378	0
2015-12-31	69910	70670	69630	70330	871954	538348	0
2016-01-04	70490	70590	68350	68720	583734	534856	0
2016-01-05	68810	69360	68280	69290	777776	526990	0
2016-01-06	69070	69440	68160	68620	780412	537024	0
2016-01-07	68510	69180	67180	67330	921374	577616	0
2016-01-08	67470	68330	66400	67720	1230078	550962	0
2016-01-11	67850	68430	66610	66750	993280	563764	0
2016-01-12	67000	67420	65620	65760	1045438	583814	0
2016-01-13	66030	66450	65770	66050	816852	589486	0
2016-01-14	66100	67840	65900	67140	929540	556096	0
2016-01-15	67210	69080	67040	68000	1069092	525384	0
2016-01-18	67740	69620	67640	69320	1079714	456926	0
2016-01-19	69390	70300	68750	70130	980588	448454	0
2016-01-20	70000	70280	68870	69470	927992	445410	0
2016-01-21	69540	70000	68930	69250	1033758	435606	0
2016-01-22	69390	70780	69260	70160	1093090	439884	0
2016-01-25	70640	70670	69140	69360	755534	434528	0
2016-01-26	69300	69510	68760	69130	746348	437698	0
2016-01-27	69600	70590	69380	70520	822624	452040	0
2016-01-28	70370	70570	69570	69740	685304	450680	0
2016-01-29	69680	70210	69310	69590	729252	446642	0
2016-02-01	69580	70200	68510	68960	780382	468770	0
2016-02-02	68900	69240	68580	69020	582206	450374	0
2016-02-03	69040	69130	67980	68890	641728	445434	0
2016-02-04	68760	69780	68730	69350	585108	430106	0
2016-02-05	69380	69750	68530	68750	497152	417108	0
2016-02-15	65050	66610	64540	66330	405270	441994	0
2016-02-16	66240	67090	66150	66680	606392	459466	0
2016-02-17	66780	66840	66090	66420	563156	453192	0
2016-02-18	66660	67190	66450	66700	463226	448218	0
2016-02-19	66790	67360	66620	67140	575500	449438	0
2016-02-22	67200	69070	67030	68750	745716	461030	0
2016-02-23	69040	69570	68550	68730	598270	442682	0
2016-02-24	69000	69020	68170	68580	524850	446786	0
2016-02-25	68440	69020	67590	67840	663858	470058	0
2016-02-26	67900	68000	66410	67330	676282	458104	0
2016-02-29	67480	68320	66590	67060	810258	466816	0
2016-03-01	67310	67940	66740	67830	709454	466674	0
2016-03-02	67910	69070	67880	68980	794448	453228	0
2016-03-03	69320	69550	68650	69440	705446	446130	0
2016-03-04	69620	72380	69360	71440	1276092	506184	0
2016-03-07	71380	74490	71360	73420	1596952	562956	0
2016-03-08	73870	75870	70250	71810	1931262	520298	0
2016-03-09	71890	71900	68810	69460	1263214	472544	0
2016-03-10	69790	70640	68940	69110	1292076	494058	0
2016-03-11	69300	70120	68700	69640	863874	488162	0
2016-03-14	69540	70520	69110	69490	781612	493982	0
2016-03-15	69340	69420	67950	68540	801040	490856	0
2016-03-16	68110	68530	67780	68290	705900	532808	0
2016-03-17	67970	69180	67900	68780	751902	548384	0
2016-03-18	68700	70710	68670	70170	1263662	575952	0
2016-03-21	70160	70350	68080	68390	973796	597586	0
2016-03-22	68600	69670	68570	68790	956440	609182	0
2016-03-23	68770	69830	68390	68650	801026	618966	0
2016-03-24	68650	68890	67940	68460	818874	601000	0
2016-03-25	68410	69000	68260	68820	561112	595008	0
2016-03-28	68930	69310	68360	68460	559082	605398	0
2016-03-29	68500	69160	68190	68670	526444	590514	0
2016-03-30	68670	68760	66750	67100	855434	640900	0
2016-03-31	67030	67740	66540	66680	734782	669048	0
2016-04-01	66630	67250	66570	66820	665896	673850	0
2016-04-05	66700	66700	65680	66170	380778	680256	0
2016-04-06	66110	67310	66100	67210	611186	650156	0
2016-04-07	67190	67820	67110	67550	552704	649200	0
2016-04-08	67110	67140	66150	67030	633412	645628	0
2016-04-11	67270	68280	67270	67860	735058	639816	0
2016-04-12	68110	68600	67630	68570	671238	659378	0
2016-04-13	68730	71540	68370	69940	1586480	664718	0
2016-04-14	70260	71020	69930	70370	873310	665480	0
2016-04-15	70560	71100	69770	69950	829752	670138	0
2016-04-18	69900	71160	69250	70530	854824	674250	0
2016-04-19	71170	71870	69820	70760	1132858	698604	0
2016-04-20	71240	72580	70850	71650	1407964	696300	0
2016-04-21	72130	74180	71520	73640	1609920	750314	0
2016-04-22	74530	74590	70360	71620	1528744	707464	0
2016-04-25	71790	73530	70680	71870	1296532	708354	0
2016-04-26	71830	72020	70530	71190	864140	708016	0
2016-04-27	71210	72270	71120	71760	855126	707412	0
2016-04-28	72010	72550	71240	72040	1091736	714006	0
2016-04-29	72140	73260	71790	73120	1005576	753698	0
2016-05-03	73060	76070	72580	75840	888304	811286	0
2016-05-04	75590	76270	73660	74300	1458360	784962	0
2016-05-05	74480	74810	73030	73320	987994	770262	0
2016-05-06	73430	73470	69940	70600	1441352	732820	0
2016-05-09	70580	71950	68870	69010	1311618	759296	0
2016-05-10	68850	69400	68080	69160	961346	753126	0
2016-05-11	69070	69630	68970	69350	786310	761222	0
2016-05-12	69550	70520	69090	70060	977568	751436	0
2016-05-13	69890	70250	67700	68200	1139448	746642	0
2016-05-16	68130	68960	67970	68770	690868	745158	0
2016-05-17	68890	69640	68780	69510	698490	669034	0
2016-05-18	69220	69980	68550	68720	817556	694188	0
2016-05-19	68550	69280	68310	68530	623852	697852	0
2016-05-20	68070	68920	67900	68620	568144	704034	0
2016-05-23	68770	68840	66820	67290	841834	720120	0
2016-05-24	67170	67510	66530	67120	562568	730224	0
2016-05-25	67220	67930	66850	66930	660104	732338	0
2016-05-26	67210	67810	66940	67330	678180	747930	0
2016-05-27	67400	67900	66490	67480	839782	740898	0
2016-05-30	67510	67770	66880	67480	559802	742142	0
2016-05-31	67600	68500	67330	68200	670742	749662	0
2016-06-01	68300	68330	67050	67260	540400	763428	0
2016-06-02	67080	68110	66860	67550	523676	740048	0
2016-06-03	67560	67970	67450	67670	493048	757832	0
2016-06-06	68270	69380	67800	69130	645278	743802	0
2016-06-07	69180	69630	68640	68920	460550	728712	0
2016-06-08	68680	69440	68470	69050	424086	704764	0
2016-06-13	69780	71010	69680	70450	372032	697738	0
2016-06-14	70510	70850	70160	70580	407648	685080	0
2016-06-15	70300	71450	70240	71390	591442	697542	0
2016-06-16	71900	72010	70350	70580	527010	666310	0
2016-06-17	70450	71620	70090	71620	520882	656474	0
2016-06-20	71720	73070	71290	72730	656900	649380	0
2016-06-21	72840	73620	72230	72610	534590	626722	0
2016-06-22	72480	73100	71800	72990	504516	620356	0
2016-06-23	72920	73210	71920	72280	451336	611900	0
2016-06-24	72450	72740	70270	70740	724916	599486	0
2016-06-27	70850	72140	70820	71940	580200	611820	0
2016-06-28	71790	73160	71330	72870	580382	619416	0
2016-06-29	73110	74270	72960	73760	788556	613734	0
2016-06-30	73990	75720	73730	75270	839736	651000	0
2016-07-01	75090	76330	74010	75910	978776	683700	0
2016-07-04	76040	79640	75900	79640	1159972	757730	0
2016-07-05	81870	83770	77590	80970	2070880	741056	0
2016-07-06	81490	82480	76290	78420	2331524	696636	0
2016-07-07	77450	81230	77030	77700	1866908	685982	0
2016-07-08	78380	78810	75540	77270	1559638	657138	0
2016-07-11	78160	80290	77370	79750	1410764	689308	0
2016-07-12	79940	81820	79310	81630	1283814	724986	0
2016-07-13	81710	84000	80490	80960	1946406	722204	0
2016-07-14	81250	82510	80230	82270	1297248	731684	0
2016-07-15	82110	82700	80660	81760	1174718	747856	0
2016-07-18	82450	82560	80090	81460	1432694	736944	0
2016-07-19	81640	84320	80910	82470	1994042	767308	0
2016-07-20	82380	82950	81280	82130	1331366	743374	0
2016-07-21	81640	83360	81080	82830	1281622	760138	0
2016-07-22	83560	84620	81710	81780	1599388	739244	0
2016-07-25	81980	82430	80290	81130	1275612	710098	0
2016-07-26	81330	81490	79290	80050	1106056	683566	0
2016-07-27	80060	81390	79860	80350	1003706	662032	0
2016-07-28	80630	82260	80390	82200	1089914	694860	0
2016-07-29	82380	82780	81070	81130	994704	676264	0
2016-08-01	81420	83450	80750	83300	1036744	706444	0
2016-08-02	83050	84570	82580	84540	1041186	784760	0
2016-08-03	84500	85020	82890	83390	1244656	760554	0
2016-08-04	83570	84010	81180	81680	1137430	693654	0
2016-08-05	81500	82780	81370	82560	888312	713702	0
2016-08-08	82230	84510	81740	84050	944960	754716	0
2016-08-09	84020	84410	82960	83450	817100	747088	0
2016-08-10	82910	84360	82860	83870	839376	748682	0
2016-08-11	84220	84910	82790	83040	1064668	753900	0
2016-08-12	83090	83580	82320	82830	817422	753904	0
2016-08-15	81900	82230	80280	80610	1070674	759158	0
2016-08-16	81030	81790	80900	81260	658718	740748	0
2016-08-17	81100	81470	80450	80950	718598	745048	0
2016-08-18	81040	81550	80050	81220	773024	738020	0
2016-08-19	81380	81520	80700	81340	526920	739530	0
2016-08-22	81170	81910	80320	80410	630270	744194	0
2016-08-23	80400	81300	80390	80910	434370	723764	0
2016-08-24	81100	81380	80500	80800	448494	724406	0
2016-08-25	80940	81100	77410	78310	1110844	716928	0
2016-08-26	77950	78650	77920	78190	492372	700962	0
2016-08-29	78260	79140	77870	78430	620334	675468	0
2016-08-30	78440	78820	77890	78040	374750	682876	0
2016-08-31	77990	78570	77890	77920	451544	675954	0
2016-09-01	78080	79070	77960	78730	545176	663818	0
2016-09-02	78570	80370	78300	79710	746144	644764	0
2016-09-05	79980	80720	79920	80130	581640	651236	0
2016-09-06	80210	81000	79420	80940	563310	639324	0
2016-09-07	80840	81180	80280	80820	543048	622998	0
2016-09-08	80980	81320	80510	80890	457188	629460	0
2016-09-09	81230	81450	80800	81230	435324	623084	0
2016-09-12	81280	81360	78420	78620	629888	611480	0
2016-09-13	78910	79570	78700	79230	424070	603620	0
2016-09-14	79150	79400	78000	78190	493548	600104	0
2016-09-19	78180	79250	77930	78880	265374	598424	0
2016-09-20	79180	80760	79140	80670	548772	535242	0
2016-09-21	80730	81040	80180	80580	404234	525252	0
2016-09-22	80840	82620	80580	81760	662404	522006	0
2016-09-23	82290	82720	81880	82690	452962	529044	0
2016-09-27	81710	82790	80270	82760	724610	558856	0
2016-09-28	82830	82870	81590	82160	733272	537620	0
2016-09-29	82060	83670	81640	81930	693544	520956	0
2016-09-30	82050	82050	80500	81450	533662	491200	0
2016-10-10	80820	81930	80270	81720	291314	492580	0
2016-10-11	81650	83050	81620	82920	574590	521864	0
2016-10-12	82430	83210	81980	82430	524638	516818	0
2016-10-13	82780	83130	80990	81430	651942	528800	0
2016-10-14	81240	82330	80820	81690	518852	524342	0
2016-10-17	81790	82630	81540	81940	682184	544224	0
2016-10-18	82000	82130	80990	81820	469100	550626	0
2016-10-19	81840	82480	80570	80840	660806	568294	0
2016-10-20	80920	81400	79940	80890	534504	564120	0
2016-10-21	80470	80760	79510	79570	545088	602346	0
2016-10-24	79400	80860	79230	80570	488430	588786	0
2016-10-25	80560	82130	80460	81640	621830	591272	0
2016-10-26	81840	82490	80770	81230	584048	592300	0
2016-10-27	81270	82070	80630	81160	538172	592580	0
2016-10-28	81650	82870	81630	82760	653552	596560	0
2016-10-31	82860	84200	82300	84140	669454	640146	0
2016-11-01	84140	84520	83130	83770	628732	619420	0
2016-11-02	83780	84650	82010	82520	731850	595184	0
2016-11-03	82860	83680	82430	83500	417374	600810	0
2016-11-04	83820	84310	83030	83160	602562	598068	0
2016-11-07	83150	88700	82910	88150	1223656	680832	0
2016-11-08	88300	91170	87390	90190	1252080	673754	0
2016-11-09	89920	91980	88900	91180	1284568	668780	0
2016-11-10	92430	95950	91890	95950	1205982	680534	0
2016-11-11	95580	97590	93380	96550	1283288	670438	0
2016-11-14	95590	100200	89480	92150	1822654	593736	0
2016-11-15	92060	94620	90020	91170	1064790	610000	0
2016-11-16	91280	93310	91110	93050	841588	617046	0
2016-11-17	92540	92780	91450	91810	749356	612714	0
2016-11-18	92020	92440	90430	91350	638886	616534	0
2016-11-21	91550	92470	88690	91980	880898	630292	0
2016-11-22	92550	95130	91460	94020	898880	623826	0
2016-11-23	93510	94040	92840	93650	550926	626572	0
2016-11-24	93390	97460	93050	95370	1174332	643130	0
2016-11-25	95580	97090	94570	96030	808310	631908	0
2016-11-28	95820	98660	94950	98560	838858	654168	0
2016-11-29	97970	98460	93620	94050	949670	630386	0
2016-11-30	94250	94570	89720	90830	936782	610340	0
2016-12-01	91360	93600	91060	92530	719278	603900	0
2016-12-02	92680	92980	91080	91980	515506	605094	0
2016-12-05	92010	95750	91940	95040	891688	634430	0
2016-12-06	96180	96320	94260	94940	542976	614804	0
2016-12-07	95050	96780	94470	96440	671508	638708	0
2016-12-08	96330	96920	94050	94800	626018	632260	0
2016-12-09	94990	95380	92600	94870	630866	637562	0
2016-12-12	95000	97490	94060	94230	813532	625000	0
2016-12-13	94400	95820	94060	95730	491736	632846	0
2016-12-14	96090	96510	93410	96060	850030	660608	0
2016-12-15	96050	96930	94440	95950	805212	644748	0
2016-12-16	95120	96380	94560	95120	573192	639382	0
2016-12-19	94400	95250	93230	93260	543606	636296	0
2016-12-20	92860	92980	90720	92400	626134	642986	0
2016-12-21	92500	93260	92050	92530	401044	638828	0
2016-12-22	92340	92660	89640	90000	511012	653014	0
2016-12-23	89760	91220	89500	90050	473928	641166	0
2016-12-26	89980	90290	84100	84140	965630	632138	0
2016-12-27	84190	85760	83810	85470	502874	610142	0
2016-12-28	85640	87260	85180	85740	576046	619620	0
2016-12-29	85570	86440	84770	86280	478020	612810	0
2016-12-30	85840	86260	84860	85530	410928	615148	0
2017-01-03	85700	86970	85480	85940	279840	618396	0
2017-01-04	86090	86380	83410	85060	546970	640276	0
2017-01-05	84790	86000	84620	85210	430436	633280	0
2017-01-06	85290	85770	84480	84760	366850	626672	0
2017-01-09	84980	86570	84940	86320	366526	616808	0
2017-01-10	86050	87760	86010	87090	468048	619730	0
2017-01-11	87440	88300	87200	87710	419578	614078	0
2017-01-12	87370	88080	85200	85760	544042	647580	0
2017-01-13	84150	86200	84080	85480	653140	697142	0
2017-01-16	85300	87590	85220	86480	580328	698758	0
2017-01-17	86390	87140	84210	85300	520996	668680	0
2017-01-18	85350	86270	84640	85170	420412	670608	0
2017-01-19	85320	85540	84700	85010	319656	672716	0
2017-01-20	84720	84950	81840	81870	736152	731142	0
2017-01-23	82080	83460	81890	82840	476166	730052	0
2017-01-24	82700	83070	81960	82530	438266	757242	0
2017-01-25	82790	82890	81510	81730	415554	769440	0
2017-01-26	81500	83270	81490	82650	435430	763186	0
2017-02-03	85660	85950	83690	84810	373250	724342	0
2017-02-06	84990	86610	84970	86320	530846	734076	0
2017-02-07	86380	86880	85860	86290	327260	717136	0
2017-02-08	86410	87280	85930	86990	373362	717652	0
2017-02-09	87170	87510	86610	86740	302180	709760	0
2017-02-10	86940	87150	85960	86940	412220	720574	0
2017-02-13	87310	89740	87160	89340	585400	719654	0
2017-02-14	89530	90480	88970	90480	442124	718886	0
2017-02-15	90740	91020	88710	90040	620958	713110	0
2017-02-16	89820	92250	89100	90660	649502	697594	0
2017-02-17	90700	91960	89950	90940	593434	692590	0
2017-02-20	91260	92110	90320	91940	508714	688730	0
2017-02-21	92060	92800	91430	91780	423056	687816	0
2017-02-22	91860	92090	89330	90030	534400	687750	0
2017-02-23	90020	90790	88430	88900	472512	685454	0
2017-02-24	89230	89580	87750	89500	538238	687884	0
2017-02-27	89470	91880	88960	91140	630490	696838	0
2017-02-28	91360	91910	90760	91130	478292	682540	0
2017-03-01	91130	91870	89640	91560	541580	686544	0
2017-03-02	91700	92340	91110	91620	448516	677180	0
2017-03-03	91300	91490	89940	91270	479120	683240	0
2017-03-06	91350	92330	90840	91530	565012	682548	0
2017-03-07	91400	92110	91060	91620	392960	681818	0
2017-03-08	91460	91560	88120	88580	747742	703026	0
2017-03-09	88560	88720	83670	84610	871706	694870	0
2017-03-10	84460	85590	84170	84190	484314	693938	0
2017-03-13	84380	85300	82600	84610	797764	699716	0
2017-03-14	84770	85900	84070	84530	580032	687878	0
2017-03-15	84750	86120	83990	85570	535862	704612	0
2017-03-16	85740	86530	85420	86120	509866	702592	0
2017-03-17	86010	86110	84760	85070	489164	722460	0
2017-03-20	85330	86150	84940	85100	449932	705708	0
2017-03-21	85100	85800	84370	84940	461566	705898	0
2017-03-22	84870	85620	83010	83060	527586	714466	0
2017-03-23	83210	84390	82610	83680	427776	694882	0
2017-03-24	83380	83940	82770	83190	347664	711922	0
2017-03-27	83140	83590	80220	80980	650678	700584	0
2017-03-28	81170	82430	80680	81680	442460	671316	0
2017-03-29	81790	83560	81380	83370	480632	675794	0
2017-03-30	83170	84180	82810	83210	430148	665950	0
2017-03-31	83280	84520	83230	84050	511076	661148	0
2017-04-05	83850	85720	83690	85270	320980	668156	0
2017-04-06	85700	86080	85210	85810	423158	657672	0
2017-04-07	86010	86030	82830	83410	691694	635182	0
2017-04-10	83030	85460	82990	84510	506252	618136	0
2017-04-11	84750	85030	83730	84700	527152	603164	0
2017-04-12	84440	85090	81120	81200	798966	620536	0
2017-04-13	81300	82130	80500	81500	494884	614544	0
2017-04-14	81380	81920	80130	80300	481216	634998	0
2017-04-17	80490	81480	79900	80300	483100	635402	0
2017-04-18	80350	81100	79670	79890	417270	643254	0
2017-04-19	79750	79860	77640	78860	607622	634082	0
2017-04-20	79100	79620	77750	79340	515790	620018	0
2017-04-21	79130	80050	78840	79230	475898	635798	0
2017-04-24	78990	79230	77840	78490	457422	652384	0
2017-04-25	78300	78660	77240	77530	509460	681138	0
2017-04-26	77700	78230	77340	77750	388640	672914	0
2017-04-27	77830	78250	77170	77720	440742	686082	0
2017-04-28	77600	79460	77190	79080	538960	675056	0
2017-05-02	79340	80290	79220	79850	216474	673428	0
2017-05-03	79790	80130	78970	79220	291736	683072	0
2017-05-04	78480	78480	75360	76130	607964	682068	0
2017-05-05	76010	76020	74600	74680	475298	683884	0
2017-05-08	75020	76730	75010	75620	524940	663636	0
2017-05-09	75780	76510	75690	76360	315964	655182	0
2017-05-10	76710	77320	75930	76280	397680	645152	0
2017-05-11	76590	77140	75410	77030	478860	635948	0
2017-05-12	77340	77380	76510	76880	362812	625576	0
2017-05-15	77190	77610	76570	77230	396486	626788	0
2017-05-16	77340	77600	75900	76660	474376	584784	0
2017-05-17	76400	77330	76310	76930	429006	585482	0
2017-05-18	76840	77240	74810	75570	384800	593286	0
2017-05-19	75340	76660	75250	76090	411102	586156	0
2017-05-22	76530	78550	76520	77920	603984	578782	0
2017-05-23	78120	78610	77580	77700	366376	577664	0
2017-05-24	77820	78010	75880	76340	421674	589346	0
2017-05-25	76390	76610	75650	76000	367584	587918	0
2017-05-26	75970	76280	75070	75280	412802	588998	0
2017-05-31	75340	76060	72840	73030	359102	595068	0
2017-06-01	73130	73930	72700	73250	318846	583856	0
2017-06-02	73340	73530	72090	72190	381258	600376	0
2017-06-05	72320	73770	72300	73230	380258	580232	0
2017-06-06	73090	73570	72830	73110	265326	580112	0
2017-06-07	72990	74230	72960	73620	386824	574414	0
2017-06-08	73550	73900	72230	73350	454784	582332	0
2017-06-09	73250	73480	72780	73060	287242	596388	0
2017-06-12	73370	74530	73240	74040	394330	584554	0
2017-06-13	73930	74020	72400	72710	379376	614508	0
2017-06-14	72650	73540	71700	73370	416832	605190	0
2017-06-15	73310	73860	72700	73480	372542	592882	0
2017-06-16	73400	74270	73050	73780	337918	584662	0
2017-06-19	74010	74350	72990	74100	348166	579892	0
2017-06-20	74180	75490	74100	74920	490174	578400	0
2017-06-21	74520	74740	73310	74300	392614	587796	0
2017-06-22	74480	74840	73830	74030	334580	585084	0
2017-06-23	74250	75860	74180	75750	473976	609622	0
2017-06-26	75730	75750	75110	75530	291156	592132	0
2017-06-27	75570	75650	74650	75470	329664	587254	0
2017-06-28	75590	76400	75410	76090	368068	576816	0
2017-06-29	76000	77170	75680	77010	422654	594040	0
2017-06-30	76950	77210	76040	76870	336660	590696	0
2017-07-03	76780	77880	76560	77460	355260	590066	0
2017-07-04	77550	77600	75150	75440	461662	574174	0
2017-07-05	75510	76090	75230	75500	272974	568576	0
2017-07-06	75030	75650	74790	75490	286460	572852	0
2017-07-07	75370	75640	74320	74930	334570	586792	0
2017-07-10	74620	74810	73630	73820	402404	606050	0
2017-07-11	73740	74850	73340	74690	352620	600512	0
2017-07-12	74610	76390	74540	76100	475678	592536	0
2017-07-13	76200	76710	75730	76490	379096	606902	0
2017-07-14	76400	77070	75610	76870	469432	639228	0
2017-07-17	77260	79720	77170	79350	692440	656364	0
2017-07-18	79580	80190	78740	79230	503520	644146	0
2017-07-19	79280	80330	79270	80070	469510	641678	0
2017-07-20	80240	80320	78880	79220	480464	629084	0
2017-07-21	79330	79420	77890	78960	503032	624774	0
2017-07-24	79220	79800	77920	79310	532522	628218	0
2017-07-25	79470	81640	79390	81530	686246	666386	0
2017-07-26	81680	82960	81060	81430	769388	633470	0
2017-07-27	81600	82570	81280	82490	578304	650528	0
2017-07-28	82690	83480	81780	83060	709162	640572	0
2017-07-31	83680	84520	82960	83730	612278	622532	0
2017-08-01	83600	83970	82260	82720	556338	612998	0
2017-08-02	82990	83800	82470	82880	548578	608180	0
2017-08-03	83070	85150	82980	83450	736568	609032	0
2017-08-04	83590	84750	83540	84490	516012	613182	0
2017-08-07	83920	84980	82910	84340	805766	608252	0
2017-08-08	84340	84920	83520	83770	594484	603446	0
2017-08-09	84000	88230	83700	87640	1006546	627396	0
2017-08-10	87700	87920	86980	87540	496952	620678	0
2017-08-11	87460	89010	85840	86310	850600	598338	0
2017-08-14	86300	86990	85480	85870	488490	593584	0
2017-08-15	85700	85750	84050	85130	549130	587986	0
2017-08-16	84720	85520	84290	85120	502946	596386	0
2017-08-17	85900	88180	85870	87690	795496	611202	0
2017-08-18	87200	88060	86300	87870	599290	615998	0
2017-08-21	88630	91350	87810	90820	1134944	627084	0
2017-08-22	91140	92320	90840	92290	686638	633398	0
2017-08-23	92850	92980	90630	92090	890240	624102	0
2017-08-24	92500	94820	92020	93860	970368	628396	0
2017-08-25	94000	94720	93400	94150	656148	619436	0
2017-08-28	93940	94110	91520	93380	813688	613834	0
2017-08-29	93410	95250	92780	93950	934544	621876	0
2017-08-30	94660	94910	92620	93340	791650	610468	0
2017-08-31	92770	93650	92370	93510	677586	613704	0
2017-09-01	93430	94990	93230	94560	670084	632342	0
2017-09-04	94890	97420	94240	96210	826006	631968	0
2017-09-05	96310	96810	95850	96640	477896	633372	0
2017-09-06	96430	96590	93960	94820	792034	608692	0
2017-09-07	95060	96930	94440	95350	815646	619182	0
2017-09-08	95230	96380	92200	92690	1126726	613150	0
2017-09-11	91610	91740	89200	91170	1185930	585580	0
2017-09-12	91400	92670	91110	92040	876160	589926	0
2017-09-13	91360	93750	91340	92300	974946	590224	0
2017-09-14	91340	91830	88350	88420	1341638	591238	0
2017-09-15	89270	89400	87330	87740	941660	577736	0
2017-09-18	87770	88910	85820	88580	1240248	520094	0
2017-09-19	88550	89210	87180	87450	925332	530006	0
2017-09-20	87460	90570	86460	89970	1114892	536926	0
2017-09-21	90150	90830	87550	88020	1074518	531950	0
2017-09-22	87720	88940	83870	83870	1187262	582132	0
2017-09-25	84260	84960	83130	84130	652164	551452	0
2017-09-26	84220	85530	83870	84610	485754	536736	0
2017-09-27	84220	85550	83910	85030	488410	547144	0
2017-09-28	85100	85180	82560	83530	626412	555200	0
2017-09-29	83420	85280	83320	84840	468266	517524	0
2017-10-09	85420	87570	85420	87350	325578	534444	0
2017-10-10	87510	88520	86790	87470	521958	566572	0
2017-10-11	87570	88470	86620	88050	490800	568378	0
2017-10-12	88220	90780	87180	90460	619000	589230	0
2017-10-13	90410	92410	90090	92330	462296	582210	0
2017-10-16	92790	94010	91930	93510	608016	594674	0
2017-10-17	94000	95450	93080	93540	801952	629340	0
2017-10-18	93700	94910	92920	94850	582328	640488	0
2017-10-19	94900	95680	93060	94370	854544	684532	0
2017-10-20	94530	97780	93550	97760	708598	716282	0
2017-10-23	97480	97850	93780	94900	891962	692136	0
2017-10-24	95110	96720	94420	96570	667628	715502	0
2017-10-25	96500	97440	95050	95620	629028	716194	0
2017-10-26	95650	96400	95230	95760	471646	700476	0
2017-10-27	95910	96020	92460	92710	783758	724266	0
2017-10-30	92160	93560	91960	92810	534480	687854	0
2017-10-31	93020	95580	92830	95430	631462	748614	0
2017-11-01	95330	99610	95030	99610	435496	744274	0
2017-11-02	101230	102880	100100	101700	1094004	825002	0
2017-11-03	101330	102120	99210	101570	967276	803972	0
2017-11-06	101290	103640	100560	103480	905906	861640	0
2017-11-07	103300	103530	102160	103240	670426	834408	0
2017-11-08	102860	102920	100410	101360	930508	833954	0
2017-11-09	101180	102120	98610	99350	1011700	793384	0
2017-11-10	99140	100150	98210	99510	761552	776772	0
2017-11-13	99430	100230	97810	100180	904336	799838	0
2017-11-14	99780	101610	99090	99300	1029784	797100	0
2017-11-15	99450	99870	94330	94330	1384978	724428	0
2017-11-16	94230	94650	93540	93800	733510	721780	0
2017-11-17	94100	94930	92310	92530	928166	727304	0
2017-11-20	92900	93970	92540	93660	679900	707382	0
2017-11-21	93510	94810	92610	94060	888360	699060	0
2017-11-22	94220	95600	94020	94750	805858	679578	0
2017-11-23	94770	96300	93850	93990	850074	684400	0
2017-11-24	93720	96790	93550	96610	862650	689132	0
2017-11-27	96520	97110	93170	93850	904716	675846	0
2017-11-28	93920	94120	91150	91920	943648	704738	0
2017-11-29	92110	92650	90760	91490	836108	708822	0
2017-11-30	91360	92260	89960	90890	957846	695852	0
2017-12-01	91170	91410	89460	90000	890454	703440	0
2017-12-04	89780	92400	89770	92180	1165432	705516	0
2017-12-05	92220	92650	89980	90270	933134	698534	0
2017-12-06	90330	90350	87260	87860	1131528	696054	0
2017-12-07	87750	88430	86780	87280	772014	693880	0
2017-12-08	87540	89370	87480	89010	888988	691374	0
2017-12-11	89130	89390	87530	87770	864534	695726	0
2017-12-12	88090	90280	87870	89550	867240	678248	0
2017-12-13	89740	90390	88360	89780	755980	673200	0
2017-12-14	89870	90900	88670	89210	837470	667876	0
2017-12-15	89420	90450	89410	90100	637228	657704	0
2017-12-18	90360	94260	90090	93680	1291040	646410	0
2017-12-19	93910	95650	93240	94600	914448	632774	0
2017-12-20	94620	95300	94240	95080	662534	639154	0
2017-12-21	95760	96920	95110	95690	902488	641646	0
2017-12-22	96090	96220	94530	95830	725894	632730	0
2017-12-25	95680	97550	94760	95010	823650	630952	0
2017-12-26	95130	95750	94040	95580	608334	627070	0
2017-12-27	96000	96120	93870	94560	675228	618244	0
2017-12-28	94790	97410	94460	96760	902628	636744	0
2017-12-29	96470	97540	96180	96880	835704	603316	0
2018-01-02	98670	99420	98150	99150	434270	618432	0
2018-01-03	99560	99950	98270	98620	657498	609174	0
2018-01-04	98690	99200	97290	99180	755884	611968	0
2018-01-05	99370	99630	97890	98570	710046	598320	0
2018-01-08	98290	98690	97130	98480	682518	576570	0
2018-01-09	98200	99680	98160	99370	604802	605466	0
2018-01-10	99200	100880	98940	100420	830260	636600	0
2018-01-11	101680	101820	100740	101410	624872	643962	0
2018-01-12	101300	101480	98730	99560	809580	589958	0
2018-01-15	99280	100610	98560	100210	754410	610196	0
2018-01-16	100130	100460	97820	97900	832876	569340	0
2018-01-17	97250	98050	96490	97040	765494	560134	0
2018-01-18	96940	97530	96630	96870	600396	562400	0
2018-01-19	97220	97870	95810	96940	815596	542168	0
2018-01-22	97770	98900	97190	98630	779810	553490	0
2018-01-23	98630	99850	97310	99810	877326	570578	0
2018-01-24	99390	99860	98370	98740	829366	572012	0
2018-01-25	99860	105170	99680	104810	1433848	692318	0
2018-01-26	104710	104820	103380	104450	934094	711004	0
2018-01-29	104720	107120	103730	106000	1196314	736296	0
2018-01-30	105860	106140	103440	103880	1016638	689226	0
2018-01-31	104210	104540	101670	102740	1195706	641600	0
2018-02-01	102890	103260	101800	102210	903054	625898	0
2018-02-02	102580	105850	102460	104640	1157148	647638	0
2018-02-05	104310	104600	100130	102340	1674768	623046	0
2018-02-06	102400	104360	100690	101400	1600228	622814	0
2018-02-07	101560	103350	101010	102400	1286334	617254	0
2018-02-08	102280	102590	99390	100630	1513206	593268	0
2018-02-09	100610	101300	98570	98930	1290548	591674	0
2018-02-12	99050	100420	97950	99980	717596	605512	0
2018-02-13	99610	101350	99510	100990	588508	590952	0
2018-02-14	101280	103640	100900	103640	601278	573478	0
2018-02-22	103590	104330	102060	103000	296460	572500	0
2018-02-23	103230	105480	103220	105130	744752	653496	0
2018-02-26	105240	105720	103930	105640	759952	672806	0
2018-02-27	105640	106720	104480	106160	818788	700820	0
2018-02-28	105820	105990	104090	105170	831414	678252	0
2018-03-01	105190	105480	103680	104940	875010	677162	0
2018-03-02	103580	104050	101900	102360	1082474	700012	0
2018-03-05	102530	103060	101620	101630	895334	692510	0
2018-03-06	101830	102990	100850	102590	1022452	724474	0
2018-03-07	103150	103720	102260	102260	945862	705182	0
2018-03-08	102020	102940	100690	100960	1076748	732060	0
2018-03-09	101030	101240	100020	100650	1327952	713618	0
2018-03-12	101380	105210	101140	103880	1512474	741900	0
2018-03-13	104170	104740	103300	103700	1151162	725994	0
2018-03-14	104660	104940	103810	104640	1105328	757056	0
2018-03-15	104840	104890	102970	103620	1119596	750564	0
2018-03-16	103520	103610	102080	103520	1166304	747756	0
2018-03-19	103350	103820	101690	102000	1340866	756120	0
2018-03-20	102190	102790	100940	102610	1379424	756470	0
2018-03-21	102530	102580	101160	101350	1390506	763518	0
2018-03-22	100730	102920	99830	101590	1655272	773900	0
2018-03-23	101080	101510	97230	98350	2268630	796222	0
2018-03-26	98570	99650	96250	96290	1786480	762758	0
2018-03-27	96450	98360	96450	97600	1292144	740262	0
2018-03-28	97490	97890	96130	96560	1397450	745328	0
2018-03-29	96990	98800	96600	98790	1659660	736230	0
2018-03-30	98740	99850	98180	99780	1418396	704524	0
2018-04-02	99610	101920	99510	100470	1592044	679490	0
2018-04-03	100670	101100	99730	100790	1370296	672244	0
2018-04-04	100870	100970	100100	100370	1227858	650616	0
2018-04-09	100380	100380	98000	99650	952152	642250	0
2018-04-10	99660	101530	99290	100950	1519332	639684	0
2018-04-11	101870	102240	100990	101690	1394832	635170	0
2018-04-12	101450	102850	100760	102180	1944850	653854	0
2018-04-13	101520	104400	101310	103800	1888886	670066	0
2018-04-16	104070	104690	102920	104400	1541938	686630	0
2018-04-17	104480	105050	103340	103910	1556696	653218	0
2018-04-18	103240	105260	102680	104840	1930508	707552	0
2018-04-19	107760	109810	106330	108140	2692922	726950	0
2018-04-20	106610	106920	103950	104360	1306128	671572	0
2018-04-23	104680	105560	103880	105020	996938	654672	0
2018-04-24	102310	104480	102130	103420	1009942	616996	0
2018-04-25	103620	104580	103160	103390	835836	614364	0
2018-04-26	103610	104050	102950	103310	737962	613706	0
2018-04-27	103180	104830	102980	104410	1007494	601594	0
2018-05-02	103880	104990	103040	104750	508476	627692	0
2018-05-03	104870	105200	103940	104430	680294	628400	0
2018-05-04	104630	104690	103250	103810	753920	619658	0
2018-05-07	103620	104590	103120	104260	760636	643096	0
2018-05-08	104360	105420	103610	104850	756526	671662	0
2018-05-09	104430	104710	103040	103610	849344	650362	0
2018-05-10	103730	104370	103270	103500	721920	644504	0
2018-05-11	103870	104130	103390	103620	654702	646498	0
2018-05-14	103900	106380	103820	106190	985342	697472	0
2018-05-15	106320	107450	105950	106850	908116	695126	0
2018-05-16	106770	108410	105950	107430	991952	678624	0
2018-05-17	107350	108100	106930	107490	620558	681554	0
2018-05-18	107800	110090	107680	109920	1043906	753916	0
2018-05-21	110060	110170	107960	108520	836468	701706	0
2018-05-22	108630	109380	107840	107920	674454	701880	0
2018-05-23	108680	109020	107230	108170	777840	704686	0
2018-05-24	107920	108070	107160	107920	665994	695766	0
2018-05-25	107840	111220	107840	109520	1309076	745526	0
2018-05-28	109400	110210	108680	110090	743494	763362	0
2018-05-29	109900	112410	109690	112340	971556	839822	0
2018-05-30	112170	112250	110880	111100	821310	788156	0
2018-05-31	111420	114100	111370	114070	1176482	841480	0
2018-06-01	113960	118640	113560	115160	1886608	790264	0
2018-06-04	115440	117430	114800	116380	1311326	800844	0
2018-06-05	116080	116980	114890	116190	1089220	806278	0
2018-06-06	116570	119180	116410	118490	1545134	865824	0
2018-06-07	118350	118720	117140	118060	1002266	832028	0
2018-06-08	118480	118960	114980	115020	1411340	779982	0
2018-06-11	115280	116810	115250	115790	866642	764164	0
2018-06-12	115690	116260	114520	115170	941350	756146	0
2018-06-13	115550	115770	114190	114680	870766	726622	0
2018-06-14	115160	117780	114870	115210	1299472	725456	0
2018-06-15	114760	116370	114110	115730	1041778	696416	0
2018-06-19	114920	114920	112390	113000	753776	635670	0
2018-06-20	112530	113870	112510	113650	752982	639722	0
2018-06-21	113590	116100	113440	115070	1089518	654098	0
2018-06-22	115420	117040	114980	116860	1070578	688160	0
2018-06-25	117230	118280	116410	116550	868994	677884	0
2018-06-26	116120	116490	113820	114270	954474	649202	0
2018-06-27	113880	115720	113830	114440	883430	644432	0
2018-06-28	114660	117130	114630	116110	1137252	668594	0
2018-06-29	115590	117760	115250	117530	1008450	679808	0
2018-07-02	117360	117490	114880	115170	973610	653396	0
2018-07-03	115310	116120	114710	115950	872486	652644	0
2018-07-04	115830	116400	112420	112550	1277034	623628	0
2018-07-05	112210	112230	110560	111700	1227756	601796	0
2018-07-06	112180	113080	110250	110890	1447694	588512	0
2018-07-09	110790	112090	110320	111790	872968	585528	0
2018-07-10	111510	112260	110120	111990	963094	579268	0
2018-07-11	111830	112650	108240	109310	1430734	574564	0
2018-07-12	109420	114700	109040	114010	1653186	612600	0
2018-07-13	113740	113980	112410	112510	1025474	593002	0
2018-07-16	112250	112840	110040	110170	1354622	603610	0
2018-07-17	110440	110830	108550	109090	1109080	585048	0
2018-07-18	108770	109460	108130	108860	1228534	584440	0
2018-07-19	108570	110420	108550	109030	1365404	578826	0
2018-07-20	108620	110130	107840	109870	1224584	564892	0
2018-07-23	109670	110440	108850	110330	1008954	546712	0
2018-07-24	110330	110930	109230	109550	957128	552086	0
2018-07-25	110200	111680	110070	110890	1100254	541898	0
2018-07-26	111450	111680	110530	111270	900406	535642	0
2018-07-27	111050	112900	110750	112120	1026052	533744	0
2018-07-30	112250	113020	111480	111520	896816	531458	0
2018-07-31	111900	113190	111880	112870	842394	520050	0
2018-08-01	112880	114090	112590	113130	992996	523986	0
2018-08-02	112690	112790	109070	110400	1315264	490174	0
2018-08-03	110100	110420	108670	108970	923356	500822	0
2018-08-06	109310	111020	108400	110450	1020360	474092	0
2018-08-07	110070	113010	109650	112490	1058386	466824	0
2018-08-08	113020	114500	112450	113970	926594	499042	0
2018-08-09	114040	114810	113730	114320	656116	493112	0
2018-08-10	114760	114850	113020	113240	665982	474890	0
2018-08-13	113120	114380	112850	114190	581772	481766	0
2018-08-14	114080	114480	111370	112000	798332	470120	0
2018-08-15	111670	112040	109580	110050	803678	475804	0
2018-08-16	109430	109840	107190	109220	1023982	467542	0
2018-08-17	109710	111480	109300	110140	833334	449458	0
2018-08-20	110580	112690	110400	112200	774642	437664	0
2018-08-21	112010	113020	111850	112890	628724	430212	0
2018-08-22	112750	113050	111040	111140	762242	433744	0
2018-08-23	111550	111910	109460	109470	725704	441114	0
2018-08-24	109500	110500	108880	110210	729914	452176	0
2018-08-27	110340	110590	108050	108870	844152	463624	0
2018-08-28	109130	109570	108360	109510	598918	449046	0
2018-08-29	110040	111350	109780	110030	722248	421906	0
2018-08-30	110060	110800	109330	110390	589252	421642	0
2018-08-31	110130	110290	107620	107740	980018	460932	0
2018-09-03	107600	108090	104390	105280	1220122	497422	0
2018-09-04	105360	105650	103310	103400	738148	505454	0
2018-09-05	103500	103700	101960	102450	905934	503296	0
2018-09-06	102790	103720	102000	102900	766892	503742	0
2018-09-07	103080	103520	100710	101250	878338	524260	0
2018-09-10	101420	102850	101100	102030	758098	496182	0
2018-09-11	102380	103220	101630	102580	708298	475256	0
2018-09-12	101760	102180	100070	102010	976514	458572	0
2018-09-13	102490	104290	102240	103900	940512	419154	0
2018-09-14	104170	104340	103350	103800	576792	418124	0
2018-09-17	103630	104770	101770	102190	850572	418722	0
2018-09-18	102290	102700	100960	102110	746914	428522	0
2018-09-19	102690	103740	101600	103410	852976	424398	0
2018-09-20	103490	103820	102760	102990	709154	430940	0
2018-09-21	103310	105020	103180	104750	904110	427264	0
2018-09-25	104920	105740	104340	105160	394976	423850	0
2018-09-26	105280	106360	105020	105540	678448	404752	0
2018-09-27	105640	105900	103840	104020	635318	379172	0
2018-09-28	103700	104400	102660	104380	585848	352408	0
2018-10-08	104060	104540	102330	103030	349092	357244	0
2018-10-09	102980	105430	102740	105280	660150	363598	0
2018-10-10	105000	106940	104640	106140	760846	356124	0
2018-10-11	105910	106310	103140	103250	842190	355060	0
2018-10-12	103650	106010	103650	105550	751856	363572	0
2018-10-15	105430	105810	104270	104320	611226	362478	0
2018-10-16	104920	105520	101980	102470	911392	416742	0
2018-10-17	102710	103480	102280	103190	669416	416986	0
2018-10-18	102970	103380	100550	101190	946092	449798	0
2018-10-19	101040	103760	100960	103470	792654	414468	0
2018-10-22	103630	104600	102850	104190	701242	398494	0
2018-10-23	103840	103990	102450	102740	577484	411634	0
2018-10-24	102420	103680	102380	103200	605340	402958	0
2018-10-25	102930	103450	100220	102000	934454	434638	0
2018-10-26	101850	102010	99220	99320	871010	501126	0
2018-10-29	99180	99580	98120	98180	810740	476578	0
2018-10-30	98510	99200	97900	98330	670788	488156	0
2018-10-31	98380	98820	97390	97690	809308	504856	0
2018-11-01	97560	97760	95990	96680	758120	514296	0
2018-11-02	96930	99010	96720	98590	910868	467054	0
2018-11-05	98930	99200	96940	97290	762302	498286	0
2018-11-06	97320	98360	96750	98350	659714	473408	0
2018-11-07	98470	98520	96400	97010	800180	474594	0
2018-11-08	97000	97240	95560	97070	824230	478468	0
2018-11-09	96790	97500	96160	96240	705524	512380	0
2018-11-12	96140	96190	94040	94580	894640	541912	0
2018-11-13	94720	95310	94160	95090	605020	512648	0
2018-11-14	95180	95540	93580	93850	822178	531698	0
2018-11-15	93980	95190	93510	95150	731518	510948	0
2018-11-16	94990	95360	93730	94000	733952	527394	0
2018-11-19	94120	94910	92890	93180	777446	564030	0
2018-11-20	93230	93580	92680	93320	624234	561386	0
2018-11-21	93260	93880	91530	91920	920170	591574	0
2018-11-22	92210	92250	90340	90420	800614	635416	0
2018-11-23	90690	90750	87830	88620	1083922	646508	0
2018-11-26	88390	90240	88150	89140	1119654	567332	0
2018-11-27	89200	89710	87940	88450	810484	572440	0
2018-11-28	88520	89960	88270	89320	726454	558422	0
2018-11-29	89280	89810	88790	89630	566014	546964	0
2018-11-30	89910	91350	89880	91050	753416	538258	0
2018-12-03	91120	93670	90010	91590	963160	506900	0
2018-12-04	91880	92030	90950	91830	547322	502996	0
2018-12-05	92020	92030	90230	90900	740272	524314	0
2018-12-06	90830	91540	90190	90430	690040	517086	0
2018-12-07	89740	90080	88400	89580	820822	536256	0
2018-12-10	89550	90140	88680	89440	663032	537080	0
2018-12-11	89310	89620	88460	88950	647652	544372	0
2018-12-12	89270	89950	88720	88930	614100	555932	0
2018-12-13	88920	89650	88180	89500	794444	562892	0
2018-12-14	89380	89750	88980	89110	565572	556884	0
2018-12-17	89140	91000	89110	90890	695712	562734	0
2018-12-18	90790	91270	90340	90610	537186	543092	0
2018-12-19	90530	91320	89010	89410	773412	539530	0
2018-12-20	89480	90240	89240	90070	587520	517942	0
2018-12-21	90290	90590	89400	89760	506912	520798	0
2018-12-24	89700	90840	89580	90320	637638	508732	0
2018-12-25	90240	90400	88470	88940	611954	497676	0
2018-12-26	89070	89340	87530	87920	619230	532896	0
2018-12-27	88160	89080	87810	87980	583452	535276	0
2018-12-28	88000	88390	87600	88050	530418	521484	0
2019-01-02	87580	88340	86260	86340	437638	561678	0
2019-01-03	86250	88560	86220	88390	699100	503918	0
2019-01-04	88610	90020	87880	89970	818426	483278	0
2019-01-07	90170	91190	89840	90830	761020	476526	0
2019-01-08	90780	91030	90270	90840	530388	466144	0
2019-01-09	90910	91990	90740	91370	648132	451828	0
2019-01-10	91510	91860	91100	91560	490158	444244	0
2019-01-11	91580	91730	90540	91710	590394	455124	0
2019-01-14	91890	92460	91410	91680	554906	454996	0
2019-01-15	91790	92230	91160	92090	544984	454722	0
2019-01-16	92060	93440	91840	93330	702082	483112	0
2019-01-17	93200	93340	92660	92910	453406	459082	0
2019-01-18	92580	94160	92520	94130	576554	456732	0
2019-01-21	93990	95680	93770	95050	723072	451370	0
2019-01-22	94930	95770	94120	94140	562180	445038	0
2019-01-23	94270	94610	93410	93760	466294	437962	0
2019-01-24	93970	94350	93570	93690	514188	439074	0
2019-01-25	93690	95370	93480	94920	550904	432396	0
2019-01-28	94820	96000	94620	95110	509740	417028	0
2019-01-29	95140	95500	94130	95250	507830	412886	0
2019-01-30	95510	97960	95440	97570	789732	446644	0
2019-01-31	97720	98550	97420	97910	565020	419324	0
2019-02-01	97910	99540	97760	99490	495404	388658	0
2019-02-11	98670	101980	98670	100410	384770	396370	0
2019-02-12	100600	100640	98880	99290	549762	418200	0
2019-02-13	99230	99810	97260	98440	700258	432718	0
2019-02-14	98450	99350	97920	98970	599954	433278	0
2019-02-15	99200	99200	96670	96790	727706	446502	0
2019-02-18	97300	99090	96920	98480	739128	448736	0
2019-02-19	98750	99770	98530	99250	662674	466914	0
2019-02-20	99300	100790	99090	100770	751088	477202	0
2019-02-21	100870	101680	100480	101030	755936	478628	0
2019-02-22	100940	102760	100700	102760	735756	483284	0
2019-02-25	102690	103370	102230	102850	781460	468006	0
2019-02-26	102560	102580	101090	101910	820840	453962	0
2019-02-27	101680	102120	100870	101230	701718	469340	0
2019-02-28	101460	102720	101340	102680	784148	466726	0
2019-03-01	103010	104690	102240	104670	854426	461640	0
2019-03-04	104520	105520	103900	104800	955664	459182	0
2019-03-05	104400	105680	103450	105620	1093752	471258	0
2019-03-06	105750	106330	105300	105910	991850	478242	0
2019-03-07	106100	106650	104100	104120	1073732	445258	0
2019-03-08	104330	104370	101980	102030	1032892	430754	0
2019-03-11	102180	102840	101700	102200	742744	417550	0
2019-03-12	102030	102640	100930	102490	956334	413336	0
2019-03-13	103040	103380	100570	101000	832334	424980	0
2019-03-14	101110	102380	100830	101430	810980	419794	0
2019-03-15	101240	101490	99810	100540	1144028	423778	0
2019-03-18	100460	100890	99630	99990	805734	436828	0
2019-03-19	100250	102360	100060	102200	807120	438632	0
2019-03-20	102140	102910	101970	102630	782752	445372	0
2019-03-21	102700	103190	101930	102190	780970	449370	0
2019-03-22	102120	102460	100070	100460	857668	426398	0
2019-03-25	100520	100700	99160	99190	876364	467888	0
2019-03-26	99390	99910	99120	99680	743832	484032	0
2019-03-27	99860	101550	99800	100850	964022	503852	0
2019-03-28	101040	101260	99610	99990	1043446	528952	0
2019-03-29	99860	100800	99320	100410	881348	525312	0
2019-04-01	101070	103060	100470	103000	890504	521188	0
2019-04-02	102770	102820	101480	102120	727458	510656	0
2019-04-03	101720	103810	101350	103700	1004516	523388	0
2019-04-04	103540	104090	102510	102530	875478	499576	0
2019-04-08	102320	103080	102050	102730	492912	506708	0
2019-04-09	102960	103460	101770	103150	880828	508446	0
2019-04-10	103070	103510	102550	103170	1034900	510558	0
2019-04-11	103000	103770	102150	102550	1019994	503522	0
2019-04-12	102350	102510	100380	100790	1207150	512354	0
2019-04-15	101410	101580	100340	101010	914266	504024	0
2019-04-16	100870	102360	100220	102130	1073070	528924	0
2019-04-17	101880	102100	100520	100890	1072352	535102	0
2019-04-18	101280	101800	98660	98770	1514008	615052	0
2019-04-19	98790	99270	98570	99080	932282	623078	0
2019-04-22	99060	100310	98410	98460	1267264	627846	0
2019-04-23	98550	98930	98020	98300	1150820	654888	0
2019-04-24	97920	97930	97130	97390	1176474	659954	0
2019-04-25	97550	97990	96940	97490	1191010	648992	0
2019-04-26	97250	98330	97100	97540	1022438	618608	0
2019-04-29	97320	98370	96980	98220	1004684	592654	0
2019-04-30	98000	98210	97360	97600	785306	558950	0
2019-05-06	97050	97050	94900	95400	625308	570850	0
2019-05-07	95620	96450	95480	96260	692224	568938	0
2019-05-08	95910	96400	95590	96130	829990	570218	0
2019-05-09	95910	96010	94770	94890	918498	599224	0
2019-05-10	94670	96660	94560	96410	1214902	581048	0
2019-05-13	96270	96980	95580	96310	1005804	576876	0
2019-05-14	96120	97250	95170	95580	1184814	570722	0
2019-05-15	95830	97250	95810	97150	917438	566864	0
2019-05-16	96920	98100	96820	97780	1076948	554676	0
2019-05-17	98330	98380	97640	97800	863918	551026	0
2019-05-20	97650	98570	97130	97270	989480	573734	0
2019-05-21	97190	98730	97040	98070	975540	569888	0
2019-05-22	98060	98190	96860	97460	1095538	560398	0
2019-05-23	97370	97590	96560	96630	915300	592578	0
2019-05-24	96560	101040	96170	99890	1378524	578912	0
2019-05-27	99520	101060	99520	100560	1276636	557634	0
2019-05-28	100780	101460	100090	100270	881822	549584	0
2019-05-29	99710	99880	98300	98630	941404	553426	0
2019-05-30	98400	98730	97770	98110	858912	548604	0
2019-05-31	97980	99100	97830	98190	883680	537954	0
2019-06-03	98280	98830	96850	96960	1116298	541392	0
2019-06-04	96870	97320	96210	96520	871198	539788	0
2019-06-05	96380	96720	95780	96230	924086	554704	0
2019-06-06	96120	96510	94170	95430	1244426	560128	0
2019-06-10	95370	96620	95290	95850	499866	551352	0
2019-06-11	95630	97360	95150	96820	1174906	575004	0
2019-06-12	97070	98030	96720	96770	1100686	568514	0
2019-06-13	96860	99330	96860	99220	1192526	602018	0
2019-06-14	99380	100460	98500	99370	1275036	582166	0
2019-06-17	99270	99690	98770	98870	1027766	573818	0
2019-06-18	98420	98620	97670	98090	966274	552204	0
2019-06-19	98350	100140	98100	98920	1249078	548690	0
2019-06-20	99110	100120	99010	99730	1124800	548216	0
2019-06-21	100060	100200	98020	98280	1134136	526562	0
2019-06-24	98500	98920	98050	98590	872738	500984	0
2019-06-25	98770	99690	98090	99510	911064	478262	0
2019-06-26	99870	100490	99570	99900	934708	476586	0
2019-06-27	100320	101550	100210	101140	1119222	504384	0
2019-06-28	101490	102100	101040	101340	1065826	483454	0
2019-07-01	101640	102130	99580	99670	1076348	451258	0
2019-07-02	99310	99360	97120	97540	918266	424242	0
2019-07-03	97410	97740	96720	97320	680588	422174	0
2019-07-04	97940	98820	97720	97990	806454	406658	0
2019-07-05	98370	99010	97500	98160	771818	397720	0
2019-07-08	98280	100690	98250	100490	907196	424012	0
2019-07-09	100490	101050	99860	100160	772298	433320	0
2019-07-10	100450	103310	100070	102210	1193476	478980	0
2019-07-11	102640	103880	102170	103810	992772	530622	0
2019-07-12	103950	104340	103160	104110	834250	537154	0
2019-07-15	104110	106850	103860	106190	1258754	570996	0
2019-07-16	106150	109890	105590	109670	1558102	584584	0
2019-07-17	110630	111510	109190	111290	1754194	604806	0
2019-07-18	111850	117020	111010	117000	2479350	639138	0
2019-07-19	116440	119040	116330	118330	3219010	651108	0
2019-07-22	116510	117010	112790	113400	2637494	622592	0
2019-07-23	113210	113950	112010	112910	1870630	568050	0
2019-07-24	112910	112950	110740	112260	1734942	578968	0
2019-07-25	112940	113780	109730	110020	2082730	603624	0
2019-07-26	109400	111730	109250	111230	1736142	582580	0
2019-07-29	111040	111410	108920	109430	1374758	582010	0
2019-07-30	109770	113430	109650	112540	1248876	606926	0
2019-07-31	112100	113550	111500	112260	1190940	607420	0
2019-08-01	112450	114310	111830	112560	1399248	602848	0
2019-08-02	112590	115960	112290	114630	2038048	633228	0
2019-08-05	114950	119270	113770	118040	2282978	733462	0
2019-08-06	118410	119510	117520	118600	1535322	747010	0
2019-08-07	118630	119540	116460	116570	1930082	784926	0
2019-08-08	116620	124940	114470	124900	2894524	803652	0
2019-08-09	124320	127150	123590	126290	2426192	794240	0
2019-08-12	125840	127790	118620	121010	3297834	749624	0
2019-08-13	122540	124720	122300	124390	1892892	791362	0
2019-08-14	124450	124570	122570	124220	1727192	780176	0
2019-08-15	123630	124220	121580	123720	1692916	788798	0
2019-08-16	124240	127340	123810	125930	2003110	823788	0
2019-08-19	125480	126620	125040	125870	1288262	823224	0
2019-08-20	125380	125560	123120	123350	1542442	807530	0
2019-08-21	123420	126430	122520	123820	1952710	813296	0
2019-08-22	123390	124870	121780	122870	1473046	809116	0
2019-08-23	123120	123910	122180	123870	1339272	829382	0
2019-08-26	123420	125370	122500	124080	1768060	845088	0
2019-08-27	124840	126210	124740	125570	1499940	886218	0
2019-08-28	126160	126340	123780	125790	1498702	893346	0
2019-08-29	126280	127630	125670	127280	1959250	960090	0
2019-08-30	127210	130720	126880	130680	2421546	1027430	0
2019-09-02	136640	136700	136640	136700	62428	1012644	0
2019-09-03	144890	148730	142390	146490	3231694	797854	0
2019-09-04	145550	147830	143700	146730	2192576	802258	0
2019-09-05	146460	147610	141500	142830	2510326	773648	0
2019-09-06	142300	142530	138170	138550	2057616	769358	0
2019-09-09	139250	142160	138180	141410	2242670	780450	0
2019-09-10	141560	144860	141500	144020	2189902	791722	0
2019-09-11	143490	144140	141830	143880	2023768	780168	0
2019-09-12	144100	144660	142040	144600	1716968	762146	0
2019-09-16	142820	143020	136960	137410	1225520	733664	0
2019-09-17	137490	138820	134270	135030	2121386	722428	0
2019-09-18	134320	137220	133890	136430	2050646	720040	0
2019-09-19	135560	137140	135380	136350	1865198	724756	0
2019-09-20	136780	138810	134810	138260	2262268	755170	0
2019-09-23	138870	139760	137370	138660	2130556	755022	0
2019-09-24	138680	139250	136020	138340	2150056	757262	0
2019-09-25	137030	137350	135020	135990	2102560	766768	0
2019-09-26	135970	138130	135940	136530	1843496	797540	0
2019-09-27	136640	137950	136080	137920	1702180	789356	0
2019-09-30	137720	137720	136280	137310	1442214	763148	0
2019-10-08	137450	138730	134330	136850	1043002	820496	0
2019-10-09	136990	137030	136140	136620	1149274	820920	0
2019-10-10	136920	137510	134510	137070	2069136	842734	0
2019-10-11	137120	137190	135040	136710	1609354	866636	0
2019-10-14	136950	138500	134940	135610	2029760	866960	0
2019-10-15	134950	136530	131300	131720	2354152	878974	0
2019-10-16	132500	133000	131600	132150	1496374	856388	0
2019-10-17	132390	133060	127020	128350	2431144	872842	0
2019-10-18	128410	130140	127710	128780	1570700	845932	0
2019-10-21	129280	129310	124940	125930	1475852	858446	0
2019-10-22	125980	126580	124950	125220	1088446	874088	0
2019-10-23	125150	131250	125050	129090	1843194	857506	0
2019-10-24	128740	133070	128380	132050	1892664	835518	0
2019-10-25	132470	133600	131190	132030	1286670	814810	0
2019-10-28	131930	132780	129920	130520	1505106	798554	0
2019-10-29	131500	134620	130240	130890	2078564	772046	0
2019-10-30	130980	132590	130650	132390	1287318	765578	0
2019-10-31	132310	132940	131370	131600	1179638	766370	0
2019-11-01	131800	132220	130200	132220	1236390	779714	0
2019-11-04	131840	131950	131000	131500	868828	780096	0
2019-11-05	131200	131230	128110	128650	1392542	792484	0
2019-11-06	128360	128940	127740	127770	1026170	794572	0
2019-11-07	128150	131190	127070	128840	1397958	785334	0
2019-11-08	128670	129090	127610	127900	1011860	772408	0
2019-11-11	127800	128660	125820	126570	1567726	794236	0
2019-11-12	125920	126020	122570	123400	1858952	796250	0
2019-11-13	123190	124170	121820	122300	1671518	781808	0
2019-11-14	122760	123610	121880	122950	1375610	783848	0
2019-11-15	122720	122900	119050	119530	1738582	814982	0
2019-11-18	119470	120140	115860	118180	1828862	793854	0
2019-11-19	117920	117960	115500	115670	1632064	810700	0
2019-11-20	114670	116170	113650	113680	1892840	796068	0
2019-11-21	113710	114700	112520	114140	1727502	785536	0
2019-11-22	114230	115090	113010	113310	1608772	781296	0
2019-11-25	113390	115660	113210	114080	1921884	744336	0
2019-11-26	114550	114830	113220	114160	1581174	725614	0
2019-11-27	113970	114320	112660	113940	1650780	726050	0
2019-11-28	113760	114020	111500	111580	1859414	751170	0
2019-11-29	111280	111460	109300	109340	1818648	790792	0
2019-12-02	109650	110190	107610	108020	2125596	792850	0
2019-12-03	108300	108700	107840	108180	1391608	791366	0
2019-12-04	107720	107930	103420	104000	2491136	829424	0
2019-12-05	104210	104610	103800	103960	1451658	840566	0
2019-12-06	104100	106770	104090	106170	2438836	809786	0
2019-12-09	106350	107510	104210	104640	2425542	823434	0
2019-12-10	104690	106330	104470	105100	2090482	817036	0
2019-12-11	104660	107980	104590	107910	2545224	827882	0
2019-12-12	108760	110380	108700	110070	2543250	784842	0
2019-12-13	109780	110860	108790	110820	1663960	787558	0
2019-12-16	111230	111900	109620	110660	2016134	782758	0
2019-12-17	110810	112120	110590	111210	1395200	772084	0
2019-12-18	110980	111210	108500	108680	1827232	766660	0
2019-12-19	108820	110770	108220	110690	1788440	766628	0
2019-12-20	110910	112290	110840	111540	1732040	772814	0
2019-12-23	111780	113770	111780	113500	2086288	790562	0
2019-12-24	113450	113870	111600	112630	1849548	772238	0
2019-12-25	112550	112930	111200	111840	1703982	765162	0
2019-12-26	111900	112670	111580	112180	1059586	768722	0
2019-12-27	112250	112250	109830	109850	1804986	811094	0
2019-12-30	109960	111990	109950	111540	1751056	792112	0
2019-12-31	111660	112730	110620	111960	1773272	798728	0
2020-01-02	111490	111900	109860	111190	572114	397261	0
2020-01-03	111350	111760	107730	107830	1035216	412216	0
2020-01-06	107990	108600	106850	108150	848322	398777	0
2020-01-07	108110	109320	107130	109310	891516	398586	0
2020-01-08	109140	109670	107820	109120	915670	397765	0
2020-01-09	108910	111670	108910	111360	997942	404737	0
2020-01-10	111580	112040	110940	111730	805815	404909	0
2020-01-13	111740	113110	111300	112960	814623	415557	0
2020-01-14	112860	113000	108840	108850	986566	401906	0
2020-01-15	108880	109760	108450	109010	554992	390791	0
2020-01-16	109770	111940	109610	111120	692266	373800	0
2020-01-17	111580	111640	107790	108480	798670	367525	0
2020-01-20	108560	108790	107770	108080	638798	369086	0
2020-01-21	108190	110060	107010	107400	903633	350511	0
2020-01-22	107660	108990	106200	108270	826478	316623	0
2020-01-23	107970	107980	105510	105660	719832	314113	0
2020-02-03	102730	102730	100640	102100	395491	287691	0
2020-02-04	101940	104670	101760	104360	509767	290876	0
2020-02-05	103760	105810	103760	105060	540750	289963	0
2020-02-06	105190	106020	104750	105030	576301	291877	0
2020-02-07	105080	105580	104130	105170	466816	291478	0
2020-02-10	104190	105090	103540	104360	420703	290052	0
2020-02-11	104300	106550	104250	106130	525329	296389	0
2020-02-12	105880	106340	103640	105030	605029	290992	0
2020-02-13	105200	106160	104780	105560	570624	288888	0
2020-02-14	105780	106910	104610	104660	457486	294609	0
2020-02-17	105010	105530	104340	105190	326338	294441	0
2020-02-18	105130	105590	103620	105080	484816	280656	0
2020-02-19	104460	104810	103760	103880	412042	281211	0
2020-02-20	104140	104560	103460	104090	474521	276632	0
2020-02-21	103850	103960	102470	102470	456101	290007	0
2020-02-24	102630	103050	101210	102810	485355	271385	0
2020-02-25	102130	102990	101510	102760	459256	262904	0
2020-02-26	102310	102670	100850	100850	524407	269199	0
2020-02-27	101530	101720	100740	100930	430691	252031	0
2020-02-28	100990	100990	98600	98610	593310	248271	0
2020-03-02	99320	102370	98850	102270	557329	222370	0
2020-03-03	101670	104250	101670	102650	447234	224177	0
2020-03-04	102740	103040	102170	102600	384572	226164	0
2020-03-05	102540	103940	102100	103230	504210	241570	0
2020-03-06	103480	103590	102770	102870	441178	230077	0
2020-03-09	102440	102440	99240	99510	599454	207095	0
2020-03-10	100560	104410	100550	104050	614677	215069	0
2020-03-11	103090	104240	102040	102220	508666	209064	0
2020-03-12	101340	101340	99790	100440	534537	212649	0
2020-03-13	98170	100150	96180	99250	732493	201879	0
2020-03-16	99430	101370	98800	99300	511003	190938	0
2020-03-17	99340	100150	99000	99480	463105	181745	0
2020-03-18	98450	99700	94970	95020	778815	195469	0
2020-03-19	95450	95720	90650	95210	875934	192045	0
2020-03-20	94500	96620	94420	95890	593545	184048	0
2020-03-23	93960	94310	91270	91960	589881	187081	0
2020-03-24	92820	93770	91080	91680	652381	186171	0
2020-03-25	93300	93710	91330	91960	574562	197742	0
2020-03-26	92460	93340	91650	91680	591786	188200	0
2020-03-27	92230	93500	91940	93490	618055	180790	0
2020-03-30	92820	94100	91680	93250	615236	170680	0
2020-03-31	93360	93950	91900	91930	470590	183884	0
2020-04-01	92840	93290	92350	92710	509170	174534	0
2020-04-02	92560	93210	89670	92940	769435	175939	0
2020-04-03	92280	93190	92060	92680	443194	170215	0
2020-04-07	93250	94260	92910	93340	469625	176141	0
2020-04-08	93260	95300	92460	95240	578155	206836	0
2020-04-09	94900	95740	94670	94970	438197	200148	0
2020-04-10	95220	97720	95220	97330	586630	214599	0
2020-04-13	97220	97500	96040	96390	410893	209311	0
2020-04-14	96700	97370	96080	97130	458424	214395	0
2020-04-15	96940	98650	96700	97280	498397	221786	0
2020-04-16	97390	97390	95800	95850	356914	212207	0
2020-04-17	96490	99030	96490	98970	471028	222992	0
2020-04-20	98480	102260	98040	101990	676060	246206	0
2020-04-21	101360	102450	100080	100950	613349	223892	0
2020-04-22	100840	100840	96650	98090	590548	215108	0
2020-04-23	98150	99750	98150	99570	560518	214601	0
2020-04-24	99090	101280	98850	99790	504675	206524	0
2020-04-27	100590	103680	100550	101530	609503	213886	0
2020-04-28	101820	101820	99490	100510	427290	211583	0
2020-04-29	100650	101600	99920	100070	394279	205353	0
2020-04-30	100720	101180	99920	99940	329407	193239	0
2020-05-06	99700	101580	97940	101300	493184	215781	0
2020-05-07	101160	102700	100660	101850	811025	229634	0
2020-05-08	102290	102660	100420	101710	820600	223662	0
2020-05-11	101740	103280	101360	101600	900414	224689	0
2020-05-12	101500	102950	100720	101050	838898	221985	0
2020-05-13	101320	101620	99760	101120	825984	216306	0
2020-05-14	101250	101490	100220	101150	635864	212818	0
2020-05-15	100720	100730	99130	99420	770968	231918	0
2020-05-18	98940	100320	98240	99850	766796	224795	0
2020-05-19	100150	102160	100150	102080	674365	224737	0
2020-05-20	102700	103080	102030	102590	561898	223686	0
2020-05-21	102610	105730	102320	105120	927762	250686	0
2020-05-22	105620	106130	96120	99840	1347867	210912	0
2020-05-25	100240	101540	100230	100690	684298	201189	0
2020-05-26	100850	101790	100650	100940	442138	211073	0
2020-05-27	101230	101440	99700	99970	737266	212879	0
2020-05-28	99920	101010	99380	100680	671359	210543	0
2020-05-29	100500	101210	99840	100060	653008	210536	0
2020-06-01	100270	103920	99950	103200	739171	228892	0
2020-06-02	102650	103230	102080	103170	520232	226325	0
2020-06-03	103670	104470	103000	103460	709115	228932	0
2020-06-04	103780	103780	101830	102200	734922	227081	0
2020-06-05	102370	104070	102360	103830	670769	234156	0
2020-06-08	103990	104460	103290	103810	695947	234640	0
2020-06-09	104260	105460	104260	104710	739530	242281	0
2020-06-10	103970	104140	102720	103230	721611	238117	0
2020-06-11	103900	104350	101530	101900	839338	246677	0
2020-06-12	101380	102210	100890	101810	410395	238249	0
2020-06-15	101980	102360	100340	100390	500415	247563	0
2020-06-16	100770	103680	100710	103670	520597	229045	0
2020-06-17	103710	103890	102640	103560	467700	232700	0
2020-06-18	103380	104150	102720	103320	486893	229710	0
2020-06-19	103080	104590	102710	104280	565242	233484	0
2020-06-22	104100	104130	101840	102060	578300	240478	0
2020-06-23	102350	102830	101410	101670	506228	236776	0
2020-06-24	101780	102210	101530	101810	364244	224549	0
2020-06-29	101770	102980	100720	102710	441966	218067	0
2020-06-30	102440	103230	102200	102980	444631	215959	0
2020-07-01	103140	103140	101580	102050	504540	234294	0
2020-07-02	101560	103060	101560	103000	567788	229266	0
2020-07-03	102940	105740	102780	105580	830049	268329	0
2020-07-06	105580	107250	104440	106880	985819	285158	0
2020-07-07	107040	107880	106380	106890	819527	279406	0
2020-07-08	107110	108200	106590	107360	804699	279950	0
2020-07-09	107450	107630	105950	107460	845765	283119	0
2020-07-10	107590	108420	105000	105310	1066375	266356	0
2020-07-13	105660	109050	105550	108360	1084223	277676	0
2020-07-14	108000	109910	107570	108900	957554	280763	0
2020-07-15	108980	109300	107630	108430	780931	272870	0
2020-07-16	108590	108680	105140	106080	1054685	255840	0
2020-07-17	106330	107220	106060	106240	750716	245507	0
2020-07-20	106410	106440	104290	105520	856249	246781	0
2020-07-21	105640	106620	105250	105890	709064	251621	0
2020-07-22	106320	108330	106220	106580	893593	244298	0
2020-07-23	105530	106070	104670	106010	783523	257074	0
2020-07-24	106800	109090	106230	107540	1200878	242570	0
2020-07-27	107840	110690	107470	110040	1189365	278770	0
2020-07-28	109760	112050	108400	108730	967851	269335	0
2020-07-29	108660	110460	108630	109490	750435	267597	0
2020-07-30	109680	111880	109360	111240	1080682	289583	0
2020-07-31	110470	111250	108910	110500	1130468	269073	0
2020-08-03	110440	110600	108280	109020	987452	280005	0
2020-08-04	109820	111540	109810	110880	933977	278039	0
2020-08-05	110680	113040	110400	113020	1145044	312562	0
2020-08-06	113010	117240	112740	114580	1922068	316739	0
2020-08-07	115090	116480	113680	115120	1212925	312607	0
2020-08-10	115460	115680	112160	113220	1174864	297355	0
2020-08-11	113870	114560	111930	112160	934480	294022	0
2020-08-12	112610	113540	110610	112320	1129488	273188	0
2020-08-13	112440	113210	111890	112570	875416	272061	0
2020-08-14	112370	114800	111870	114110	817632	275368	0
2020-08-17	114560	116050	113900	115960	786777	283468	0
2020-08-18	116390	116810	115420	116190	683086	268175	0
2020-08-19	116600	117460	115670	116280	837709	267224	0
2020-08-20	116910	117360	114530	116040	896224	260779	0
2020-08-21	116890	116950	114800	115400	754256	258275	0
2020-08-24	114930	117350	114860	117200	824536	274291	0
2020-08-25	117520	118100	116470	117300	815042	273245	0
2020-08-26	117310	119790	116880	119570	982113	323285	0
2020-08-27	119360	120610	118930	119360	894359	305734	0
2020-08-28	119580	120280	118500	120260	913359	306291	0
2020-08-31	120900	121390	119980	121190	837580	309291	0
2020-09-01	120980	123270	120250	123010	836674	332931	0
2020-09-02	122710	122950	121020	122100	795368	312322	0
2020-09-03	122390	123810	119630	119930	1165317	309791	0
2020-09-04	119540	120150	117900	119200	1008202	286019	0
2020-09-07	119320	120420	118680	119050	856649	285550	0
2020-09-08	119330	119950	118610	119570	732933	281243	0
2020-09-09	117730	117840	115690	115800	984089	262944	0
2020-09-10	116690	117010	115480	115750	704280	268761	0
2020-09-11	116220	116870	114750	116090	819142	264896	0
2020-09-14	116380	118890	116190	118770	717457	276574	0
2020-09-15	118670	119340	118400	118770	609736	267604	0
2020-09-16	118760	118830	116960	117560	738729	253466	0
2020-09-17	117800	118100	115370	115630	756200	262670	0
2020-09-18	115710	117460	115400	116780	663104	256994	0
2020-09-21	115900	116470	113950	114200	799418	268222	0
2020-09-22	113890	114510	110670	113300	891399	254291	0
2020-09-23	113740	113860	111140	112840	815246	246850	0
2020-09-24	112510	113230	111100	112090	776416	237905	0
2020-09-25	111770	113590	111460	113520	790159	231337	0
2020-09-28	112960	113720	111780	113400	789573	230100	0
2020-09-29	113800	114000	112800	113810	640278	223678	0
2020-09-30	113450	114570	111680	111710	747478	217871	0
2020-10-09	113560	116050	113560	115880	333069	215318	0
2020-10-12	116170	117570	115620	117050	616203	232732	0
2020-10-13	117240	117530	116360	117040	566869	232323	0
2020-10-14	117170	117280	116120	116950	697221	232071	0
2020-10-15	117660	118960	117180	117830	699508	240990	0
2020-10-16	117750	119580	117380	119410	722666	243380	0
2020-10-19	119910	120860	119230	119400	822196	250353	0
2020-10-20	119860	120320	118940	120140	549956	252478	0
2020-10-21	120480	122030	120350	121630	766153	276834	0
2020-10-22	121380	121430	119250	119770	578493	256269	0
2020-10-23	119570	120210	119150	119760	510161	255473	0
2020-10-26	120200	120600	117620	117850	590711	247241	0
2020-10-27	117930	119420	117810	119320	489499	257853	0
2020-10-28	119190	125090	118730	124900	1021115	342603	0
2020-10-29	122670	122750	120280	121530	917053	302304	0
2020-10-30	118720	120630	116450	116980	1001647	271204	0
2020-11-02	117210	117630	115400	115590	667978	271932	0
2020-11-03	115850	116660	115680	116090	532896	273408	0
2020-11-04	117010	117500	114770	116230	725756	267593	0
2020-11-05	116860	117310	115510	116330	643476	266843	0
2020-11-06	116910	117630	115790	115930	677294	273993	0
2020-11-09	116600	118120	114090	117860	962764	276026	0
2020-11-10	118810	118920	116940	117820	741015	270886	0
2020-11-11	118010	119250	117380	118110	747394	282730	0
2020-11-12	118210	120210	117490	118940	800294	293557	0
2020-11-13	118800	119980	118050	118480	678946	292019	0
2020-11-16	118580	120800	118570	120150	858405	305513	0
2020-11-17	120070	120150	115970	116090	930095	300691	0
2020-11-18	116520	116860	115690	116260	627589	295100	0
2020-11-19	116200	117030	115190	116490	675673	288937	0
2020-11-20	116490	117930	116350	116940	651211	284781	0
2020-11-23	117420	120010	117270	119790	827069	290337	0
2020-11-24	118990	121430	118640	121200	794391	306643	0
2020-11-25	120460	121620	119630	119700	832212	305992	0
2020-11-26	119400	120800	118650	120780	812685	306632	0
2020-11-27	120080	123120	120080	122870	1037678	341844	0
2020-11-30	122710	123590	120490	121990	1005587	325532	0
2020-12-01	122440	122750	118770	119340	932270	312896	0
2020-12-02	119760	120830	119350	119820	821965	310690	0
2020-12-03	118150	119180	117320	117670	830027	313354	0
2020-12-04	118040	118370	116610	117910	802417	305052	0
2020-12-07	118090	121220	117910	121120	952037	311611	0
2020-12-08	120790	122050	120270	121620	869972	314953	0
2020-12-09	121740	122500	120660	121720	826492	309108	0
2020-12-10	121990	124880	121870	123600	1116768	330560	0
2020-12-11	124630	130840	124610	129190	1552324	347804	0
2020-12-14	128460	132870	127600	130900	1144580	359022	0
2020-12-15	131420	131780	129780	131410	757680	363082	0
2020-12-16	131480	133960	128350	129380	1089296	338204	0
2020-12-17	129510	130770	128800	130510	784563	336903	0
2020-12-18	131290	132160	129080	131680	1119013	342059	0
2020-12-21	131520	133430	129340	132960	1216215	356051	0
2020-12-22	130760	130930	125070	125730	1206516	323724	0
2020-12-23	126250	126580	121170	123950	1200516	311625	0
2020-12-24	124380	125840	124350	125130	822317	308777	0
2020-12-25	125560	128100	125370	127510	907950	310636	0
2020-12-28	127330	128780	126400	127750	938216	309887	0
2020-12-29	128390	129330	126320	126760	931531	311853	0
2020-12-30	126770	127210	124550	125240	1008725	309977	0
2020-12-31	124960	125230	123530	123560	915309	311876	0
2021-01-04	123630	128890	123360	128200	655186	320461	0
2021-01-05	128550	130150	128020	129570	964056	325790	0
2021-01-06	129810	130650	128300	129470	878446	319874	0
2021-01-07	129930	133870	129220	133290	1125122	341045	0
2021-01-08	132540	134390	130970	132490	1037895	329333	0
2021-01-11	132380	132830	126890	127520	1220047	308319	0
2021-01-12	127170	130160	125790	129900	1051359	300896	0
2021-01-13	129850	131560	129280	131040	1046627	314090	0
2021-01-14	130940	132110	129010	132020	1076144	331538	0
2021-01-15	132720	136280	132050	132360	1221751	344833	0
2021-01-18	132820	135080	131750	134880	932046	335795	0
2021-01-19	134320	134680	132690	133440	728921	321570	0
2021-01-20	134030	136390	133250	133950	962823	325914	0
2021-01-21	133930	136700	133050	135590	922752	349360	0
2021-01-22	135910	136250	132790	133230	987833	320684	0
2021-01-25	132610	137010	131980	135800	1035732	334443	0
2021-01-26	135690	136090	133850	133880	865765	316302	0
2021-01-27	134670	134900	133180	133670	871292	299130	0
2021-01-28	132310	132570	130630	131220	1016466	282017	0
2021-01-29	131370	133000	130220	130490	918201	267093	0
2021-02-01	131310	133160	131020	132640	1027289	261904	0
2021-02-02	132380	132580	130720	130980	864464	256316	0
2021-02-03	131240	131630	128850	129610	924299	261682	0
2021-02-04	130040	130800	129190	130480	785820	260258	0
2021-02-05	130160	133220	129920	132820	845592	262369	0
2021-02-08	133150	134400	132750	133540	656469	246720	0
2021-02-09	133390	135710	133310	135220	582989	249242	0
2021-02-10	135380	136380	133860	136150	585988	246057	0
2021-02-18	137430	139580	137430	138510	314045	255077	0
2021-02-19	139830	144750	139750	144000	716765	303756	0
2021-02-22	143990	149290	143410	146230	978730	303340	0
2021-02-23	146240	147440	143350	145010	894999	285502	0
2021-02-24	143460	144050	141340	142380	838247	268323	0
2021-02-25	143440	147620	142290	145080	950610	266521	0
2021-02-26	145250	145510	139500	140510	973384	247445	0
2021-03-01	138840	141720	138110	138700	841034	242577	0
2021-03-02	138730	139490	136060	138110	890402	243951	0
2021-03-03	138710	139840	137210	138250	817165	250742	0
2021-03-04	134030	134070	130500	130500	808712	262003	0
2021-03-05	121310	123730	120250	121580	1386735	244441	0
2021-03-08	122850	125160	121080	121950	1127545	243133	0
2021-03-09	121660	123740	118700	119020	1031240	249981	0
2021-03-10	119800	121520	118870	119710	981222	248318	0
2021-03-11	120560	123260	120390	122470	1038315	244239	0
2021-03-12	122780	123330	120410	120870	993411	256321	0
2021-03-15	121270	122060	118760	121850	1176153	252222	0
2021-03-16	121570	122430	120120	120410	824717	248072	0
2021-03-17	121100	121870	119700	120120	783671	260963	0
2021-03-18	120350	122110	119490	120480	823357	254389	0
2021-03-19	120270	121200	118290	120560	970115	231783	0
2021-03-22	121420	123280	120880	122650	942024	228131	0
2021-03-23	123370	124710	122000	124660	890835	226996	0
2021-03-24	124180	124190	120200	120790	850438	227641	0
2021-03-25	121320	121790	119520	119870	753513	237222	0
2021-03-26	120200	123660	120180	123160	839766	220506	0
2021-03-29	122860	124140	122500	123700	769139	222106	0
2021-03-30	123460	124280	122240	123480	814801	225979	0
2021-03-31	123620	123670	119920	120610	1058004	235858	0
2021-04-01	121370	121730	120540	121020	696498	220568	0
2021-04-02	122090	123890	121880	123430	782240	224189	0
2021-04-06	123430	126400	123430	125070	443278	235629	0
2021-04-07	125390	126500	125040	125980	630075	238647	0
2021-04-08	125730	126950	124080	126650	858186	249740	0
2021-04-09	127480	127690	125740	126150	684879	242025	0
2021-04-12	126500	126750	121960	122290	925483	238068	0
2021-04-13	122630	122840	121130	121730	736983	239607	0
2021-04-14	122340	122420	120900	121540	677519	244019	0
2021-04-15	122460	123020	120760	121380	695453	252056	0
2021-04-16	121340	124050	121180	123480	782424	232985	0
2021-04-19	123680	123960	120390	121430	779615	251021	0
2021-04-20	121220	122090	120380	121000	701529	252717	0
2021-04-21	121010	121670	119370	120890	873428	254316	0
2021-04-22	120700	121670	119180	119810	843695	266516	0
2021-04-23	120170	121040	118820	120280	902805	255714	0
2021-04-26	120620	123300	120390	123130	963307	242002	0
2021-04-27	123980	127000	123400	126420	960324	264681	0
2021-04-28	125470	127340	125220	127210	826074	264291	0
2021-04-29	129240	130860	127840	129740	947800	269743	0
2021-04-30	130330	131320	127910	131190	944269	253375	0
2021-05-06	132830	133820	129880	132020	491900	248052	0
2021-05-07	133340	134090	131840	133470	914619	252379	0
2021-05-10	133330	135380	132050	133000	1031362	247868	0
2021-05-11	133320	133530	129550	131660	970579	231447	0
2021-05-12	132110	133790	131290	132820	872233	235304	0
2021-05-13	131030	132160	127860	128690	965047	226257	0
2021-05-14	128660	129190	126110	128620	860371	217959	0
2021-05-17	128890	131740	128420	130640	829082	225631	0
2021-05-18	130630	134480	130310	134160	699768	239134	0
2021-05-19	133900	134030	132080	132610	778595	236325	0
2021-05-20	130280	130280	127030	128210	862300	214289	0
2021-05-21	128100	128200	124160	124180	802030	217286	0
2021-05-24	125830	126060	122610	123900	796093	210161	0
2021-05-25	124330	126460	124230	125220	559873	203876	0
2021-05-26	125090	126880	124550	125380	582073	198636	0
2021-05-27	125600	127380	124800	126370	672235	194687	0
2021-05-28	126870	133000	126520	132240	996817	212157	0
2021-05-31	131230	133330	130950	132710	807719	217089	0
2021-06-01	132260	134780	131550	134750	770778	233443	0
2021-06-02	133810	134280	131650	133430	672057	223431	0
2021-06-03	133320	135470	132660	132970	822006	243560	0
2021-06-04	131380	132110	130030	131190	588229	233003	0
2021-06-07	132630	133080	129320	129420	506799	223196	0
2021-06-08	129800	131800	129560	129960	481740	216178	0
2021-06-09	129950	133200	129880	132580	575871	235355	0
2021-06-10	132720	133290	130400	130900	604977	218176	0
2021-06-11	131120	135010	130960	134990	626590	252488	0
2021-06-15	135150	135590	131130	132230	356924	227631	0
2021-06-16	132020	132720	127670	128070	617437	217838	0
2021-06-17	128390	129540	126480	127600	633431	214492	0
2021-06-18	127080	129150	126280	128110	715242	216227	0
2021-06-21	127710	129600	126740	128680	605967	209892	0
2021-06-22	128330	132440	127610	132420	657394	229113	0
2021-06-23	132020	133910	131780	133270	571039	228591	0
2021-06-24	133870	135730	133380	134510	675667	241070	0
2021-06-25	135200	138710	135110	137220	775318	261351	0
2021-06-28	138000	138440	136290	137430	734331	248101	0
2021-06-29	136520	137410	134530	135360	705645	231360	0
2021-06-30	136290	137860	135050	137810	552602	227738	0
2021-07-01	137090	137270	133720	133900	543493	218964	0
2021-07-02	134640	135890	133400	133830	521164	207769	0
2021-07-05	135640	137380	134990	136660	591415	222168	0
2021-07-06	136700	138490	135780	137780	521371	228198	0
2021-07-07	137420	137480	133060	135260	664450	211718	0
2021-07-08	135430	137210	135150	136760	594632	206680	0
2021-07-09	136150	139900	135600	139550	714165	259708	0
2021-07-12	139350	140700	137610	138720	555473	235152	0
2021-07-13	138990	140690	138830	140140	543641	250304	0
2021-07-14	138360	140110	137740	139610	636893	231488	0
2021-07-15	139800	139810	136870	138760	624166	224750	0
2021-07-16	138990	143260	138380	141050	729848	238889	0
2021-07-19	141370	143400	140870	142080	575997	245695	0
2021-07-20	140220	140220	137170	138570	668278	215763	0
2021-07-21	138720	139570	136120	136550	513619	205780	0
2021-07-22	137130	139070	137110	138640	473852	198043	0
2021-07-23	139560	143700	139490	143020	648289	224088	0
2021-07-26	143270	146640	143040	145540	622311	242559	0
2021-07-27	145580	147860	144000	144630	662591	240163	0
2021-07-28	144830	148390	143860	146430	738969	244201	0
2021-07-29	146230	147570	145070	147350	569739	245737	0
2021-07-30	147400	148580	145200	146720	772696	232980	0
2021-08-02	146840	147630	143620	146090	742788	219908	0
2021-08-03	145830	145990	141690	142100	661008	206443	0
2021-08-04	142340	144010	142270	143350	619977	203060	0
2021-08-05	142940	144100	141690	142410	671153	202480	0
2021-08-06	143450	145330	143430	145000	604927	209225	0
2021-08-09	144350	144810	139520	140040	735805	206171	0
2021-08-10	139380	140160	137920	139950	545177	204720	0
2021-08-11	139410	141390	138990	140170	552857	201413	0
2021-08-12	141820	147110	141360	146370	849038	227540	0
2021-08-13	145780	147180	145190	146470	734232	236087	0
2021-08-16	146790	147550	145360	145880	762508	233324	0
2021-08-17	146100	147260	145100	145470	657282	222235	0
2021-08-18	144540	145050	141890	141910	815593	217920	0
2021-08-19	142000	142360	140200	140840	697163	209424	0
2021-08-20	138450	140890	137940	139580	839931	217942	0
2021-08-23	139510	142510	138290	141070	845930	216658	0
2021-08-24	141780	143120	140580	141780	699076	217746	0
2021-08-25	142370	144060	142070	143780	661188	228141	0
2021-08-26	144000	144490	141400	141420	670563	235626	0
2021-08-27	141550	142030	139420	141630	746177	232837	0
2021-08-30	141480	147420	141410	146880	780130	256526	0
2021-08-31	146930	149230	146590	148250	759821	279918	0
2021-09-01	148130	148530	146240	147580	765496	293043	0
2021-09-02	147670	147810	145420	146270	768964	262922	0
2021-09-03	144900	146870	144620	145060	767255	251643	0
2021-09-06	146400	148830	145080	145610	883487	249167	0
2021-09-07	145520	146820	144420	144710	689908	239136	0
2021-09-08	145660	148130	144350	147620	797623	255207	0
2021-09-09	147410	151890	146300	150200	894039	271804	0
2021-09-10	149960	154530	149790	152460	789511	275496	0
2021-09-13	152150	154360	148200	148370	866958	256974	0
2021-09-14	148730	148730	145730	145960	785352	230071	0
2021-09-15	147030	147260	144990	146240	720244	226403	0
2021-09-16	147390	149230	142330	144410	990344	220729	0
2021-09-17	145270	145270	142490	142830	669483	216953	0
2021-09-22	140870	144550	140500	143110	384829	216573	0
2021-09-23	143500	144990	142370	144380	750020	215775	0
2021-09-24	144480	146990	142300	144420	896149	205231	0
2021-09-27	144250	145970	140600	140820	841384	211355	0
2021-09-28	141240	142300	137980	138530	716059	218626	0
2021-09-29	139120	139830	138130	138950	615319	201844	0
2021-09-30	139300	139360	135480	137280	694418	185422	0
2021-10-08	137860	142670	137860	141310	353238	188638	0
2021-10-11	141610	145860	141560	145050	575769	196050	0
2021-10-12	144730	145700	142650	143680	601768	197396	0
2021-10-13	144410	145020	141330	142780	683974	197699	0
2021-10-14	143320	145750	140890	143770	747456	203323	0
2021-10-15	144090	146600	142940	146270	778627	205698	0
2021-10-18	147650	150970	146130	150180	825596	207074	0
2021-10-19	149730	150710	148580	150140	730730	208604	0
2021-10-20	151400	152480	146270	148550	871093	206532	0
2021-10-21	149090	160160	149000	154720	1293826	225131	0
2021-10-22	153580	155050	147640	150010	1096966	203967	0
2021-10-25	150340	150380	146010	148660	833428	194288	0
2021-10-26	149110	152440	149070	151550	759147	213623	0
2021-10-27	151240	151950	147200	147410	801814	199837	0
2021-10-28	146250	146430	142790	145370	868278	199997	0
2021-10-29	144500	146070	142730	143720	665255	191003	0
2021-11-01	142540	146750	142460	142770	662092	193519	0
2021-11-02	143900	145800	141310	143230	532166	203053	0
2021-11-03	144180	146310	142750	145490	557273	206746	0
2021-11-04	145140	145170	140830	142280	576511	210324	0
2021-11-05	142720	143140	139330	141520	479316	205002	0
2021-11-08	141340	144030	140840	141980	381550	230591	0
2021-11-09	142880	144720	142510	143940	302546	235136	0
2021-11-10	143770	143800	141260	142470	357681	247158	0
2021-11-11	142670	145770	141500	145380	389339	251916	0
2021-11-12	145040	146730	144640	145080	335150	254025	0
2021-11-15	145190	147570	144210	144280	391168	261954	0
2021-11-16	144910	145020	142370	142840	333221	249161	0
2021-11-17	142770	143090	141490	142300	311553	247188	0
2021-11-18	142410	142440	140220	140340	376923	269016	0
2021-11-19	140250	146620	139780	146340	481279	278013	0
2021-11-22	145620	147730	145380	147410	352711	280282	0
2021-11-23	147400	151750	147370	151070	486495	314823	0
2021-11-24	150940	152630	150130	152590	426608	314623	0
2021-11-25	154720	156220	152820	154330	664178	354446	0
2021-11-26	153400	153480	149500	149630	552788	320685	0
2021-11-29	147920	150600	146570	149000	564942	302734	0
2021-11-30	148560	149370	146830	147580	458673	281914	0
2021-12-01	148430	150050	147260	148860	406227	309596	0
2021-12-02	148990	149400	146810	147200	459303	294007	0
2021-12-03	147860	151450	147110	148710	477178	314894	0
2021-12-06	148410	149630	144520	145600	486786	307799	0
2021-12-07	146370	147240	145760	146710	255828	290413	0
2021-12-08	147380	149490	147300	148100	357501	297065	0
2021-12-09	148400	149080	145880	146060	355508	294974	0
2021-12-10	146080	146440	144740	145110	266010	289845	0
2021-12-13	145310	145580	143530	145060	327719	288654	0
2021-12-14	144800	144800	142050	142630	360155	299883	0
2021-12-15	143040	143410	141180	141180	315356	299779	0
2021-12-16	140600	143250	139920	142790	393547	289039	0
2021-12-17	143160	145740	143020	145170	348212	273082	0
2021-12-20	145620	146490	141790	141940	396625	270699	0
2021-12-21	142160	144520	141750	143760	278229	258502	0
2021-12-22	144280	145660	143880	145420	269064	268174	0
2021-12-23	146120	148650	145890	148630	314701	276347	0
2021-12-24	147830	148490	147340	148430	248645	271968	0
2021-12-27	149070	149140	146930	147660	364878	279298	0
2021-12-28	147800	149550	147380	148780	305366	274376	0
2021-12-29	148470	149340	146310	148960	331191	282491	0
2021-12-30	149010	150910	148710	150040	371980	288831	0
2021-12-31	150580	151700	150040	151540	319153	296290	0
2022-01-04	151850	152960	150070	152110	207051	295153	0
2022-01-05	151290	154530	150810	151790	422433	308473	0
2022-01-06	152110	152250	149560	149590	295986	292547	0
2022-01-07	149890	152950	148950	151910	348792	303254	0
2022-01-10	151860	154410	151500	154070	342045	315832	0
2022-01-11	153860	159050	152600	158000	527940	367254	0
2022-01-12	157850	162190	157660	161450	469965	356574	0
2022-01-13	162000	164730	160190	161140	571155	370257	0
2022-01-14	162060	166270	161230	166230	558846	371284	0
2022-01-17	164670	164740	160130	161940	616584	347970	0
2022-01-18	161370	164350	160980	163390	486487	339667	0
2022-01-19	162790	164270	160600	162890	517192	334103	0
2022-01-20	164080	175500	164080	175500	733232	366636	0
2022-01-21	173920	177520	172730	176110	742198	344655	0
2022-01-24	175820	180090	172330	172890	892743	356056	0
2022-01-25	170330	170860	162670	162690	784815	320038	0
2022-01-26	162920	166070	161690	164650	619344	300534	0
2022-01-27	166200	167370	163170	163170	362569	273207	0
2022-01-28	165180	165380	162510	162640	340554	250607	0
2022-02-07	166610	172690	165720	169170	256657	252655	0
2022-02-08	168850	174070	168850	170780	304633	253514	0
2022-02-09	170030	171840	164760	168480	361557	259753	0
2022-02-10	169840	173040	169250	172140	288908	256553	0
2022-02-11	173730	174240	169190	170350	383426	269272	0
2022-02-14	170890	175560	168140	174400	416484	268598	0
2022-02-15	173110	173110	166950	170730	450003	272468	0
2022-02-16	170950	172160	169700	171360	295969	256073	0
2022-02-17	171630	172610	169910	171040	314389	262715	0
2022-02-18	172740	176210	172440	175580	413499	282555	0
2022-02-21	175460	178280	173800	177370	396061	290325	0
2022-02-22	176440	179140	175920	178230	404369	303431	0
2022-02-23	178700	179240	174390	174990	510237	311071	0
2022-02-24	175610	181270	174030	178820	499172	313630	0
2022-02-25	180670	183790	172100	173600	637336	306799	0
2022-02-28	173820	178560	171450	176630	461065	276987	0
2022-03-01	175880	176210	173120	174800	313836	265736	0
2022-03-02	176950	179440	176630	178940	348286	281055	0
2022-03-03	180240	189270	176660	186840	444118	285984	0
2022-03-04	188750	190600	183810	185640	495812	289843	0
2022-03-07	187810	209410	187660	209380	690737	298044	0
2022-03-08	226780	226780	226640	226700	29622	279883	0
2022-03-09	264620	265290	264300	265250	127306	215215	0
2022-03-11	220020	220040	218910	219010	43029	217774	0
2022-03-14	191490	217230	191360	210800	470043	166978	0
2022-03-15	209910	226060	207940	212870	302870	149628	0
2022-03-16	210210	232150	210050	231120	276931	146465	0
2022-03-17	224220	226220	213710	215010	221978	139195	0
2022-03-18	217620	219770	212070	215210	161450	132767	0
2022-03-21	211730	215600	201340	201980	184261	137485	0
2022-03-22	200020	206150	198610	202760	152778	134372	0
2022-03-23	204980	210250	203740	207810	182887	129637	0
2022-03-24	228190	240910	222650	240900	128755	118328	0
2022-03-25	276120	276170	242220	260040	376089	118287	0
2022-03-28	241980	247940	215150	222690	353632	109354	0
2022-03-29	223100	226670	214950	222040	212781	98169	0
2022-03-30	213270	229110	212390	228680	239254	97948	0
2022-03-31	225900	227390	213070	216590	219209	89620	0
2022-04-01	219940	221500	215080	216640	138739	81305	0
2022-04-06	219680	223090	214230	221750	83346	78840	0
2022-04-07	220170	220830	211730	212250	136699	87043	0
2022-04-08	214370	219280	213380	216780	107824	80020	0
2022-04-11	215880	216010	205780	209670	128409	89246	0
2022-04-12	208690	211990	204700	211250	106583	81081	0
2022-04-13	210880	224730	210800	219400	148919	90656	0
2022-04-14	219870	222910	216320	221890	114496	86367	0
2022-04-15	222740	228850	222450	227430	121830	90888	0
2022-04-18	226950	233960	226120	230160	122211	89091	0
2022-04-19	232190	243710	231190	237650	159145	93359	0
2022-04-20	236310	241440	230140	231300	147093	93767	0
2022-04-21	232140	235150	230280	233150	100853	89461	0
2022-04-22	234430	238300	233870	235470	96042	90219	0
2022-04-25	236440	236660	216850	218070	181248	91061	0
2022-04-26	214890	220690	210260	219370	139597	84432	0
2022-04-27	219600	228320	219540	226630	130436	86457	0
2022-04-28	227140	228750	223530	225840	105978	79700	0
2022-04-29	225970	231360	221820	230010	118552	78921	0
2022-05-05	225680	225680	216530	221170	63716	73327	0
2022-05-06	219090	219090	209800	212130	116927	83458	0
2022-05-09	207190	212140	203940	207320	134763	86656	0
2022-05-10	197080	201570	193990	200210	143276	89500	0
2022-05-11	199340	205530	195570	203650	117931	88663	0
2022-05-12	200080	206040	196600	198080	128712	92680	0
2022-05-13	197760	204200	192160	200900	160015	95262	0
2022-05-16	198540	201640	193880	199130	138660	95594	0
2022-05-17	195570	200300	195010	200140	126904	96610	0
2022-05-18	199630	201660	195910	196560	100979	92745	0
数据来源:通达信
