NRL9 20号胶指数 日线 前复权
      日期	    开盘	    最高	    最低	    收盘	    成交量	    持仓量	    结算价
2019-08-13	9835	9960	9820	9875	20318	21170	0
2019-08-14	9815	10235	9815	10015	39110	26596	0
2019-08-15	9975	9995	9875	9890	13162	26844	0
2019-08-16	9890	9960	9865	9900	10904	26548	0
2019-08-19	9930	10105	9910	10055	14138	29534	0
2019-08-20	10030	10060	9970	10000	5774	29202	0
2019-08-21	10000	10000	9865	9915	9750	28026	0
2019-08-22	9920	9950	9845	9935	3988	27398	0
2019-08-23	9915	9925	9805	9845	7088	25708	0
2019-08-26	9820	9960	9730	9940	11032	25556	0
2019-08-27	9930	10000	9895	9930	5182	25994	0
2019-08-28	9970	10115	9895	9995	15026	28642	0
2019-08-29	10005	10055	9935	9970	4486	29050	0
2019-08-30	10005	10105	9975	10090	7906	28814	0
2019-09-02	10075	10220	10025	10075	13612	28712	0
2019-09-03	10070	10170	10040	10165	5860	29106	0
2019-09-04	10105	10500	10095	10425	21602	30620	0
2019-09-05	10395	10480	10255	10335	8102	31118	0
2019-09-06	10360	10425	10195	10220	10868	31256	0
2019-09-09	10260	10330	10150	10295	5126	31608	0
2019-09-10	10305	10340	10190	10300	4766	31468	0
2019-09-11	10285	10295	10190	10255	4936	31678	0
2019-09-12	10235	10280	10155	10175	4566	31856	0
2019-09-16	10250	10390	10235	10290	5230	31568	0
2019-09-17	10280	10445	10245	10290	6386	31782	0
2019-09-18	10265	10280	10100	10180	7788	30212	0
2019-09-19	10170	10225	10115	10140	2944	29834	0
2019-09-20	10155	10155	10060	10130	4926	29032	0
2019-09-23	10125	10300	10115	10245	5722	29466	0
2019-09-24	10245	10270	10140	10140	2182	28980	0
2019-09-25	10155	10155	10040	10060	6924	27222	0
2019-09-26	10055	10095	9950	9950	6508	27358	0
2019-09-27	9965	9975	9740	9820	16908	29172	0
2019-09-30	9820	9915	9780	9785	5632	29804	0
2019-10-08	9785	9815	9685	9730	7862	32624	0
2019-10-09	9740	9830	9740	9810	6314	34138	0
2019-10-10	9810	9915	9755	9905	6840	35212	0
2019-10-11	9865	9895	9825	9895	9746	35576	0
2019-10-14	9875	9995	9835	9995	6888	36180	0
2019-10-15	9965	9980	9850	9855	4766	36832	0
2019-10-16	9885	9940	9830	9850	5464	38016	0
2019-10-17	9870	9975	9845	9880	6514	39090	0
2019-10-18	9910	10095	9905	10020	8362	40762	0
2019-10-21	10020	10025	9945	9995	5152	41306	0
2019-10-22	10000	10160	9985	10060	15366	44272	0
2019-10-23	10065	10180	10040	10050	10518	44936	0
2019-10-24	9975	10075	9960	10020	7346	44226	0
2019-10-25	10015	10070	9970	10015	10098	42364	0
2019-10-28	10015	10120	9900	9965	23372	56122	0
2019-10-29	9970	10030	9945	10000	9154	58386	0
2019-10-30	9980	10150	9975	10145	19866	64428	0
2019-10-31	10140	10235	10080	10150	20596	68224	0
2019-11-01	10130	10145	10010	10110	17830	69160	0
2019-11-04	10075	10130	10035	10065	12888	67574	0
2019-11-05	10070	10295	10070	10280	23590	67064	0
2019-11-06	10230	10335	10210	10235	11592	67136	0
2019-11-07	10235	10315	10170	10210	17886	69644	0
2019-11-08	10245	10300	10140	10250	28758	76344	0
2019-11-11	10230	10325	10210	10215	14908	78440	0
2019-11-12	10225	10400	10145	10390	24396	83586	0
2019-11-13	10350	10415	10275	10315	17958	82756	0
2019-11-14	10315	10470	10285	10460	23024	92520	0
2019-11-15	10460	10465	10205	10205	21068	93266	0
2019-11-18	10240	10410	10200	10395	15184	94202	0
2019-11-19	10365	10410	10290	10365	19744	91298	0
2019-11-20	10370	10840	10345	10770	37934	91766	0
2019-11-21	10750	10840	10685	10795	39898	94138	0
2019-11-22	10795	11090	10775	10840	50616	90172	0
2019-11-25	10850	11090	10635	10960	51142	86640	0
2019-11-26	10980	11035	10700	10830	46248	98096	0
2019-11-27	10860	10925	10745	10785	37242	101472	0
2019-11-28	10795	10855	10745	10800	26234	103946	0
2019-11-29	10790	10795	10645	10655	28886	104826	0
2019-12-02	10635	10830	10620	10700	24334	106564	0
2019-12-03	10705	10870	10630	10825	24712	108726	0
2019-12-04	10810	10930	10710	10925	27314	109168	0
2019-12-05	10885	11270	10865	11225	56254	110430	0
2019-12-06	11165	11360	11155	11350	44328	113120	0
2019-12-09	11375	11475	11195	11245	38640	110714	0
2019-12-10	11240	11400	11200	11255	42242	110370	0
2019-12-11	11235	11325	11105	11325	30166	110254	0
2019-12-12	11305	11360	11205	11305	26886	109524	0
2019-12-13	11275	11455	11065	11090	61108	105218	0
2019-12-16	11115	11220	10990	11035	46070	103974	0
2019-12-17	11030	11225	11025	11190	30830	103792	0
2019-12-18	11225	11225	10985	11000	21564	102930	0
2019-12-19	11010	11030	10690	10775	35716	100138	0
2019-12-20	10780	10915	10775	10835	25142	96318	0
2019-12-23	10835	10880	10690	10735	34084	91906	0
2019-12-24	10715	10845	10715	10810	14186	90158	0
2019-12-25	10815	10880	10775	10805	23588	89238	0
2019-12-26	10805	10805	10615	10770	28418	85958	0
2019-12-27	10785	10860	10765	10815	27870	84546	0
2019-12-30	10775	11010	10760	10855	36702	85604	0
2019-12-31	10865	10920	10795	10840	19582	84990	0
2020-01-02	10840	10975	10610	10640	17095	42802	0
2020-01-03	10655	10760	10630	10655	11004	42616	0
2020-01-06	10650	10945	10650	10910	20501	42666	0
2020-01-07	10875	11000	10835	10985	19935	42089	0
2020-01-08	10990	11060	10890	11040	20071	40863	0
2020-01-09	11020	11050	10800	10815	19874	39585	0
2020-01-10	10840	10925	10815	10910	10025	39986	0
2020-01-13	10905	11150	10895	11135	19144	39915	0
2020-01-14	11125	11170	10915	11005	19884	39897	0
2020-01-15	11035	11095	10885	11020	20986	39108	0
2020-01-16	11005	11045	10895	10975	16107	37988	0
2020-01-17	10990	11160	10925	10950	22504	38098	0
2020-01-20	10965	11010	10780	10790	19751	36781	0
2020-01-21	10790	10845	10500	10540	22625	34672	0
2020-01-22	10570	10610	10060	10345	26249	31795	0
2020-01-23	10405	10430	10110	10130	14327	31401	0
2020-02-03	9565	9685	9335	9340	5495	29955	0
2020-02-04	8565	9295	8390	9275	16328	29209	0
2020-02-05	9125	9535	9125	9440	23560	30931	0
2020-02-06	9490	9630	9440	9620	17245	32574	0
2020-02-07	9555	9650	9505	9545	15889	33031	0
2020-02-10	9550	9600	9485	9545	16882	32566	0
2020-02-11	9580	9685	9565	9645	20899	32119	0
2020-02-12	9675	9690	9540	9665	19245	31878	0
2020-02-13	9655	9715	9600	9635	14044	31876	0
2020-02-14	9670	9675	9555	9660	13389	31093	0
2020-02-17	9695	9885	9655	9870	10478	30345	0
2020-02-18	9850	9900	9745	9790	11663	29270	0
2020-02-19	9780	9815	9735	9760	6312	28862	0
2020-02-20	9805	9850	9690	9825	10223	28820	0
2020-02-21	9805	9940	9805	9875	11303	28114	0
2020-02-24	9870	9870	9525	9605	15968	26441	0
2020-02-25	9565	9795	9445	9750	11522	25385	0
2020-02-26	9655	9700	9565	9575	12531	27345	0
2020-02-27	9615	9630	9500	9525	7995	26511	0
2020-02-28	9455	9455	8945	8960	21930	29828	0
2020-03-02	8870	9420	8870	9345	15191	30078	0
2020-03-03	9520	9665	9275	9330	10650	29474	0
2020-03-04	9235	9385	9235	9355	7497	28818	0
2020-03-05	9370	9440	9350	9365	8978	28030	0
2020-03-06	9345	9345	9160	9190	6359	28279	0
2020-03-09	8895	8895	8575	8655	14005	29343	0
2020-03-10	8790	9055	8770	8980	10590	29058	0
2020-03-11	8910	9065	8835	8865	5742	28543	0
2020-03-12	8955	8955	8640	8805	9140	28787	0
2020-03-13	8700	8935	8510	8910	11910	29879	0
2020-03-16	8765	8850	8640	8660	8039	28931	0
2020-03-17	8630	8780	8540	8650	9678	27331	0
2020-03-18	8720	8825	8320	8375	10711	27207	0
2020-03-19	8380	8415	7910	8115	15496	26342	0
2020-03-20	8175	8390	8095	8230	9593	25328	0
2020-03-23	8045	8045	7775	7820	7842	24759	0
2020-03-24	7975	8050	7780	7950	8928	22805	0
2020-03-25	8030	8105	7940	8085	6676	19954	0
2020-03-26	7925	8165	7905	8005	11266	24131	0
2020-03-27	8035	8110	7870	7885	6977	25358	0
2020-03-30	7855	7855	7585	7655	7017	25877	0
2020-03-31	7665	7855	7665	7790	10220	23312	0
2020-04-01	7765	7835	7455	7605	7928	22603	0
2020-04-02	7640	7765	7455	7730	8389	21927	0
2020-04-03	7725	7850	7600	7700	6871	21946	0
2020-04-07	7820	7920	7800	7845	5531	21835	0
2020-04-08	7850	8320	7740	8235	15431	23895	0
2020-04-09	8115	8285	8080	8240	9863	24076	0
2020-04-10	8145	8330	8080	8330	7272	24354	0
2020-04-13	8435	8435	8030	8080	8666	24447	0
2020-04-14	8185	8275	8115	8220	8077	24674	0
2020-04-15	8200	8270	8145	8160	6756	24807	0
2020-04-16	8200	8240	7985	8020	5725	23283	0
2020-04-17	8145	8250	8095	8195	7708	22110	0
2020-04-20	8160	8420	8100	8345	6748	22062	0
2020-04-21	8280	8325	7940	8000	7924	21510	0
2020-04-22	7940	7955	7775	7925	8781	21395	0
2020-04-23	7965	8195	7965	8150	10243	18841	0
2020-04-24	8215	8215	8090	8150	6508	15932	0
2020-04-27	8060	8260	8040	8135	14426	18984	0
2020-04-28	8125	8145	7960	8065	7589	19871	0
2020-04-29	8105	8165	7980	8020	5435	19323	0
2020-04-30	8065	8170	8065	8105	8740	17377	0
2020-05-06	8160	8420	8100	8375	8274	20170	0
2020-05-07	8300	8585	8300	8480	12500	21932	0
2020-05-08	8525	8595	8350	8400	8649	23007	0
2020-05-11	8415	8585	8345	8440	11185	24460	0
2020-05-12	8405	8490	8240	8295	9224	24444	0
2020-05-13	8340	8370	8170	8350	6816	24599	0
2020-05-14	8360	8365	8150	8200	5746	24882	0
2020-05-15	8200	8395	8185	8340	5858	25010	0
2020-05-18	8330	8435	8260	8300	5994	23556	0
2020-05-19	8360	8590	8350	8420	9606	23138	0
2020-05-20	8450	8565	8410	8530	7732	23786	0
2020-05-21	8530	8670	8450	8500	7430	23477	0
2020-05-22	8510	8530	8265	8285	12031	18273	0
2020-05-25	8315	8400	8290	8360	5645	16256	0
2020-05-26	8360	8515	8350	8485	12441	17126	0
2020-05-27	8510	8525	8405	8475	7649	19842	0
2020-05-28	8480	8580	8385	8560	11232	22819	0
2020-05-29	8555	8580	8435	8445	10679	24116	0
2020-06-01	8450	8710	8415	8695	13610	26320	0
2020-06-02	8690	8800	8640	8660	7594	26525	0
2020-06-03	8720	8780	8690	8755	5460	27586	0
2020-06-04	8730	8755	8600	8650	8172	29206	0
2020-06-05	8670	9020	8650	9015	10611	30851	0
2020-06-08	9020	9070	8910	8955	7437	31233	0
2020-06-09	8980	9020	8895	9015	9583	31411	0
2020-06-10	8965	8995	8905	8915	5698	31497	0
2020-06-11	8955	9035	8815	8875	7327	31660	0
2020-06-12	8825	8845	8630	8740	7293	31936	0
2020-06-15	8760	8795	8570	8580	7793	32704	0
2020-06-16	8610	8745	8605	8705	4610	31586	0
2020-06-17	8700	8735	8600	8665	4816	31683	0
2020-06-18	8695	8700	8625	8680	4875	31554	0
2020-06-19	8675	8825	8650	8820	5634	31531	0
2020-06-22	8820	8855	8685	8725	7219	30926	0
2020-06-23	8745	8800	8690	8785	6332	29579	0
2020-06-24	8795	8800	8720	8720	10760	22056	0
2020-06-29	8655	8670	8445	8465	10166	24162	0
2020-06-30	8510	8645	8505	8610	9206	26034	0
2020-07-01	8595	8665	8575	8640	6619	26847	0
2020-07-02	8610	8785	8600	8740	9121	30353	0
2020-07-03	8765	8880	8755	8880	9053	32772	0
2020-07-06	8850	9010	8785	8995	10515	34290	0
2020-07-07	8970	9070	8885	8915	11052	35393	0
2020-07-08	8945	9015	8890	8930	11318	35746	0
2020-07-09	8935	9065	8860	8865	11255	36831	0
2020-07-10	8920	8950	8680	8710	9459	37098	0
2020-07-13	8740	8895	8725	8840	7600	37474	0
2020-07-14	8815	8895	8735	8815	7503	37778	0
2020-07-15	8790	8915	8765	8840	5977	38035	0
2020-07-16	8855	8965	8615	8640	13342	37602	0
2020-07-17	8690	8735	8660	8660	10614	38488	0
2020-07-20	8685	8715	8580	8605	10727	39522	0
2020-07-21	8655	8775	8630	8745	9911	39879	0
2020-07-22	8775	8820	8675	8700	14051	39843	0
2020-07-23	8680	8680	8570	8610	9601	39889	0
2020-07-24	8630	8765	8585	8605	19052	36887	0
2020-07-27	8620	8795	8620	8755	8244	37516	0
2020-07-28	8750	8855	8715	8830	9812	35638	0
2020-07-29	8820	8990	8775	8985	12128	34231	0
2020-07-30	8960	9240	8945	9035	21585	35734	0
2020-07-31	9050	9060	8810	8965	11162	36216	0
2020-08-03	8975	9055	8925	9055	7984	36603	0
2020-08-04	9055	9115	8970	8995	12545	38712	0
2020-08-05	9010	9070	8950	9040	8848	39316	0
2020-08-06	9115	9525	9060	9515	17184	41609	0
2020-08-07	9485	9770	9455	9755	30958	47869	0
2020-08-10	9690	9775	9350	9555	35640	45680	0
2020-08-11	9590	9645	9250	9300	18895	44310	0
2020-08-12	9345	9415	9160	9325	19102	43733	0
2020-08-13	9360	9400	9235	9265	8773	44164	0
2020-08-14	9285	9430	9250	9405	13857	44552	0
2020-08-17	9445	9550	9340	9440	12835	44437	0
2020-08-18	9465	9560	9430	9470	11379	43493	0
2020-08-19	9465	9530	9415	9440	16824	42095	0
2020-08-20	9485	9495	9325	9430	24727	41267	0
2020-08-21	9430	9485	9320	9400	14902	40611	0
2020-08-24	9375	9640	9305	9640	24318	41983	0
2020-08-25	9650	9700	9515	9540	20727	41400	0
2020-08-26	9575	9650	9510	9570	16437	38374	0
2020-08-27	9610	9850	9595	9660	21950	39221	0
2020-08-28	9700	9745	9585	9715	12761	39422	0
2020-08-31	9750	9985	9735	9870	19123	41942	0
2020-09-01	9870	9930	9795	9900	12442	41676	0
2020-09-02	9895	10010	9825	9875	13785	42454	0
2020-09-03	9825	9825	9615	9635	16610	42603	0
2020-09-04	9645	9700	9465	9640	15000	43853	0
2020-09-07	9615	9670	9460	9500	15176	43763	0
2020-09-08	9515	9620	9495	9515	9717	43129	0
2020-09-09	9380	9465	9165	9200	18641	42956	0
2020-09-10	9240	9345	9240	9260	10358	43117	0
2020-09-11	9265	9330	9225	9255	8561	43357	0
2020-09-14	9265	9415	9265	9375	8797	43450	0
2020-09-15	9380	9495	9370	9415	10851	43503	0
2020-09-16	9420	9570	9365	9535	10726	42842	0
2020-09-17	9525	9525	9345	9385	10900	43692	0
2020-09-18	9405	9560	9325	9535	12781	43672	0
2020-09-21	9505	9650	9450	9545	13110	43670	0
2020-09-22	9510	9520	9185	9340	16252	43360	0
2020-09-23	9370	9435	9235	9370	16187	40857	0
2020-09-24	9380	9515	9355	9455	17807	38323	0
2020-09-25	9435	9940	9405	9660	35305	36102	0
2020-09-28	9655	9725	9565	9690	18923	34397	0
2020-09-29	9690	9705	9510	9570	16249	33101	0
2020-09-30	9615	9625	9375	9380	14169	32955	0
2020-10-09	9545	9735	9545	9685	13776	34281	0
2020-10-12	9705	10105	9680	10035	21715	36209	0
2020-10-13	10015	10140	9915	10030	16796	38848	0
2020-10-14	10055	10285	10045	10215	22714	41039	0
2020-10-15	10240	10340	10090	10145	22003	43847	0
2020-10-16	10075	10450	9990	10170	38135	45276	0
2020-10-19	10200	10640	9990	10235	57253	46502	0
2020-10-20	10215	10825	10120	10775	49667	48535	0
2020-10-21	10775	11005	10575	10720	64280	49157	0
2020-10-22	10800	11090	10670	10895	66090	48993	0
2020-10-23	10940	11075	10855	10925	51406	47725	0
2020-10-26	11010	11620	10945	11350	60591	42650	0
2020-10-27	11565	11850	11495	11715	68896	45118	0
2020-10-28	11810	12235	11795	12150	83784	46013	0
2020-10-29	11965	12095	11295	11295	84273	47882	0
2020-10-30	11035	11585	10885	10890	87317	46962	0
2020-11-02	10970	11150	10440	10530	86132	51242	0
2020-11-03	10530	10770	10495	10545	66967	52843	0
2020-11-04	10575	10865	10410	10605	69411	53251	0
2020-11-05	10660	10770	10390	10500	46290	54362	0
2020-11-06	10690	10695	10435	10455	35799	53256	0
2020-11-09	10485	10555	10085	10315	61951	51245	0
2020-11-10	10480	10630	10295	10370	48063	52385	0
2020-11-11	10375	10695	10345	10645	35580	53265	0
2020-11-12	10640	10850	10540	10840	31216	53740	0
2020-11-13	10770	10870	10580	10650	33930	53301	0
2020-11-16	10640	10795	10610	10730	21678	53315	0
2020-11-17	10785	10800	10445	10505	24008	53038	0
2020-11-18	10515	10525	10335	10450	19284	53080	0
2020-11-19	10460	10625	10415	10550	19441	52269	0
2020-11-20	10500	10630	10400	10425	17391	51400	0
2020-11-23	10475	10720	10455	10685	19513	50405	0
2020-11-24	10670	10765	10460	10750	24159	48631	0
2020-11-25	10725	10890	10650	10765	26276	45375	0
2020-11-26	10765	10845	10640	10680	23337	44075	0
2020-11-27	10705	11350	10685	11320	38681	45632	0
2020-11-30	11250	11350	10985	11020	33545	45798	0
2020-12-01	11105	11260	11025	11130	22188	45791	0
2020-12-02	11175	11475	11085	11385	30738	46871	0
2020-12-03	11400	11405	11085	11120	29014	46126	0
2020-12-04	11155	11205	10580	10740	38521	46838	0
2020-12-07	10800	11010	10730	10775	27142	47183	0
2020-12-08	10695	10870	10530	10540	19954	48064	0
2020-12-09	10540	10575	10285	10300	31449	50898	0
2020-12-10	10355	10515	10255	10285	19611	50224	0
2020-12-11	10260	10560	10250	10490	22288	50461	0
2020-12-14	10455	10785	10395	10640	24178	50742	0
2020-12-15	10615	10630	10445	10545	14757	49487	0
2020-12-16	10585	10710	10380	10410	19604	48467	0
2020-12-17	10470	10695	10445	10610	23292	48478	0
2020-12-18	10570	10860	10540	10850	25496	48290	0
2020-12-21	10825	11135	10745	10950	35782	48044	0
2020-12-22	10660	10770	10180	10180	39542	47698	0
2020-12-23	10305	10415	10190	10370	29301	47831	0
2020-12-24	10395	10570	10320	10435	25476	46628	0
2020-12-25	10430	10620	10380	10455	21628	44592	0
2020-12-28	10425	10480	10100	10255	32758	45363	0
2020-12-29	10315	10390	10010	10050	31070	43859	0
2020-12-30	10075	10200	9930	10145	28190	43461	0
2020-12-31	10125	10375	10045	10320	19731	44025	0
2021-01-04	10395	10745	10395	10690	20161	44791	0
2021-01-05	10645	10715	10455	10710	22587	44771	0
2021-01-06	10770	10825	10555	10730	21939	46098	0
2021-01-07	10655	11125	10490	11045	34426	48033	0
2021-01-08	11015	11095	10840	11020	19408	48633	0
2021-01-11	10975	11210	10360	10480	36631	49276	0
2021-01-12	10540	10650	10380	10570	21774	49684	0
2021-01-13	10660	10735	10520	10710	25667	50177	0
2021-01-14	10645	10755	10465	10695	26767	50644	0
2021-01-15	10685	11120	10680	10985	29508	51790	0
2021-01-18	10970	11210	10860	11065	27756	51252	0
2021-01-19	10965	11050	10780	10885	23849	51040	0
2021-01-20	10935	11040	10805	10895	19848	50379	0
2021-01-21	10890	11210	10790	10945	27868	50819	0
2021-01-22	10940	10990	10605	10695	30108	49028	0
2021-01-25	10615	10780	10530	10565	25478	48120	0
2021-01-26	10635	10790	10490	10490	41022	47112	0
2021-01-27	10540	10760	10515	10695	24502	47250	0
2021-01-28	10655	10680	10400	10550	24354	47601	0
2021-01-29	10650	10785	10645	10755	29765	49457	0
2021-02-01	10755	10930	10755	10860	36399	51586	0
2021-02-02	10870	10950	10615	10695	36973	52796	0
2021-02-03	10735	10760	10540	10550	30616	54031	0
2021-02-04	10625	10870	10550	10845	33931	54421	0
2021-02-05	10830	11005	10795	10940	38956	55640	0
2021-02-08	10915	11170	10855	10955	37926	55161	0
2021-02-09	10980	11145	10845	11045	33592	54250	0
2021-02-10	10970	10985	10680	10840	30856	52792	0
2021-02-18	11215	11470	11025	11185	40084	52380	0
2021-02-19	11245	11665	11230	11625	59593	56119	0
2021-02-22	11560	12130	11525	11815	71585	58252	0
2021-02-23	11805	12380	11705	12030	64716	55998	0
2021-02-24	12000	12285	11865	12210	57975	54840	0
2021-02-25	12435	13080	12435	13070	48647	56630	0
2021-02-26	13105	13135	12025	12040	92605	52765	0
2021-03-01	11990	12205	11685	11935	67129	52363	0
2021-03-02	11995	12130	11430	11630	45740	52304	0
2021-03-03	11760	11840	11575	11805	31358	52519	0
2021-03-04	11905	12000	11560	11700	43790	53506	0
2021-03-05	11690	11980	11520	11930	48935	55328	0
2021-03-08	12045	12425	11740	11785	51714	55900	0
2021-03-09	11820	12040	11705	11720	43036	55361	0
2021-03-10	11770	12245	11650	12215	53388	57757	0
2021-03-11	12195	12215	11765	12180	46747	58311	0
2021-03-12	12210	12335	12030	12065	37845	58674	0
2021-03-15	12010	12250	11820	11925	39133	56968	0
2021-03-16	11945	12100	11845	11940	33364	55430	0
2021-03-17	11940	12295	11890	12235	38826	56237	0
2021-03-18	12175	12525	12145	12225	41990	57318	0
2021-03-19	12210	12355	11635	11695	58263	54897	0
2021-03-22	11785	11980	11775	11895	33603	54509	0
2021-03-23	11885	11915	11600	11750	30876	53565	0
2021-03-24	11600	11635	11240	11605	39564	53122	0
2021-03-25	11640	11660	11325	11370	22819	53340	0
2021-03-26	11255	11360	11105	11335	37972	49842	0
2021-03-29	11355	11405	11110	11205	42070	51526	0
2021-03-30	11225	11290	11050	11195	35074	52312	0
2021-03-31	11195	11200	10665	10875	39301	52856	0
2021-04-01	10940	11120	10885	11070	26015	53092	0
2021-04-02	11060	11415	11045	11290	28513	53727	0
2021-04-06	11235	11300	11165	11235	12804	54171	0
2021-04-07	11320	11485	11185	11245	22513	54602	0
2021-04-08	11280	11300	10935	11010	21683	55151	0
2021-04-09	11040	11100	10810	10860	23627	55187	0
2021-04-12	10855	10900	10380	10520	35958	56577	0
2021-04-13	10580	10645	10405	10610	20179	56126	0
2021-04-14	10610	10745	10530	10680	21136	55685	0
2021-04-15	10705	10900	10665	10900	27765	56795	0
2021-04-16	10840	11060	10800	10915	28073	56008	0
2021-04-19	10920	10930	10530	10885	32215	56416	0
2021-04-20	10880	11100	10835	11060	33170	55343	0
2021-04-21	11030	11085	10910	11055	21807	55409	0
2021-04-22	11015	11245	10950	11115	28379	55315	0
2021-04-23	11125	11285	11075	11285	27988	54530	0
2021-04-26	11270	11365	10995	11085	45804	50339	0
2021-04-27	11060	11100	10875	11070	38617	49601	0
2021-04-28	11085	11210	10965	11195	26248	49485	0
2021-04-29	11260	11385	11220	11275	33124	48422	0
2021-04-30	11305	11365	11040	11215	30179	47183	0
2021-05-06	11295	11585	11295	11575	26106	48431	0
2021-05-07	11675	11860	11605	11655	35719	51281	0
2021-05-10	11610	11880	11495	11745	45084	53064	0
2021-05-11	11685	11695	11350	11430	42708	53493	0
2021-05-12	11425	11575	11290	11545	28008	53304	0
2021-05-13	11450	11630	11035	11070	47194	54051	0
2021-05-14	11095	11110	10515	10770	52159	51230	0
2021-05-17	10890	10925	10780	10895	26808	51103	0
2021-05-18	10870	10900	10745	10825	21558	51304	0
2021-05-19	10840	10840	10620	10725	26620	51492	0
2021-05-20	10580	10880	10485	10855	30807	51986	0
2021-05-21	10795	11185	10705	11105	33948	51626	0
2021-05-24	11115	11240	10945	11125	33210	50414	0
2021-05-25	11175	11230	11080	11210	21932	49125	0
2021-05-26	11315	11350	11145	11290	35638	43998	0
2021-05-27	11300	11330	11140	11185	34539	41951	0
2021-05-28	11195	11445	11120	11150	30433	43207	0
2021-05-31	11145	11215	10845	10945	27837	43520	0
2021-06-01	10935	10935	10805	10900	23309	44152	0
2021-06-02	10920	10945	10580	10685	32370	46079	0
2021-06-03	10700	10905	10675	10900	27565	46676	0
2021-06-04	10845	10945	10615	10885	24068	46857	0
2021-06-07	10935	10965	10660	10700	26166	48076	0
2021-06-08	10705	10780	10490	10730	33000	48528	0
2021-06-09	10745	10850	10705	10770	20403	47402	0
2021-06-10	10715	10780	10500	10500	23547	48662	0
2021-06-11	10570	10610	10345	10490	29386	48310	0
2021-06-15	10520	10525	10255	10445	22744	48698	0
2021-06-16	10505	10605	10475	10560	18600	47272	0
2021-06-17	10585	10685	10505	10570	19948	47284	0
2021-06-18	10550	10645	10305	10540	32288	47720	0
2021-06-21	10570	10605	10315	10340	25241	49682	0
2021-06-22	10330	10440	10305	10360	25131	49304	0
2021-06-23	10335	10720	10320	10635	31871	47206	0
2021-06-24	10615	10760	10615	10735	20017	46643	0
2021-06-25	10740	10890	10730	10870	33230	43705	0
2021-06-28	10850	10875	10755	10860	40558	33405	0
2021-06-29	10850	10865	10535	10575	36762	31379	0
2021-06-30	10605	10625	10390	10460	22864	32624	0
2021-07-01	10415	10440	10210	10265	30557	35474	0
2021-07-02	10290	10350	10210	10295	25782	35947	0
2021-07-05	10335	10690	10325	10685	33791	33647	0
2021-07-06	10650	10865	10605	10830	24341	32560	0
2021-07-07	10785	10885	10615	10825	24461	32310	0
2021-07-08	10785	10830	10650	10730	19454	32382	0
2021-07-09	10775	10950	10600	10670	24744	32316	0
2021-07-12	10690	10885	10620	10685	18695	31799	0
2021-07-13	10635	10650	10525	10635	14348	32012	0
2021-07-14	10600	10645	10470	10635	12045	32140	0
2021-07-15	10715	10835	10580	10790	18711	31871	0
2021-07-16	10775	11000	10740	10945	19839	32491	0
2021-07-19	10885	11060	10880	10925	16525	33106	0
2021-07-20	10795	10795	10345	10380	36007	32592	0
2021-07-21	10465	10615	10430	10560	15425	30878	0
2021-07-22	10595	10730	10595	10665	9633	30062	0
2021-07-23	10740	10885	10690	10810	15325	30268	0
2021-07-26	10860	10930	10775	10840	16834	30205	0
2021-07-27	10895	11025	10795	10845	21483	29662	0
2021-07-28	10835	10975	10745	10925	18898	29215	0
2021-07-29	10940	11075	10870	11070	15020	29822	0
2021-07-30	11145	11245	11095	11180	24033	31230	0
2021-08-02	11060	11305	10985	11260	24148	31602	0
2021-08-03	11225	11300	11105	11125	17483	31782	0
2021-08-04	11060	11270	11045	11235	19833	32285	0
2021-08-05	11225	11265	11105	11115	14026	31144	0
2021-08-06	11170	11405	11155	11405	18252	32393	0
2021-08-09	11495	11715	11255	11380	27412	31105	0
2021-08-10	11370	11530	11340	11465	15088	31208	0
2021-08-11	11440	11480	11325	11475	12883	31305	0
2021-08-12	11455	11470	11300	11365	14981	31169	0
2021-08-13	11425	11615	11335	11585	19973	32563	0
2021-08-16	11565	11745	11530	11570	17083	33590	0
2021-08-17	11575	11835	11530	11815	20074	36721	0
2021-08-18	11785	11890	11685	11855	18493	37054	0
2021-08-19	11850	11910	11435	11470	29156	34534	0
2021-08-20	11375	11445	11260	11275	22824	33464	0
2021-08-23	11270	11360	11215	11355	15436	33021	0
2021-08-24	11410	11425	11295	11320	12833	32400	0
2021-08-25	11330	11385	11220	11335	12939	32267	0
2021-08-26	11345	11385	10985	10990	23300	33659	0
2021-08-27	10995	11000	10730	10795	31549	35466	0
2021-08-30	10850	10925	10810	10860	15684	36033	0
2021-08-31	10865	10875	10720	10835	21557	37392	0
2021-09-01	10875	10920	10655	10840	20272	37997	0
2021-09-02	10875	10880	10685	10740	18091	38728	0
2021-09-03	10750	10855	10680	10835	26118	39624	0
2021-09-06	10860	10940	10820	10870	20966	39539	0
2021-09-07	10885	10925	10765	10810	17839	40127	0
2021-09-08	10785	10840	10340	10455	39025	42435	0
2021-09-09	10525	10540	10415	10515	20436	42497	0
2021-09-10	10535	10670	10500	10630	17161	42150	0
2021-09-13	10675	10885	10675	10840	19135	40751	0
2021-09-14	10805	11210	10785	11105	35092	36858	0
2021-09-15	11145	11180	11005	11140	18482	35720	0
2021-09-16	11120	11240	11040	11170	21468	35539	0
2021-09-17	11090	11270	11065	11120	27741	35126	0
2021-09-22	10995	10995	10695	10795	18057	34683	0
2021-09-23	10815	10860	10745	10785	10496	34463	0
2021-09-24	10790	10810	10640	10760	13804	34469	0
2021-09-27	10815	11175	10755	11125	36772	32435	0
2021-09-28	11120	11275	11085	11210	26056	34001	0
2021-09-29	11140	11200	11035	11170	29196	34590	0
2021-09-30	11165	11430	11085	11400	32762	36594	0
2021-10-08	11600	11800	11495	11560	22710	37956	0
2021-10-11	11535	12000	11515	11945	28390	41083	0
2021-10-12	11975	12160	11800	11920	36209	41893	0
2021-10-13	11905	12000	11265	11560	34808	42414	0
2021-10-14	11635	11815	11540	11645	21740	42988	0
2021-10-15	11690	11815	11480	11810	27917	43732	0
2021-10-18	11775	11895	11450	11685	33029	41195	0
2021-10-19	11685	12530	11680	12225	55958	46955	0
2021-10-20	12185	12260	11760	12190	43150	47613	0
2021-10-21	12130	12675	11850	11955	56535	48367	0
2021-10-22	11960	11960	11425	11595	59399	46000	0
2021-10-25	11745	11790	11155	11590	45117	44563	0
2021-10-26	11595	11785	11425	11765	44524	39609	0
2021-10-27	11745	11985	11620	11730	50637	39803	0
2021-10-28	11760	11920	11510	11920	54840	40218	0
2021-10-29	11880	12075	11595	11685	45665	41756	0
2021-11-01	11595	11720	11440	11455	33508	42579	0
2021-11-02	11460	11565	11070	11325	34245	41993	0
2021-11-03	11380	11535	11340	11485	23934	42300	0
2021-11-04	11405	11415	10915	10960	37592	43312	0
2021-11-05	11095	11115	10955	11075	22600	42747	0
2021-11-08	11120	11230	10845	11180	26563	42562	0
2021-11-09	11200	11240	11000	11125	25980	43514	0
2021-11-10	11085	11235	11015	11105	30175	43958	0
2021-11-11	11110	11225	11035	11210	25835	43734	0
2021-11-12	11260	11420	11205	11400	29631	43497	0
2021-11-15	11365	11705	11320	11625	37974	43674	0
2021-11-16	11595	11830	11545	11715	26367	42189	0
2021-11-17	11680	11720	11535	11610	19376	42450	0
2021-11-18	11590	11600	11415	11415	21894	42273	0
2021-11-19	11410	11855	11405	11830	41351	45523	0
2021-11-22	11735	12240	11725	12205	46165	48756	0
2021-11-23	12130	12265	12065	12125	33769	48395	0
2021-11-24	12080	12255	11940	12210	41693	49203	0
2021-11-25	12325	12410	12210	12365	56469	49193	0
2021-11-26	12300	12300	11825	11890	51641	48125	0
2021-11-29	11765	12215	11740	12200	52528	50745	0
2021-11-30	12185	12215	11715	11800	57007	53027	0
2021-12-01	11850	12060	11840	11980	37723	56066	0
2021-12-02	11990	11990	11600	11635	52917	57147	0
2021-12-03	11635	11705	11430	11485	49442	56366	0
2021-12-06	11515	11525	11285	11385	41921	57070	0
2021-12-07	11420	11550	11270	11295	34978	58312	0
2021-12-08	11320	11475	11265	11360	32423	58970	0
2021-12-09	11290	11295	11070	11235	45276	60197	0
2021-12-10	11260	11400	11245	11350	33847	60555	0
2021-12-13	11365	11545	11365	11520	28048	61177	0
2021-12-14	11495	11570	11395	11545	32039	60421	0
2021-12-15	11530	11610	11345	11345	35071	59529	0
2021-12-16	11335	11490	11250	11475	34003	59182	0
2021-12-17	11450	11565	11305	11310	41356	58918	0
2021-12-20	11295	11340	11020	11060	54721	60705	0
2021-12-21	11105	11170	11075	11135	26754	60781	0
2021-12-22	11160	11295	11150	11265	25698	59469	0
2021-12-23	11285	11375	11240	11365	23570	58404	0
2021-12-24	11330	11395	11185	11185	36159	59280	0
2021-12-27	11185	11275	11005	11250	37268	57976	0
2021-12-28	11220	11650	11215	11565	41747	57927	0
2021-12-29	11530	11600	11480	11585	28341	57939	0
2021-12-30	11590	11710	11550	11645	42158	55943	0
2021-12-31	11630	11735	11620	11725	29530	55694	0
2022-01-04	11770	11835	11560	11615	26933	56152	0
2022-01-05	11610	11885	11600	11735	40862	57176	0
2022-01-06	11725	11765	11510	11515	34084	58776	0
2022-01-07	11595	11895	11560	11825	41174	60092	0
2022-01-10	11830	12020	11750	11975	44770	62281	0
2022-01-11	11915	12030	11840	12000	31627	63147	0
2022-01-12	12000	12110	11915	12085	34912	63477	0
2022-01-13	12115	12225	11935	11945	41925	63618	0
2022-01-14	11965	12280	11910	12225	36945	65954	0
2022-01-17	12195	12230	11850	11975	48877	64092	0
2022-01-18	11985	12190	11860	12020	45728	63796	0
2022-01-19	12060	12360	12045	12070	54929	66839	0
2022-01-20	12115	12230	12020	12090	42531	68022	0
2022-01-21	12085	12130	11750	11780	51889	64991	0
2022-01-24	11770	11820	11560	11580	41345	64096	0
2022-01-25	11600	11645	11505	11580	35497	62342	0
2022-01-26	11635	11735	11545	11590	33345	57902	0
2022-01-27	11595	11660	11340	11345	44957	58151	0
2022-01-28	11395	11550	11215	11455	46227	58823	0
2022-02-07	11640	11840	11630	11720	29297	59401	0
2022-02-08	11740	11890	11685	11835	33500	62919	0
2022-02-09	11780	11965	11770	11935	40075	64144	0
2022-02-10	11855	12050	11820	12050	33573	64691	0
2022-02-11	12060	12075	11815	11815	44638	64696	0
2022-02-14	11910	12060	11830	12000	37287	65717	0
2022-02-15	11930	11930	11575	11780	68181	65722	0
2022-02-16	11735	11850	11700	11780	47324	63705	0
2022-02-17	11835	11845	11565	11650	58525	64542	0
2022-02-18	11660	12155	11660	12030	83852	72121	0
2022-02-21	12020	12075	11960	11960	48887	73874	0
2022-02-22	11945	11970	11660	11760	63568	71489	0
2022-02-23	11805	11895	11785	11835	38618	72679	0
2022-02-24	11855	12070	11800	11880	57243	72500	0
2022-02-25	11935	12075	11725	11830	83668	73657	0
2022-02-28	11805	11840	11675	11765	57509	74281	0
2022-03-01	11700	11710	11435	11550	66397	75523	0
2022-03-02	11580	11855	11565	11730	56062	73083	0
2022-03-03	11780	11905	11690	11775	53467	71842	0
2022-03-04	11750	11770	11355	11460	79825	74326	0
2022-03-07	11495	11665	11425	11560	59139	72757	0
2022-03-08	11560	11635	11375	11415	57161	72531	0
2022-03-09	11435	11900	11430	11825	89585	71902	0
2022-03-10	11765	11925	11660	11725	62518	70427	0
2022-03-11	11725	11765	11435	11510	50475	70867	0
2022-03-14	11485	11530	11170	11205	55211	72367	0
2022-03-15	11250	11280	11085	11105	44573	72707	0
2022-03-16	11055	11170	10940	11080	40561	73680	0
2022-03-17	11110	11120	10915	11065	39172	74788	0
2022-03-18	11125	11210	11080	11185	35269	73804	0
2022-03-21	11145	11235	10970	11235	35933	72879	0
2022-03-22	11205	11225	11135	11165	29095	72360	0
2022-03-23	11170	11220	11070	11110	32841	72587	0
2022-03-24	11170	11270	11140	11200	37144	71620	0
2022-03-25	11205	11345	11155	11290	42102	70023	0
2022-03-28	11260	11315	11065	11260	69305	68031	0
2022-03-29	11240	11295	11200	11280	40483	67463	0
2022-03-30	11155	11475	11145	11430	56825	67724	0
2022-03-31	11435	11525	11400	11495	43607	65185	0
2022-04-01	11520	11570	11440	11450	32580	64504	0
2022-04-06	11520	11610	11465	11535	25683	65083	0
2022-04-07	11440	11445	11210	11295	47597	70165	0
2022-04-08	11280	11370	11245	11360	33836	69475	0
2022-04-11	11400	11460	11275	11355	33497	67832	0
2022-04-12	11315	11390	11260	11300	33105	68964	0
2022-04-13	11315	11315	11120	11160	41768	71363	0
2022-04-14	11190	11345	11180	11280	28828	68881	0
2022-04-15	11285	11315	11185	11205	31505	69626	0
2022-04-18	11225	11440	11225	11355	48775	65738	0
2022-04-19	11390	11435	11330	11375	29029	64963	0
2022-04-20	11305	11325	11190	11250	36171	67527	0
2022-04-21	11235	11250	11120	11170	35306	69775	0
2022-04-22	11165	11195	10975	10995	44301	71591	0
2022-04-25	11045	11045	10740	10750	55319	72355	0
2022-04-26	10745	10845	10655	10745	58652	68739	0
2022-04-27	10805	10810	10645	10730	57367	72233	0
2022-04-28	10700	10765	10615	10640	55697	75548	0
2022-04-29	10665	11050	10645	10995	80996	72319	0
2022-05-05	11070	11070	10855	10920	39102	75606	0
2022-05-06	10935	10995	10740	10775	62510	77573	0
2022-05-09	10780	10780	10515	10555	60978	82906	0
2022-05-10	10600	10900	10600	10850	64640	78766	0
2022-05-11	10855	10910	10745	10825	43947	80737	0
2022-05-12	10865	10950	10740	10805	51220	80881	0
2022-05-13	10845	10920	10820	10865	42231	81219	0
2022-05-16	10930	11140	10870	11070	45533	79368	0
2022-05-17	11080	11160	11040	11085	26967	76270	0
2022-05-18	11095	11185	11015	11185	29958	76646	0
数据来源:通达信
