PFL9 短纤指数 日线 前复权
      日期	    开盘	    最高	    最低	    收盘	    成交量	    持仓量	    结算价
2020-10-13	5922	6042	5910	6042	550744	82293	0
2020-10-14	6046	6134	5992	6100	315861	93586	0
2020-10-15	6118	6268	6116	6264	562749	172154	0
2020-10-16	6230	6452	6228	6452	1306382	256321	0
2020-10-19	6442	6594	6432	6592	1472934	324332	0
2020-10-20	6588	6614	6480	6560	1396442	313003	0
2020-10-21	6528	6582	6488	6498	796951	294236	0
2020-10-22	6516	6542	6270	6270	1231137	232148	0
2020-10-23	6260	6310	6212	6236	653145	179617	0
2020-10-26	6248	6320	6226	6252	481381	176677	0
2020-10-27	6234	6284	6136	6142	454505	174618	0
2020-10-28	6156	6204	6124	6176	358186	167623	0
2020-10-29	6122	6174	6050	6056	317483	156489	0
2020-10-30	6010	6098	5994	6014	240747	142618	0
2020-11-02	6026	6170	6026	6092	382549	146750	0
2020-11-03	6108	6160	6074	6076	196053	149736	0
2020-11-04	6106	6112	6026	6064	158943	143993	0
2020-11-05	6088	6098	5966	5982	160613	152491	0
2020-11-06	5988	6004	5854	5888	265779	154123	0
2020-11-09	5872	5926	5858	5902	154026	150947	0
2020-11-10	5998	6122	5946	6004	337146	141878	0
2020-11-11	6014	6110	6006	6064	218193	144945	0
2020-11-12	6078	6134	6038	6046	195439	152666	0
2020-11-13	6054	6068	5934	5956	169617	150541	0
2020-11-16	5924	5990	5894	5964	176334	150731	0
2020-11-17	5986	6032	5940	5968	158663	152235	0
2020-11-18	5972	6024	5924	6000	150205	152646	0
2020-11-19	6020	6026	5976	5994	106661	151002	0
2020-11-20	5992	6050	5974	6006	149966	145885	0
2020-11-23	6008	6080	5990	6040	109405	148200	0
2020-11-24	6060	6106	6028	6100	163568	154133	0
2020-11-25	6096	6144	6066	6100	142572	149837	0
2020-11-26	6112	6130	6046	6064	101990	148960	0
2020-11-27	6062	6102	6042	6098	78324	145354	0
2020-11-30	6108	6130	6008	6018	122171	137085	0
2020-12-01	6040	6062	6014	6030	63277	138144	0
2020-12-02	6038	6050	5944	5948	104248	135390	0
2020-12-03	5914	6016	5910	5990	108942	137741	0
2020-12-04	5980	6100	5978	6094	169922	127486	0
2020-12-07	6122	6250	6074	6248	185551	131241	0
2020-12-08	6236	6286	6170	6182	168542	128411	0
2020-12-09	6194	6264	6150	6192	126576	124690	0
2020-12-10	6210	6240	6160	6166	101746	121351	0
2020-12-11	6182	6270	6160	6228	137777	120435	0
2020-12-14	6232	6362	6230	6344	168935	125187	0
2020-12-15	6342	6358	6208	6278	110145	115935	0
2020-12-16	6298	6310	6248	6272	60355	112495	0
2020-12-17	6284	6338	6274	6338	78009	116946	0
2020-12-18	6336	6392	6286	6318	95701	114158	0
2020-12-21	6316	6336	6210	6268	84580	106128	0
2020-12-22	6234	6304	6166	6218	113169	96034	0
2020-12-23	6244	6262	6136	6228	93698	93827	0
2020-12-24	6240	6292	6218	6290	54979	96215	0
2020-12-25	6302	6340	6264	6306	91170	98021	0
2020-12-28	6316	6322	6234	6258	84548	96770	0
2020-12-29	6270	6286	6164	6186	80488	99684	0
2020-12-30	6196	6284	6190	6284	85923	94123	0
2020-12-31	6300	6450	6254	6422	155052	114127	0
2021-01-04	6400	6560	6400	6538	81522	122492	0
2021-01-05	6534	6696	6520	6594	244309	133456	0
2021-01-06	6650	6746	6580	6714	200087	134737	0
2021-01-07	6692	6866	6674	6848	168231	147993	0
2021-01-08	6856	6910	6726	6806	179863	139205	0
2021-01-11	6806	6818	6552	6574	232768	120726	0
2021-01-12	6578	6664	6516	6648	117967	119107	0
2021-01-13	6680	6772	6628	6730	153835	120155	0
2021-01-14	6722	6740	6596	6600	141899	113507	0
2021-01-15	6612	6684	6552	6580	134060	118573	0
2021-01-18	6596	6654	6538	6628	108050	119398	0
2021-01-19	6646	6784	6606	6648	189747	123747	0
2021-01-20	6670	6714	6612	6662	106384	123010	0
2021-01-21	6656	6730	6614	6618	132250	123431	0
2021-01-22	6614	6660	6482	6500	154509	122407	0
2021-01-25	6484	6542	6474	6518	90943	114571	0
2021-01-26	6532	6582	6452	6460	76889	112432	0
2021-01-27	6488	6552	6446	6542	81774	112760	0
2021-01-28	6518	6550	6432	6464	93369	109845	0
2021-01-29	6486	6628	6476	6622	110495	107273	0
2021-02-01	6628	6768	6610	6728	126821	114379	0
2021-02-02	6744	6810	6716	6750	123574	110162	0
2021-02-03	6782	6830	6670	6708	146510	111679	0
2021-02-04	6744	6800	6694	6794	89271	113598	0
2021-02-05	6780	6820	6740	6776	85801	113180	0
2021-02-08	6800	7024	6788	6996	199611	136035	0
2021-02-09	7004	7106	6976	7088	157268	131270	0
2021-02-10	7088	7130	7030	7130	118838	134293	0
2021-02-18	7316	7704	7316	7702	175826	156318	0
2021-02-19	7668	7732	7474	7574	271791	149397	0
2021-02-22	7548	8048	7514	7998	305906	158413	0
2021-02-23	8008	8192	7886	7946	332424	148986	0
2021-02-24	7906	8112	7904	8018	265407	158039	0
2021-02-25	8114	8498	8050	8480	411895	159524	0
2021-02-26	8504	8548	8242	8338	363184	155674	0
2021-03-01	8210	8350	7912	8020	574901	143269	0
2021-03-02	7948	8030	7690	7792	431102	142223	0
2021-03-03	7862	7958	7700	7760	399047	143337	0
2021-03-04	7758	7788	7568	7696	415214	149226	0
2021-03-05	7654	7844	7598	7754	498589	152228	0
2021-03-08	7792	8046	7790	7902	423634	148778	0
2021-03-09	7864	7864	7594	7594	319407	146327	0
2021-03-10	7648	7652	7300	7362	422545	155312	0
2021-03-11	7418	7566	7342	7550	351828	152860	0
2021-03-12	7578	7656	7486	7530	366922	160584	0
2021-03-15	7510	7596	7390	7438	330199	159728	0
2021-03-16	7398	7468	7192	7218	382911	179728	0
2021-03-17	7184	7316	7170	7272	285230	179532	0
2021-03-18	7202	7330	7198	7312	274662	181075	0
2021-03-19	7274	7390	7028	7076	489872	176473	0
2021-03-22	7090	7302	7060	7262	298872	170909	0
2021-03-23	7252	7326	7190	7260	296599	187316	0
2021-03-24	7200	7278	7128	7212	338182	188207	0
2021-03-25	7234	7272	7082	7088	287931	205883	0
2021-03-26	7054	7096	6908	7070	433557	208561	0
2021-03-29	7108	7138	6932	6946	343432	218423	0
2021-03-30	7008	7040	6958	6990	237976	217756	0
2021-03-31	6968	7070	6956	6980	251864	214825	0
2021-04-01	6954	6976	6850	6938	276156	213934	0
2021-04-02	6978	7178	6952	7176	304350	211733	0
2021-04-06	7122	7238	7110	7210	183660	209549	0
2021-04-07	7230	7316	7122	7184	289402	207491	0
2021-04-08	7186	7208	7062	7076	239652	203167	0
2021-04-09	7084	7134	7008	7018	236723	194876	0
2021-04-12	7020	7038	6862	6902	311825	199335	0
2021-04-13	6926	6942	6832	6874	211783	209083	0
2021-04-14	6892	7020	6852	7010	238780	203986	0
2021-04-15	7034	7152	6996	7140	258520	204845	0
2021-04-16	7146	7242	7098	7216	264780	202974	0
2021-04-19	7228	7248	7116	7172	284806	204218	0
2021-04-20	7196	7276	7182	7222	293526	211635	0
2021-04-21	7190	7192	6966	7006	343511	212344	0
2021-04-22	6958	7084	6942	7026	273240	205228	0
2021-04-23	7068	7150	6986	7148	339216	222626	0
2021-04-26	7130	7184	6990	6994	374339	231425	0
2021-04-27	6926	7086	6904	7046	365172	232765	0
2021-04-28	7046	7102	7016	7094	320609	235169	0
2021-04-29	7100	7254	7098	7248	313759	218887	0
2021-04-30	7282	7346	7134	7178	306835	199810	0
2021-05-06	7282	7398	7226	7352	165080	208615	0
2021-05-07	7370	7448	7310	7370	333863	234253	0
2021-05-10	7348	7456	7300	7358	299660	244858	0
2021-05-11	7346	7368	7218	7220	270059	234891	0
2021-05-12	7226	7378	7190	7376	256485	243844	0
2021-05-13	7352	7432	7076	7118	425491	229444	0
2021-05-14	7126	7154	6872	6886	371408	210507	0
2021-05-17	6946	7026	6914	6958	244539	218517	0
2021-05-18	6960	7054	6918	7032	196618	220563	0
2021-05-19	7044	7048	6894	6944	196591	214561	0
2021-05-20	6898	6938	6728	6906	254313	196246	0
2021-05-21	6922	7004	6846	6912	192311	184613	0
2021-05-24	6948	6990	6842	6954	221047	182680	0
2021-05-25	6992	7042	6910	6992	192667	189721	0
2021-05-26	6982	7028	6872	6930	173463	190628	0
2021-05-27	6866	6934	6788	6796	187442	204528	0
2021-05-28	6804	6946	6758	6878	193772	191929	0
2021-05-31	6884	6988	6842	6978	174601	184504	0
2021-06-01	7022	7122	6982	7112	200547	177100	0
2021-06-02	7144	7168	7000	7038	174661	175711	0
2021-06-03	7062	7160	7032	7118	148845	178951	0
2021-06-04	7062	7096	6916	7006	201325	180135	0
2021-06-07	7074	7092	6938	6942	178262	182601	0
2021-06-08	6976	6996	6884	6910	132286	186134	0
2021-06-09	6924	6974	6876	6952	127321	190288	0
2021-06-10	6980	6986	6884	6900	117927	194366	0
2021-06-11	6920	7012	6872	7000	162545	191413	0
2021-06-15	7014	7032	6912	6996	106358	188853	0
2021-06-16	7002	7124	6982	7100	167631	195774	0
2021-06-17	7080	7130	7022	7082	150531	198115	0
2021-06-18	7056	7080	6920	6920	159417	190092	0
2021-06-21	6932	7000	6918	6924	106385	192768	0
2021-06-22	6914	7082	6884	7080	134029	187601	0
2021-06-23	7062	7126	7028	7126	132065	190265	0
2021-06-24	7152	7274	7138	7270	208732	193751	0
2021-06-25	7240	7422	7224	7346	270470	212393	0
2021-06-28	7344	7386	7262	7356	173258	217864	0
2021-06-29	7330	7348	7186	7220	154904	207785	0
2021-06-30	7244	7280	7204	7224	116832	209400	0
2021-07-01	7252	7284	7166	7228	168217	207242	0
2021-07-02	7290	7346	7238	7270	168172	208914	0
2021-07-05	7298	7486	7274	7466	195301	223512	0
2021-07-06	7474	7606	7454	7538	200945	223715	0
2021-07-07	7514	7514	7206	7286	316176	205200	0
2021-07-08	7296	7302	7162	7202	203481	190741	0
2021-07-09	7214	7288	7200	7254	130410	187989	0
2021-07-12	7268	7358	7238	7248	167662	192834	0
2021-07-13	7240	7368	7234	7364	129073	199475	0
2021-07-14	7346	7366	7274	7354	190292	209308	0
2021-07-15	7372	7380	7192	7250	182553	197767	0
2021-07-16	7234	7302	7218	7284	136236	198641	0
2021-07-19	7284	7346	7230	7336	196676	206847	0
2021-07-20	7238	7274	7106	7164	242108	192246	0
2021-07-21	7174	7340	7158	7324	204751	197458	0
2021-07-22	7342	7464	7342	7440	234436	207108	0
2021-07-23	7420	7458	7376	7424	161253	204388	0
2021-07-26	7420	7460	7336	7358	180883	204094	0
2021-07-27	7416	7464	7346	7356	198781	206882	0
2021-07-28	7308	7374	7306	7316	140214	206730	0
2021-07-29	7348	7386	7300	7382	136688	204950	0
2021-07-30	7414	7564	7404	7488	310107	210770	0
2021-08-02	7550	7584	7442	7514	218128	203169	0
2021-08-03	7506	7554	7430	7444	193278	205988	0
2021-08-04	7378	7478	7338	7444	179363	198578	0
2021-08-05	7418	7428	7242	7244	208140	202300	0
2021-08-06	7276	7358	7244	7350	155093	200829	0
2021-08-09	7366	7388	7230	7276	177554	189597	0
2021-08-10	7294	7326	7262	7318	118254	188732	0
2021-08-11	7320	7340	7264	7294	135190	190199	0
2021-08-12	7294	7346	7250	7256	160449	189685	0
2021-08-13	7232	7276	7200	7204	156705	193338	0
2021-08-16	7204	7238	7100	7112	149632	198571	0
2021-08-17	7132	7150	7042	7046	145542	206852	0
2021-08-18	7054	7114	6972	7050	156316	196522	0
2021-08-19	7084	7114	6918	6996	194148	189205	0
2021-08-20	6974	7016	6942	6992	139416	188941	0
2021-08-23	6946	7014	6920	6978	170120	189157	0
2021-08-24	6996	7082	6978	7030	208520	188740	0
2021-08-25	7038	7082	6992	7016	151147	192459	0
2021-08-26	7030	7042	6884	6890	159369	205708	0
2021-08-27	6876	6960	6802	6960	219591	202241	0
2021-08-30	7014	7016	6898	6932	149323	198379	0
2021-08-31	6948	6962	6880	6916	128480	199564	0
2021-09-01	6914	6942	6850	6914	162668	204522	0
2021-09-02	6890	6942	6848	6916	199409	216611	0
2021-09-03	6958	7060	6934	7044	217805	213287	0
2021-09-06	7042	7050	6976	7008	157491	221285	0
2021-09-07	7034	7058	6972	7004	147706	224052	0
2021-09-08	6914	6928	6724	6752	361911	256209	0
2021-09-09	6802	6830	6736	6770	194852	251112	0
2021-09-10	6742	6830	6732	6814	211709	244990	0
2021-09-13	6854	6944	6824	6928	195952	228710	0
2021-09-14	6950	7016	6918	6988	188817	221856	0
2021-09-15	7020	7070	6960	7048	187178	213007	0
2021-09-16	7104	7142	7038	7056	178452	204936	0
2021-09-17	7028	7094	6982	7018	155764	199597	0
2021-09-22	6964	6970	6830	6908	139566	195806	0
2021-09-23	6914	7044	6902	7044	169698	198041	0
2021-09-24	7058	7254	7044	7202	323252	207103	0
2021-09-27	7182	7384	7180	7264	286073	206860	0
2021-09-28	7306	7468	7246	7450	206077	202363	0
2021-09-29	7396	7424	7222	7276	201775	191204	0
2021-09-30	7338	7490	7262	7440	199570	176848	0
2021-10-08	7638	7900	7634	7832	198685	173562	0
2021-10-11	7880	8256	7858	8222	330953	184332	0
2021-10-12	8366	8422	8076	8214	353862	183110	0
2021-10-13	8150	8320	7800	7988	375104	161117	0
2021-10-14	7994	8172	7892	8094	292915	166424	0
2021-10-15	8186	8510	8068	8440	486340	183241	0
2021-10-18	8410	8476	8178	8346	459778	178992	0
2021-10-19	8424	8460	8256	8312	291284	176755	0
2021-10-20	8244	8292	7894	7916	347477	165612	0
2021-10-21	7944	8128	7900	7912	314625	163814	0
2021-10-22	7858	7952	7676	7822	368261	160009	0
2021-10-25	7890	7920	7692	7826	296455	167332	0
2021-10-26	7866	7870	7670	7746	265184	168147	0
2021-10-27	7752	7756	7450	7524	310910	166339	0
2021-10-28	7458	7492	7168	7338	431923	157413	0
2021-10-29	7360	7400	7256	7276	211438	159048	0
2021-11-01	7258	7366	7250	7334	165194	155049	0
2021-11-02	7342	7504	7226	7384	250876	156929	0
2021-11-03	7410	7410	7170	7210	229679	163874	0
2021-11-04	7134	7190	7076	7156	211220	168098	0
2021-11-05	7232	7246	7036	7092	202078	170200	0
2021-11-08	7086	7260	7060	7204	186894	179400	0
2021-11-09	7150	7216	7130	7140	116585	188980	0
2021-11-10	7130	7244	7064	7236	153270	190643	0
2021-11-11	7194	7262	7070	7084	169466	191093	0
2021-11-12	7026	7078	6942	6946	173735	208227	0
2021-11-15	6906	6988	6902	6936	134991	207119	0
2021-11-16	6918	7016	6880	6984	151334	201287	0
2021-11-17	6982	7004	6922	6952	133102	200564	0
2021-11-18	6988	6992	6798	6806	146213	201908	0
2021-11-19	6824	6902	6788	6880	165726	202112	0
2021-11-22	6750	6876	6738	6872	159996	198117	0
2021-11-23	6860	6902	6826	6860	143416	202256	0
2021-11-24	6896	7010	6880	7004	200769	189822	0
2021-11-25	7052	7176	7052	7138	194826	182962	0
2021-11-26	7170	7174	6924	6928	220428	180332	0
2021-11-29	6840	6898	6680	6702	268220	183174	0
2021-11-30	6704	6758	6544	6554	223197	190391	0
2021-12-01	6584	6684	6530	6656	179554	181915	0
2021-12-02	6670	6674	6562	6624	146274	181321	0
2021-12-03	6602	6670	6508	6660	195858	180914	0
2021-12-06	6696	6752	6674	6682	188431	178570	0
2021-12-07	6736	6786	6682	6716	180540	171104	0
2021-12-08	6754	6768	6672	6698	155589	172831	0
2021-12-09	6728	6832	6708	6806	178473	169338	0
2021-12-10	6758	6808	6688	6690	169823	172637	0
2021-12-13	6704	6854	6702	6850	189371	170014	0
2021-12-14	6794	6862	6738	6796	176941	170678	0
2021-12-15	6792	6818	6718	6754	151708	173371	0
2021-12-16	6788	6868	6766	6852	204330	169379	0
2021-12-17	6834	6910	6828	6882	170098	168439	0
2021-12-20	6890	6936	6698	6700	245903	167898	0
2021-12-21	6654	6780	6640	6750	154585	165904	0
2021-12-22	6770	6868	6752	6808	197266	165231	0
2021-12-23	6832	6888	6776	6864	142440	163167	0
2021-12-24	6896	7010	6882	6980	187011	167333	0
2021-12-27	6958	6984	6852	6902	168978	168587	0
2021-12-28	6886	7050	6876	7046	151195	172621	0
2021-12-29	7056	7090	7000	7038	158049	175666	0
2021-12-30	7040	7082	6994	7080	144787	170983	0
2021-12-31	7036	7100	7010	7054	155685	174735	0
2022-01-04	7056	7156	7012	7088	162896	189305	0
2022-01-05	7098	7254	7092	7172	205165	198731	0
2022-01-06	7212	7220	7092	7174	187899	203634	0
2022-01-07	7232	7408	7216	7366	261296	216705	0
2022-01-10	7338	7344	7254	7304	182024	212254	0
2022-01-11	7260	7300	7226	7256	165061	219289	0
2022-01-12	7272	7328	7182	7300	191013	219827	0
2022-01-13	7314	7414	7308	7322	143991	221371	0
2022-01-14	7350	7506	7314	7480	204960	230539	0
2022-01-17	7484	7494	7370	7432	182766	221453	0
2022-01-18	7442	7536	7338	7518	196161	221532	0
2022-01-19	7472	7618	7466	7538	186697	223495	0
2022-01-20	7568	7610	7470	7502	175470	223100	0
2022-01-21	7502	7526	7292	7334	212642	219528	0
2022-01-24	7362	7518	7362	7478	161949	221827	0
2022-01-25	7452	7454	7304	7366	167774	216283	0
2022-01-26	7344	7550	7342	7542	168117	226044	0
2022-01-27	7558	7668	7528	7632	186382	215696	0
2022-01-28	7692	7744	7580	7594	160925	203966	0
2022-02-07	7870	7982	7856	7930	127311	212471	0
2022-02-08	7958	8006	7906	7948	167230	212945	0
2022-02-09	7840	7848	7736	7748	190708	213286	0
2022-02-10	7724	7766	7668	7730	155180	225081	0
2022-02-11	7810	7834	7606	7608	204167	231409	0
2022-02-14	7678	7842	7612	7780	163031	232941	0
2022-02-15	7680	7784	7594	7722	197709	235088	0
2022-02-16	7554	7600	7432	7466	231974	248119	0
2022-02-17	7480	7508	7236	7352	190100	246815	0
2022-02-18	7332	7422	7294	7376	159688	245069	0
2022-02-21	7344	7416	7334	7356	142917	240449	0
2022-02-22	7374	7540	7354	7460	151980	242737	0
2022-02-23	7452	7464	7342	7388	140092	252042	0
2022-02-24	7404	7736	7388	7702	201568	250624	0
2022-02-25	7826	7888	7558	7620	240842	236351	0
2022-02-28	7566	7596	7400	7494	189396	230823	0
2022-03-01	7486	7606	7444	7594	159456	236321	0
2022-03-02	7712	7938	7636	7888	248739	242864	0
2022-03-03	7940	8238	7848	8164	293464	256464	0
2022-03-04	8110	8152	7876	7924	267177	257741	0
2022-03-07	7982	8388	7934	8312	238389	265723	0
2022-03-08	8218	8236	7976	8170	312347	262662	0
2022-03-09	8104	8524	8096	8472	295202	274244	0
2022-03-10	8264	8306	7884	7970	298593	257006	0
2022-03-11	8016	8140	7836	7940	262518	252856	0
2022-03-14	7902	7938	7728	7730	171110	257272	0
2022-03-15	7694	7730	7502	7502	194219	252608	0
2022-05-18	8394	8396	8306	8332	180536	319747	0
数据来源:通达信
