PGL9 液化气指数 日线 前复权
      日期	    开盘	    最高	    最低	    收盘	    成交量	    持仓量	    结算价
2020-03-31	2434	2559	2420	2558	99069	23023	0
2020-04-01	2554	2650	2544	2634	209138	26373	0
2020-04-02	2647	2789	2619	2789	214292	31485	0
2020-04-03	2784	2885	2744	2880	336223	41431	0
2020-04-07	2912	3062	2912	3024	450957	54518	0
2020-04-08	2992	3017	2898	2945	506466	55310	0
2020-04-09	2983	3046	2969	3022	468428	52149	0
2020-04-10	2944	3025	2931	3025	318993	52637	0
2020-04-13	3079	3181	3079	3144	414240	64631	0
2020-04-14	3149	3169	3093	3164	335774	66574	0
2020-04-15	3122	3338	3115	3246	820270	90289	0
2020-04-16	3253	3313	3183	3266	752398	90555	0
2020-04-17	3294	3329	3133	3191	739590	81490	0
2020-04-20	3102	3227	3085	3224	511297	83136	0
2020-04-21	3199	3267	3135	3242	777821	98501	0
2020-04-22	3185	3220	3069	3132	1007610	88423	0
2020-04-23	3169	3353	3152	3352	755256	101048	0
2020-04-24	3347	3423	3320	3402	795820	104278	0
2020-04-27	3381	3593	3371	3576	904097	125997	0
2020-04-28	3551	3658	3302	3359	1297306	83374	0
2020-04-29	3366	3469	3272	3321	965208	77127	0
2020-04-30	3361	3399	3321	3396	611956	63661	0
2020-05-06	3485	3518	3382	3443	379699	73442	0
2020-05-07	3416	3466	3392	3416	421278	73829	0
2020-05-08	3437	3464	3364	3455	431420	81368	0
2020-05-11	3464	3507	3328	3350	594881	73766	0
2020-05-12	3353	3358	3275	3344	480876	76725	0
2020-05-13	3349	3351	3213	3227	575866	83113	0
2020-05-14	3225	3275	3209	3260	446571	84126	0
2020-05-15	3255	3297	3229	3279	344469	75834	0
2020-05-18	3268	3269	3173	3233	564020	84430	0
2020-05-19	3265	3377	3248	3363	526705	81922	0
2020-05-20	3359	3427	3345	3392	358211	77890	0
2020-05-21	3409	3416	3370	3388	256399	75508	0
2020-05-22	3392	3436	3297	3344	381981	72956	0
2020-05-25	3370	3479	3367	3435	410487	77381	0
2020-05-26	3428	3442	3377	3410	273290	75941	0
2020-05-27	3425	3436	3372	3400	236299	73064	0
2020-05-28	3404	3447	3378	3436	216251	81455	0
2020-05-29	3438	3446	3402	3440	164212	72999	0
2020-06-01	3425	3538	3423	3527	216693	84851	0
2020-06-02	3528	3619	3525	3608	288244	94086	0
2020-06-03	3598	3610	3564	3594	187095	85814	0
2020-06-04	3581	3581	3514	3520	190063	78016	0
2020-06-05	3527	3605	3527	3594	191603	92856	0
2020-06-08	3629	3645	3539	3552	246391	82693	0
2020-06-09	3549	3599	3544	3587	190387	87392	0
2020-06-10	3579	3581	3539	3552	143289	82496	0
2020-06-11	3550	3550	3383	3410	377534	88605	0
2020-06-12	3379	3386	3271	3349	415312	83409	0
2020-06-15	3361	3424	3317	3375	304260	82210	0
2020-06-16	3362	3488	3345	3463	316934	81925	0
2020-06-17	3474	3517	3442	3483	215320	77572	0
2020-06-18	3489	3501	3456	3478	169600	76697	0
2020-06-19	3476	3573	3465	3560	272551	84752	0
2020-06-22	3556	3587	3495	3519	186330	78497	0
2020-06-23	3519	3568	3515	3547	153115	79005	0
2020-06-24	3549	3556	3464	3524	192370	71524	0
2020-06-29	3491	3505	3440	3485	140111	71444	0
2020-06-30	3513	3578	3506	3562	198731	84099	0
2020-07-01	3556	3573	3512	3543	169295	76318	0
2020-07-02	3541	3622	3533	3606	265807	96931	0
2020-07-03	3606	3631	3579	3626	153979	97840	0
2020-07-06	3624	3624	3537	3576	216155	78348	0
2020-07-07	3576	3625	3543	3591	211460	84904	0
2020-07-08	3597	3647	3570	3588	228333	81567	0
2020-07-09	3595	3673	3583	3668	230096	102523	0
2020-07-10	3674	3675	3594	3627	227461	87271	0
2020-07-13	3632	3898	3628	3830	448006	111826	0
2020-07-14	3830	3856	3777	3845	265073	112850	0
2020-07-15	3841	3922	3810	3891	310864	122300	0
2020-07-16	3902	3902	3844	3879	227137	120566	0
2020-07-17	3884	3988	3851	3872	367359	117639	0
2020-07-20	3872	3899	3781	3881	324233	110439	0
2020-07-21	3885	4027	3874	3999	319390	127611	0
2020-07-22	4007	4066	3947	4023	311922	119066	0
2020-07-23	3999	4029	3963	4013	230663	120147	0
2020-07-24	4000	4004	3920	3957	259488	116359	0
2020-07-27	3972	4041	3867	3933	308759	117774	0
2020-07-28	3928	3976	3853	3905	269124	119867	0
2020-07-29	3892	3967	3874	3960	235124	128931	0
2020-07-30	3946	3949	3825	3865	294984	132379	0
2020-07-31	3855	3900	3797	3844	290262	120710	0
2020-08-03	3837	3876	3782	3857	247419	124909	0
2020-08-04	3872	3923	3855	3875	204796	125253	0
2020-08-05	3862	4038	3842	3994	303770	127316	0
2020-08-06	4028	4029	3943	3993	188963	119495	0
2020-08-07	4000	4045	3929	3964	204922	118871	0
2020-08-10	3973	4049	3916	3944	241879	125331	0
2020-08-11	3945	3983	3880	3893	225018	119817	0
2020-08-12	3901	3925	3828	3914	215633	120262	0
2020-08-13	3920	3939	3851	3863	154876	123486	0
2020-08-14	3862	3893	3838	3888	132613	122336	0
2020-08-17	3878	3975	3864	3886	208515	124992	0
2020-08-18	3884	3924	3872	3892	134054	126136	0
2020-08-19	3899	3900	3817	3885	222371	134393	0
2020-08-20	3881	3909	3501	3614	617729	133555	0
2020-08-21	3606	3662	3583	3636	247673	128003	0
2020-08-24	3623	3647	3600	3637	147747	124252	0
2020-08-25	3630	3662	3559	3639	223658	121548	0
2020-08-26	3640	3645	3594	3627	148489	120639	0
2020-08-27	3626	3689	3607	3658	181484	118040	0
2020-08-28	3663	3720	3647	3708	193781	116405	0
2020-08-31	3706	3786	3674	3699	203209	116459	0
2020-09-01	3711	3722	3650	3704	150277	113480	0
2020-09-02	3714	3715	3572	3606	246538	127922	0
2020-09-03	3630	3631	3557	3578	193134	124683	0
2020-09-04	3557	3624	3550	3573	184005	123710	0
2020-09-07	3563	3580	3453	3549	275222	126491	0
2020-09-08	3552	3559	3524	3545	125492	123397	0
2020-09-09	3495	3576	3429	3548	306992	125669	0
2020-09-10	3568	3604	3408	3447	304965	128161	0
2020-09-11	3464	3485	3388	3421	244417	128754	0
2020-09-14	3411	3478	3411	3454	148515	126765	0
2020-09-15	3458	3471	3412	3435	160798	126453	0
2020-09-16	3439	3506	3430	3485	165442	120728	0
2020-09-17	3479	3504	3440	3476	168370	117943	0
2020-09-18	3468	3604	3444	3592	269147	118718	0
2020-09-21	3581	3618	3497	3508	202788	114529	0
2020-09-22	3479	3520	3366	3436	223064	112077	0
2020-09-23	3454	3484	3392	3450	195852	105183	0
2020-09-24	3463	3513	3429	3436	189692	99337	0
2020-09-25	3432	3539	3429	3523	173304	95382	0
2020-09-28	3528	3573	3456	3467	209945	92500	0
2020-09-29	3468	3491	3445	3461	132781	89489	0
2020-09-30	3436	3463	3382	3440	161898	83327	0
2020-10-09	3529	3606	3513	3589	104608	79155	0
2020-10-12	3592	3750	3584	3730	193132	85762	0
2020-10-13	3710	3746	3696	3719	134770	86694	0
2020-10-14	3727	3778	3698	3750	181776	81870	0
2020-10-15	3749	3844	3736	3796	228735	89030	0
2020-10-16	3754	3829	3729	3748	172063	81115	0
2020-10-19	3701	3755	3646	3713	259865	82010	0
2020-10-20	3720	3749	3690	3719	106699	83141	0
2020-10-21	3719	3739	3697	3718	96279	82786	0
2020-10-22	3727	3785	3678	3751	166527	78741	0
2020-10-23	3754	3803	3724	3755	151581	78845	0
2020-10-26	3763	3811	3713	3738	151439	80249	0
2020-10-27	3747	3781	3729	3751	112645	77697	0
2020-10-28	3748	3777	3673	3715	125878	75722	0
2020-10-29	3685	3764	3682	3744	116587	69428	0
2020-10-30	3719	3912	3651	3858	265498	69710	0
2020-11-02	3861	3923	3816	3864	160019	72367	0
2020-11-03	3860	3863	3769	3794	136062	69866	0
2020-11-04	3801	3815	3698	3758	159847	67824	0
2020-11-05	3769	3772	3680	3712	126294	71660	0
2020-11-06	3720	3737	3670	3703	110338	74867	0
2020-11-09	3706	3714	3545	3556	180495	79746	0
2020-11-10	3590	3636	3533	3542	126125	83891	0
2020-11-11	3541	3577	3536	3554	95878	86724	0
2020-11-12	3570	3655	3564	3644	154820	75325	0
2020-11-13	3637	3657	3510	3520	153039	87211	0
2020-11-16	3517	3566	3514	3564	111687	87029	0
2020-11-17	3576	3603	3522	3580	112993	84876	0
2020-11-18	3574	3603	3522	3589	106986	79841	0
2020-11-19	3598	3605	3537	3547	86327	82483	0
2020-11-20	3530	3545	3426	3445	167864	99608	0
2020-11-23	3449	3521	3434	3509	116116	88028	0
2020-11-24	3506	3534	3485	3517	91428	87428	0
2020-11-25	3524	3636	3515	3627	185972	72922	0
2020-11-26	3616	3692	3604	3626	155931	76396	0
2020-11-27	3622	3691	3610	3667	117377	68373	0
2020-11-30	3677	3732	3635	3659	113704	66911	0
2020-12-01	3672	3749	3656	3676	128777	70285	0
2020-12-02	3669	3691	3603	3666	115882	66749	0
2020-12-03	3675	3696	3621	3629	95735	65905	0
2020-12-04	3632	3689	3600	3651	102054	62568	0
2020-12-07	3651	3849	3649	3826	156930	67440	0
2020-12-08	3846	3849	3793	3802	89574	63981	0
2020-12-09	3812	3829	3654	3665	123916	58904	0
2020-12-10	3686	3707	3652	3678	79740	57560	0
2020-12-11	3688	3775	3687	3758	107084	58733	0
2020-12-14	3745	3915	3745	3839	139040	60486	0
2020-12-15	3859	3873	3814	3839	86763	59063	0
2020-12-16	3851	3862	3807	3828	94308	58822	0
2020-12-17	3829	3852	3773	3826	119495	59977	0
2020-12-18	3823	3977	3823	3935	153557	63483	0
2020-12-21	3962	4089	3940	4012	148290	65530	0
2020-12-22	3986	4008	3877	3913	126741	63613	0
2020-12-23	3929	3967	3757	3867	114808	63226	0
2020-12-24	3907	3921	3839	3918	102070	64506	0
2020-12-25	3910	3929	3847	3916	83011	64496	0
2020-12-28	3945	3950	3807	3844	139593	67774	0
2020-12-29	3854	3872	3715	3727	124405	69918	0
2020-12-30	3732	3786	3700	3758	85964	65947	0
2020-12-31	3767	3805	3719	3771	102479	65228	0
2021-01-04	3844	3916	3821	3887	89099	64123	0
2021-01-05	3891	3943	3883	3938	82881	64236	0
2021-01-06	3965	3995	3919	3940	83559	67157	0
2021-01-07	3949	4007	3931	3947	105485	67424	0
2021-01-08	3958	3962	3840	3933	132083	65708	0
2021-01-11	3923	3932	3853	3866	86306	66916	0
2021-01-12	3869	3911	3809	3908	100450	63457	0
2021-01-13	3936	3957	3881	3939	118360	61278	0
2021-01-14	3947	4016	3896	3932	154676	57966	0
2021-01-15	3943	3956	3857	3861	120319	59723	0
2021-01-18	3836	3856	3753	3756	136486	66471	0
2021-01-19	3752	3787	3737	3764	84468	63232	0
2021-01-20	3764	3778	3647	3648	119074	66575	0
2021-01-21	3636	3699	3631	3645	97703	68397	0
2021-01-22	3637	3648	3529	3548	125059	73575	0
2021-01-25	3530	3547	3464	3473	119904	71822	0
2021-01-26	3469	3493	3376	3380	133215	84088	0
2021-01-27	3390	3483	3388	3461	120801	81320	0
2021-01-28	3447	3449	3345	3375	162867	90996	0
2021-01-29	3377	3420	3341	3379	148574	86177	0
2021-02-01	3399	3529	3394	3523	153413	76225	0
2021-02-02	3526	3562	3454	3494	124887	79559	0
2021-02-03	3507	3524	3434	3472	84790	79548	0
2021-02-04	3471	3521	3426	3513	103129	73648	0
2021-02-05	3520	3609	3517	3599	127158	71427	0
2021-02-08	3637	3660	3572	3622	94638	67837	0
2021-02-09	3637	3729	3614	3724	99434	66079	0
2021-02-10	3705	3705	3414	3429	203129	72951	0
2021-02-18	3535	3579	3495	3541	79560	78244	0
2021-02-19	3561	3641	3475	3595	178212	73974	0
2021-02-22	3595	3678	3568	3655	134556	70361	0
2021-02-23	3651	3807	3624	3801	141864	67876	0
2021-02-24	3811	3998	3792	3940	234820	61289	0
2021-02-25	3984	4068	3910	3989	177011	58838	0
2021-02-26	3995	3998	3890	3979	203338	52752	0
2021-03-01	3951	4034	3859	4001	122649	51173	0
2021-03-02	3993	4017	3802	3865	124676	51294	0
2021-03-03	3884	3943	3863	3926	83979	54396	0
2021-03-04	3947	3962	3817	3826	108623	56143	0
2021-03-05	3864	3944	3808	3925	105465	56464	0
2021-03-08	3950	4058	3854	3871	134738	59066	0
2021-03-09	3869	3892	3766	3842	111047	59037	0
2021-03-10	3872	3921	3813	3867	111508	57582	0
2021-03-11	3898	3974	3866	3971	98801	59550	0
2021-03-12	3956	3980	3892	3941	88779	58972	0
2021-03-15	3942	4069	3911	3931	131550	55486	0
2021-03-16	3923	3963	3900	3947	58326	54461	0
2021-03-17	3959	4007	3937	3958	71866	54944	0
2021-03-18	3956	3996	3921	3952	75066	56500	0
2021-03-19	3970	3971	3819	3835	117150	53933	0
2021-03-22	3835	3911	3804	3897	72101	52565	0
2021-03-23	3906	3945	3880	3917	69194	53650	0
2021-03-24	3878	3901	3763	3772	109035	51976	0
2021-03-25	3775	3879	3774	3856	91315	50512	0
2021-03-26	3836	3838	3781	3815	56770	48648	0
2021-03-29	3806	3897	3717	3742	109294	51286	0
2021-03-30	3753	3818	3745	3813	62688	50219	0
2021-03-31	3796	3867	3788	3845	68804	52335	0
2021-04-01	3841	3857	3731	3742	105279	49958	0
2021-04-02	3734	3759	3716	3740	75846	59018	0
2021-04-06	3725	3741	3657	3735	93354	63270	0
2021-04-07	3751	3765	3702	3755	83586	63772	0
2021-04-08	3754	3784	3725	3744	90953	62235	0
2021-04-09	3759	3759	3703	3733	74405	65997	0
2021-04-12	3718	3828	3680	3811	119032	69780	0
2021-04-13	3810	3833	3791	3810	57298	71373	0
2021-04-14	3807	3812	3772	3798	77338	73910	0
2021-04-15	3809	3819	3786	3806	58711	76680	0
2021-04-16	3812	3840	3770	3810	102814	78014	0
2021-04-19	3810	3821	3734	3782	75547	74538	0
2021-04-20	3783	3790	3739	3754	58185	75803	0
2021-04-21	3743	3759	3699	3743	83677	77270	0
2021-04-22	3703	3716	3670	3670	79011	84537	0
2021-04-23	3680	3691	3661	3678	52946	88216	0
2021-04-26	3670	3709	3646	3674	78511	90194	0
2021-04-27	3672	3685	3641	3674	69038	93279	0
2021-04-28	3669	3688	3645	3657	57841	95686	0
2021-04-29	3660	3758	3648	3757	93892	90616	0
2021-04-30	3773	3892	3741	3864	103975	89736	0
2021-05-06	3867	4036	3866	3994	94657	92553	0
2021-05-07	3976	4015	3945	4005	71160	92832	0
2021-05-10	4002	4118	3968	4004	88237	91942	0
2021-05-11	4015	4048	3964	4008	73803	92606	0
2021-05-12	4012	4111	3985	4101	118820	95164	0
2021-05-13	4113	4208	4023	4082	127031	89436	0
2021-05-14	4074	4099	4022	4074	86407	88812	0
2021-05-17	4129	4276	4098	4227	157792	93570	0
2021-05-18	4215	4223	4122	4150	113452	90271	0
2021-05-19	4157	4163	4057	4091	70354	87407	0
2021-05-20	4030	4107	4006	4066	98884	86425	0
2021-05-21	4082	4098	4034	4083	77023	84814	0
2021-05-24	4086	4213	4084	4168	156961	91968	0
2021-05-25	4165	4194	4113	4141	81617	91943	0
2021-05-26	4119	4148	4040	4122	91222	88260	0
2021-05-27	4116	4182	4098	4174	106680	89226	0
2021-05-28	4153	4318	4143	4302	163946	97416	0
2021-05-31	4330	4391	4318	4387	159340	96661	0
2021-06-01	4402	4441	4359	4432	129963	93753	0
2021-06-02	4452	4494	4371	4382	107627	91545	0
2021-06-03	4394	4461	4318	4412	111695	93156	0
2021-06-04	4386	4392	4299	4357	125515	89822	0
2021-06-07	4373	4415	4290	4293	113426	94336	0
2021-06-08	4328	4332	4262	4275	80440	92763	0
2021-06-09	4273	4353	4265	4350	99370	92277	0
2021-06-10	4396	4456	4383	4397	101490	98049	0
2021-06-11	4422	4501	4412	4487	99609	102023	0
2021-06-15	4530	4559	4447	4532	73077	104467	0
2021-06-16	4515	4534	4479	4508	81764	103573	0
2021-06-17	4510	4542	4425	4479	100559	99370	0
2021-06-18	4464	4518	4427	4484	105428	101149	0
2021-06-21	4483	4550	4454	4517	96047	105138	0
2021-06-22	4500	4593	4481	4590	96299	110096	0
2021-06-23	4574	4674	4551	4671	112752	113882	0
2021-06-24	4680	4735	4665	4691	88440	112515	0
2021-06-25	4675	4855	4672	4844	123232	116534	0
2021-06-28	4833	4861	4735	4770	123672	107944	0
2021-06-29	4767	4784	4703	4739	106263	107310	0
2021-06-30	4764	4792	4716	4745	108242	105406	0
2021-07-01	4775	4830	4763	4817	126226	102448	0
2021-07-02	4884	4934	4841	4927	130546	104856	0
2021-07-05	4908	4978	4888	4974	94150	111244	0
2021-07-06	4983	5079	4938	5072	115457	116268	0
2021-07-07	5038	5047	4910	4965	151839	110985	0
2021-07-08	4944	4986	4833	4861	154768	109764	0
2021-07-09	4829	4892	4784	4835	120830	111260	0
2021-07-12	4867	4952	4806	4837	111507	112172	0
2021-07-13	4853	4932	4840	4931	73616	113279	0
2021-07-14	4914	4997	4887	4956	102646	113548	0
2021-07-15	4952	4960	4802	4814	102362	111074	0
2021-07-16	4801	4875	4785	4828	108742	111398	0
2021-07-19	4867	5041	4848	5022	152228	114912	0
2021-07-20	4938	4949	4714	4818	186794	106816	0
2021-07-21	4795	4865	4791	4804	108474	105582	0
2021-07-22	4855	4964	4855	4951	97468	109628	0
2021-07-23	4964	4996	4935	4964	74533	110228	0
2021-07-26	4982	5031	4915	4956	107271	105901	0
2021-07-27	5007	5017	4913	4935	97466	104561	0
2021-07-28	4909	4932	4830	4903	94314	101840	0
2021-07-29	4931	4983	4872	4978	95403	101814	0
2021-07-30	4970	5117	4946	5112	142400	101974	0
2021-08-02	5125	5154	4997	5074	152105	90549	0
2021-08-03	5085	5087	4993	4993	105717	87789	0
2021-08-04	4944	4972	4913	4950	109137	84424	0
2021-08-05	4924	4946	4839	4869	108783	85315	0
2021-08-06	4885	4964	4864	4953	88140	88118	0
2021-08-09	4982	4999	4882	4942	96131	91299	0
2021-08-10	4901	5073	4899	5063	111766	97344	0
2021-08-11	5071	5203	5046	5196	128218	107569	0
2021-08-12	5161	5263	5146	5175	115093	112655	0
2021-08-13	5172	5210	5124	5178	100092	111167	0
2021-08-16	5208	5217	5111	5140	87568	109462	0
2021-08-17	5109	5156	5046	5093	94889	105386	0
2021-08-18	5100	5165	5060	5136	97742	107664	0
2021-08-19	5145	5173	5010	5025	114476	106329	0
2021-08-20	4999	5005	4902	4930	109472	103618	0
2021-08-23	4878	4982	4849	4927	106145	103260	0
2021-08-24	4952	5020	4919	4952	101261	108910	0
2021-08-25	4966	4992	4909	4918	89599	110211	0
2021-08-26	4964	5001	4906	4989	99611	108170	0
2021-08-27	4998	5122	4936	5106	147185	112316	0
2021-08-30	5137	5145	5052	5094	104543	113278	0
2021-08-31	5099	5100	5028	5061	94716	110524	0
2021-09-01	5022	5113	5014	5095	110112	104284	0
2021-09-02	5074	5181	5048	5175	135831	112750	0
2021-09-03	5192	5319	5158	5314	151897	127227	0
2021-09-06	5283	5289	5158	5227	143039	124776	0
2021-09-07	5229	5314	5205	5284	128702	125436	0
2021-09-08	5245	5373	5202	5353	134941	131982	0
2021-09-09	5361	5556	5327	5396	213711	134525	0
2021-09-10	5355	5485	5281	5307	169306	132680	0
2021-09-13	5334	5479	5333	5400	136237	133089	0
2021-09-14	5477	5499	5374	5412	189471	135909	0
2021-09-15	5448	5577	5386	5548	198710	133852	0
2021-09-16	5590	5897	5590	5660	293886	139756	0
2021-09-17	5647	5755	5599	5684	189413	134262	0
2021-09-22	5604	5871	5513	5699	181798	138298	0
2021-09-23	5728	5896	5661	5735	216425	144981	0
2021-09-24	5756	5831	5642	5736	196029	143773	0
2021-09-27	5765	5971	5707	5872	246335	147935	0
2021-09-28	5932	6237	5852	6228	299689	160460	0
2021-09-29	6172	6271	6008	6048	317967	149856	0
2021-09-30	6104	6234	6051	6208	192960	145889	0
2021-10-08	6420	6620	6312	6452	162090	146301	0
2021-10-11	6441	6759	6410	6715	248981	157826	0
2021-10-12	6661	6800	6604	6672	239008	157328	0
2021-10-13	6673	6702	6168	6205	367724	150840	0
2021-10-14	6260	6349	5988	6209	342160	149042	0
2021-10-15	6304	6365	6171	6350	303137	150915	0
2021-10-18	6322	6598	6229	6453	344111	150070	0
2021-10-19	6471	6510	6292	6433	211811	150609	0
2021-10-20	6390	6425	5912	6134	358282	137874	0
2021-10-21	6145	6419	6138	6172	246419	140528	0
2021-10-22	6080	6207	5886	6036	336215	133836	0
2021-10-25	6139	6142	5840	5993	331263	125985	0
2021-10-26	6035	6039	5713	5827	290649	121686	0
2021-10-27	5797	5872	5516	5541	289991	115345	0
2021-10-28	5529	5611	5298	5421	309801	111079	0
2021-10-29	5399	5447	5314	5390	202207	106663	0
2021-11-01	5256	5522	5106	5389	294227	108223	0
2021-11-02	5437	5482	5256	5295	205947	121858	0
2021-11-03	5281	5332	4948	5006	322197	120495	0
2021-11-04	4929	5046	4749	4819	312242	125034	0
2021-11-05	4907	5017	4773	4805	230101	115705	0
2021-11-08	4824	5030	4751	4887	204665	120977	0
2021-11-09	4898	4937	4747	4790	145068	121399	0
2021-11-10	4791	4822	4626	4687	178829	124539	0
2021-11-11	4679	4833	4625	4724	211020	127199	0
2021-11-12	4719	4794	4658	4686	158008	128398	0
2021-11-15	4615	4666	4490	4505	183893	138722	0
2021-11-16	4490	4599	4490	4580	140448	133825	0
2021-11-17	4595	4754	4526	4751	189733	132929	0
2021-11-18	4760	4771	4629	4644	180370	128132	0
2021-11-19	4654	4853	4610	4804	174801	128687	0
2021-11-22	4720	4834	4661	4728	164187	127903	0
2021-11-23	4719	4735	4501	4512	174369	138404	0
2021-11-24	4539	4695	4509	4690	175385	130633	0
2021-11-25	4684	4793	4684	4748	159773	126323	0
2021-11-26	4740	4758	4503	4531	162171	127651	0
2021-11-29	4497	4604	4483	4550	171249	123397	0
2021-11-30	4538	4564	4242	4251	246868	135580	0
2021-12-01	4262	4312	4194	4238	185115	136174	0
2021-12-02	4258	4272	4177	4226	200986	142275	0
2021-12-03	4191	4191	4077	4111	234253	157001	0
2021-12-06	4144	4373	4089	4344	283454	161066	0
2021-12-07	4335	4383	4299	4372	227816	156944	0
2021-12-08	4412	4487	4362	4426	224686	149865	0
2021-12-09	4419	4433	4256	4261	213320	155422	0
2021-12-10	4241	4304	4206	4243	174009	152427	0
2021-12-13	4303	4397	4300	4337	207691	148432	0
2021-12-14	4322	4359	4237	4282	181979	141815	0
2021-12-15	4279	4310	4208	4239	167575	142329	0
2021-12-16	4263	4329	4250	4324	151902	139433	0
2021-12-17	4311	4487	4303	4306	268724	137688	0
2021-12-20	4286	4347	4186	4194	217620	140333	0
2021-12-21	4203	4319	4193	4311	140374	132953	0
2021-12-22	4327	4389	4269	4271	174047	140509	0
2021-12-23	4278	4445	4258	4433	198995	145588	0
2021-12-24	4423	4533	4389	4533	211914	144882	0
2021-12-27	4545	4617	4405	4463	279932	147332	0
2021-12-28	4460	4627	4457	4611	226796	151410	0
2021-12-29	4653	4678	4559	4595	208715	148733	0
2021-12-30	4604	4626	4492	4514	218705	149280	0
2021-12-31	4506	4723	4500	4718	275045	148961	0
2022-01-04	4712	4852	4697	4841	160563	150478	0
2022-01-05	4830	4897	4811	4888	209727	145796	0
2022-01-06	4903	4931	4792	4857	243890	149080	0
2022-01-07	4896	5057	4863	5043	281894	153521	0
2022-01-10	5023	5025	4889	4950	229018	151850	0
2022-01-11	4902	4941	4836	4904	239995	149785	0
2022-01-12	4942	4969	4826	4851	274224	153391	0
2022-01-13	4842	4965	4752	4764	364627	150606	0
2022-01-14	4783	4833	4711	4798	254450	147521	0
2022-01-17	4798	4798	4626	4677	287976	153673	0
2022-01-18	4694	4788	4663	4725	263003	154475	0
2022-01-19	4693	4847	4687	4745	322757	152808	0
2022-01-20	4758	4880	4648	4869	351768	149489	0
2022-01-21	4844	4922	4792	4880	323904	143170	0
2022-01-24	4892	4931	4671	4676	329143	147660	0
2022-01-25	4684	4691	4534	4588	273314	146590	0
2022-01-26	4581	4640	4568	4612	194084	140904	0
2022-01-27	4649	4756	4619	4735	202668	123017	0
2022-01-28	4788	4930	4764	4907	218112	110050	0
2022-02-07	5040	5344	5040	5336	152371	115087	0
2022-02-08	5329	5356	5279	5340	220551	122418	0
2022-02-09	5266	5321	5200	5265	231948	127194	0
2022-02-10	5243	5320	5144	5284	270689	127537	0
2022-02-11	5307	5382	5191	5203	298918	129171	0
2022-02-14	5261	5467	5172	5297	326532	130138	0
2022-02-15	5241	5321	5174	5317	236304	122774	0
2022-02-16	5192	5283	5141	5269	228967	121921	0
2022-02-17	5337	5367	5187	5329	220079	124136	0
2022-02-18	5362	5428	5330	5380	216534	122258	0
2022-02-21	5315	5324	5196	5241	214866	118289	0
2022-02-22	5294	5498	5280	5494	219446	117943	0
2022-02-23	5544	5638	5507	5598	194160	118221	0
2022-02-24	5638	6045	5555	5999	321645	120204	0
2022-02-25	6020	6099	5913	6034	323033	117746	0
2022-02-28	5995	6159	5829	6026	296401	111246	0
2022-03-01	5990	6042	5879	5979	201705	111087	0
2022-03-02	6076	6362	6018	6322	285602	111138	0
2022-03-03	6348	6612	6339	6538	290534	108949	0
2022-03-04	6495	6533	6191	6269	313582	106214	0
2022-03-07	6361	6785	6297	6749	257283	108220	0
2022-03-08	6632	6727	6361	6677	302012	115204	0
2022-03-09	6569	6761	6521	6661	231231	110999	0
2022-03-10	6442	6488	6128	6182	241608	109595	0
2022-03-11	6281	6405	6033	6186	239044	109535	0
2022-03-14	6183	6183	5822	5825	167360	110222	0
2022-03-15	5798	5839	5542	5608	188979	115700	0
2022-03-16	5575	5708	5522	5677	184284	114171	0
2022-03-17	5677	5730	5552	5637	165168	114767	0
2022-03-18	5788	5946	5737	5918	162333	115437	0
2022-03-21	5846	5958	5731	5910	160445	116254	0
2022-03-22	5945	6214	5914	6174	168341	120465	0
2022-03-23	6131	6136	6038	6101	122595	114224	0
2022-03-24	6252	6394	6120	6135	171505	115404	0
2022-03-25	6205	6315	6148	6297	151519	112025	0
2022-03-28	6245	6288	6076	6092	168481	112722	0
2022-03-29	6037	6137	6000	6104	133065	108279	0
2022-03-30	5914	6100	5865	6099	157450	108813	0
2022-03-31	6165	6232	6026	6103	163515	104046	0
2022-04-01	6076	6146	5818	5833	182149	102657	0
2022-04-06	5895	5981	5848	5895	99003	102014	0
2022-04-07	5931	5937	5692	5765	153918	110315	0
2022-04-08	5731	5767	5576	5641	137240	112413	0
2022-04-11	5658	5789	5613	5743	146422	112522	0
2022-04-12	5694	5882	5596	5856	158987	108204	0
2022-04-13	5888	5947	5848	5882	139732	108339	0
2022-04-14	5955	6121	5948	6086	158581	111331	0
2022-04-15	6043	6229	6020	6181	134919	110278	0
2022-04-18	6146	6308	6097	6288	157302	113138	0
2022-04-19	6321	6324	6120	6156	168953	108473	0
2022-04-20	6099	6184	6007	6128	165129	109569	0
2022-04-21	6157	6225	6079	6221	158667	109434	0
2022-04-22	6171	6209	5971	5999	176324	104625	0
2022-04-25	6003	6028	5753	5785	166768	100365	0
2022-04-26	5776	5956	5715	5878	159449	97318	0
2022-04-27	5927	6169	5924	6127	172944	97381	0
2022-04-28	6084	6086	5897	5974	196599	91994	0
2022-04-29	5964	6192	5933	6083	188510	90724	0
2022-05-05	6173	6271	6141	6207	97855	94700	0
2022-05-06	6248	6304	6098	6153	174645	97811	0
2022-05-09	6128	6144	5952	6088	204887	98336	0
2022-05-10	6035	6102	5881	5933	209430	100545	0
2022-05-11	5976	6151	5884	6150	188212	104888	0
2022-05-12	6146	6212	6064	6092	190501	101920	0
2022-05-13	6096	6225	6083	6143	162865	104015	0
2022-05-16	6200	6229	6005	6007	194483	104981	0
2022-05-17	6059	6274	6058	6251	172155	112156	0
2022-05-18	6238	6243	6065	6066	133929	105467	0
数据来源:通达信
