PKL9 花生指数 日线 前复权
      日期	    开盘	    最高	    最低	    收盘	    成交量	    持仓量	    结算价
2021-02-02	10552	10754	10356	10416	576862	47771	0
2021-02-03	10310	10392	10130	10304	371977	42451	0
2021-02-04	10402	10414	10234	10304	165160	37126	0
2021-02-05	10332	10390	10268	10288	103504	30463	0
2021-02-08	10312	10454	10286	10346	93421	28899	0
2021-02-09	10402	10442	10354	10376	68874	24360	0
2021-02-10	10386	10422	10290	10352	43807	21312	0
2021-02-18	10408	10494	10378	10396	30053	21069	0
2021-02-19	10344	10374	10282	10364	27620	21015	0
2021-02-22	10434	10722	10404	10648	57417	24422	0
2021-02-23	10714	10948	10598	10672	93477	25281	0
2021-02-24	10698	10766	10548	10670	43587	24618	0
2021-02-25	10746	10874	10730	10810	39039	26715	0
2021-02-26	10668	10800	10644	10752	28072	24427	0
2021-03-01	10934	11202	10912	11044	73012	26769	0
2021-03-02	11010	11122	10776	10864	49250	23796	0
2021-03-03	10948	10948	10740	10840	30802	22867	0
2021-03-04	10818	10948	10794	10866	30293	23130	0
2021-03-05	10844	10844	10624	10720	22033	20481	0
2021-03-08	11012	11082	10882	10982	37187	22862	0
2021-03-09	10954	10958	10728	10740	20557	20592	0
2021-03-10	10752	10902	10712	10824	21939	20725	0
2021-03-11	10772	10806	10662	10772	18130	20187	0
2021-03-12	10840	10850	10742	10776	10958	19729	0
2021-03-15	10764	10810	10734	10788	11192	19365	0
2021-03-16	10800	10856	10698	10704	15936	19086	0
2021-03-17	10638	10692	10636	10638	9443	18475	0
2021-03-18	10618	10628	10504	10542	14608	17858	0
2021-03-19	10492	10492	10386	10432	13076	15806	0
2021-03-22	10452	10540	10424	10446	8791	15737	0
2021-03-23	10518	10566	10470	10512	9795	15409	0
2021-03-24	10464	10502	10414	10480	5585	14715	0
2021-03-25	10478	10604	10478	10562	9577	14131	0
2021-03-26	10458	10508	10416	10450	9272	13343	0
2021-03-29	10434	10450	10306	10318	10190	13984	0
2021-03-30	10328	10378	10328	10370	6828	13600	0
2021-03-31	10340	10380	10276	10360	6733	12909	0
2021-04-01	10430	10520	10418	10464	11325	12476	0
2021-04-02	10452	10488	10424	10466	4479	12100	0
2021-04-06	10428	10480	10412	10462	3705	12128	0
2021-04-07	10524	10652	10488	10530	16227	12800	0
2021-04-08	10520	10546	10478	10520	4764	12685	0
2021-04-09	10542	10548	10392	10392	7348	12008	0
2021-04-12	10358	10396	10322	10338	7025	12442	0
2021-04-13	10314	10330	10238	10316	8523	12686	0
2021-04-14	10350	10350	10294	10318	4555	12668	0
2021-04-15	10330	10366	10286	10346	6672	12823	0
2021-04-16	10384	10420	10368	10410	7632	12817	0
2021-04-19	10438	10450	10276	10352	6448	12606	0
2021-04-20	10346	10390	10336	10382	4119	12656	0
2021-04-21	10378	10386	10300	10328	6349	12938	0
2021-04-22	10334	10484	10330	10458	13157	13839	0
2021-04-23	10508	10540	10440	10452	8866	14201	0
2021-04-26	10484	10544	10424	10436	7265	14058	0
2021-04-27	10458	10516	10446	10484	8469	14737	0
2021-04-28	10424	10440	10358	10364	9592	13543	0
2021-04-29	10398	10428	10346	10388	5830	13282	0
2021-04-30	10368	10408	10312	10386	5339	12724	0
2021-05-06	10452	10532	10418	10510	11896	14056	0
2021-05-07	10540	10616	10538	10550	10939	14800	0
2021-05-10	10574	10620	10514	10550	9135	14715	0
2021-05-11	10514	10516	10292	10296	14921	13600	0
2021-05-12	10352	10360	10086	10284	31416	16327	0
2021-05-13	10280	10500	10226	10260	16722	15481	0
2021-05-14	10216	10238	10132	10174	13524	15793	0
2021-05-17	10194	10272	10154	10226	8017	15254	0
2021-05-18	10226	10250	10182	10204	5997	15182	0
2021-05-19	10152	10176	10120	10138	8156	15034	0
2021-05-20	10022	10254	10002	10192	16055	15300	0
2021-05-21	10170	10446	10170	10344	40857	17941	0
2021-05-24	10280	10354	10202	10234	16974	16869	0
2021-05-25	10240	10294	10240	10276	9095	16875	0
2021-05-26	10220	10246	10056	10062	16699	17189	0
2021-05-27	10042	10112	10008	10048	15570	18395	0
2021-05-28	10142	10162	10058	10068	11737	17702	0
2021-05-31	10070	10086	9974	10030	16443	18461	0
2021-06-01	10032	10058	9992	10022	11161	18740	0
2021-06-02	10046	10122	10014	10058	14639	18385	0
2021-06-03	10088	10100	10036	10070	9670	18474	0
2021-06-04	10018	10066	9988	9990	10954	18931	0
2021-06-07	9946	9946	9360	9410	122908	34185	0
2021-06-08	9360	9434	9168	9224	96384	37776	0
2021-06-09	9252	9312	9214	9220	44942	37698	0
2021-06-10	9226	9310	9218	9276	33318	34985	0
2021-06-11	9246	9404	9068	9354	95637	31464	0
2021-06-15	9274	9278	9214	9256	28838	31551	0
2021-06-16	9276	9306	9182	9234	23538	29988	0
2021-06-17	9216	9246	9136	9142	20488	31194	0
2021-06-18	9010	9082	8880	9004	55850	30392	0
2021-06-21	9014	9030	8864	8864	26912	33842	0
2021-06-22	8910	8994	8908	8978	21814	31817	0
2021-06-23	9002	9106	8982	9082	29297	31285	0
2021-06-24	9102	9134	9008	9012	18033	32335	0
2021-06-25	9042	9084	9038	9058	15004	32758	0
2021-06-28	9002	9168	9000	9122	29465	32641	0
2021-06-29	9130	9186	9098	9104	19849	33287	0
2021-06-30	9136	9168	9110	9130	14624	33368	0
2021-07-01	9162	9242	9142	9172	27994	34236	0
2021-07-02	9182	9198	9080	9092	19579	35822	0
2021-07-05	9082	9144	8990	9072	21862	37768	0
2021-07-06	9094	9130	9072	9082	18407	38053	0
2021-07-07	9030	9082	9012	9036	16544	39598	0
2021-07-08	9026	9044	8972	9030	18750	40108	0
2021-07-09	9054	9094	9008	9014	24513	42508	0
2021-07-12	9052	9058	8964	8984	17881	44380	0
2021-07-13	9010	9022	8936	8940	18733	46621	0
2021-07-14	8912	9026	8882	8970	30597	48076	0
2021-07-15	8972	9030	8964	8990	25164	49681	0
2021-07-16	9018	9100	9000	9072	32770	47388	0
2021-07-19	9212	9650	9204	9520	177265	49547	0
2021-07-20	9492	9622	9374	9454	106401	49063	0
2021-07-21	9910	9916	9496	9504	208018	61855	0
2021-07-22	9550	9630	9266	9286	148366	66618	0
2021-07-23	9328	9392	9246	9318	88238	69988	0
2021-07-26	9398	9528	9276	9338	147390	80487	0
2021-07-27	9406	9434	9190	9192	130338	89548	0
2021-07-28	9218	9294	9150	9246	102704	97547	0
2021-07-29	9280	9312	9236	9274	69942	102927	0
2021-07-30	9278	9294	9116	9122	105599	106199	0
2021-08-02	9058	9132	9036	9096	84736	110708	0
2021-08-03	9108	9170	9086	9104	82476	111299	0
2021-08-04	9134	9230	9126	9190	69537	110303	0
2021-08-05	9208	9214	9132	9134	51702	106105	0
2021-08-06	9124	9190	9104	9114	51909	103360	0
2021-08-09	9124	9190	9120	9174	49096	97591	0
2021-08-10	9182	9282	9138	9158	92618	99948	0
2021-08-11	9186	9204	9150	9160	43990	96920	0
2021-08-12	9174	9182	9106	9126	46771	95671	0
2021-08-13	9148	9216	9140	9172	58121	92570	0
2021-08-16	9234	9308	9214	9228	77182	100984	0
2021-08-17	9270	9406	9248	9388	101075	108302	0
2021-08-18	9378	9406	9280	9300	96617	108481	0
2021-08-19	9280	9306	9090	9128	107382	90722	0
2021-08-20	9092	9128	8964	8974	79114	91449	0
2021-08-23	9050	9098	9018	9082	53922	86361	0
2021-08-24	9102	9108	8912	8936	92892	97373	0
2021-08-25	8876	8932	8782	8786	131453	108941	0
2021-08-26	8800	8846	8718	8730	91771	110909	0
2021-08-27	8734	8826	8678	8798	92751	103528	0
2021-08-30	8838	8844	8676	8688	68605	110925	0
2021-08-31	8712	8752	8698	8726	45917	109001	0
2021-09-01	8732	8734	8514	8534	98220	112371	0
2021-09-02	8534	8594	8500	8572	63524	105941	0
2021-09-03	8584	8700	8568	8690	65301	101808	0
2021-09-06	8678	8762	8638	8668	75923	104110	0
2021-09-07	8656	8758	8568	8746	97691	103701	0
2021-09-08	8766	8820	8660	8676	82392	103510	0
2021-09-09	8686	8746	8638	8692	73148	95174	0
2021-09-10	8690	8710	8544	8576	89639	96554	0
2021-09-13	8562	8696	8558	8626	61905	93285	0
2021-09-14	8626	8698	8614	8620	57944	93533	0
2021-09-15	8614	8648	8540	8542	50145	93357	0
2021-09-16	8526	8534	8356	8364	101916	94068	0
2021-09-17	8378	8398	8316	8338	60449	89940	0
2021-09-22	8370	8566	8346	8508	79638	82005	0
2021-09-23	8486	8602	8482	8540	67952	74550	0
2021-09-24	8548	8594	8450	8510	84637	81331	0
2021-09-27	8602	8650	8528	8560	86190	83379	0
2021-09-28	8530	8564	8434	8440	82688	85979	0
2021-09-29	8410	8458	8360	8370	58996	83080	0
2021-09-30	8402	8460	8338	8438	77879	78353	0
2021-10-08	8498	8672	8442	8458	126818	92122	0
2021-10-11	8494	8806	8490	8742	211032	118144	0
2021-10-12	8772	8926	8622	8784	246777	134131	0
2021-10-13	8840	8848	8436	8664	220646	127517	0
2021-10-14	8624	8754	8604	8626	126352	134253	0
2021-10-15	8660	8690	8558	8560	115351	138531	0
2021-10-18	8528	8624	8512	8574	144713	139751	0
2021-10-19	8560	8814	8528	8706	277645	160742	0
2021-10-20	8692	8902	8670	8844	326416	171241	0
2021-10-21	8948	9198	8736	8770	455707	169634	0
2021-10-22	8770	8866	8646	8778	260910	166639	0
2021-10-25	8906	9122	8874	9034	351239	173178	0
2021-10-26	9142	9200	8912	8998	281383	170089	0
2021-10-27	8992	9058	8830	8846	197064	165784	0
2021-10-28	8864	8916	8674	8790	250841	162005	0
2021-10-29	8862	8880	8746	8808	152987	164034	0
2021-11-01	8856	8948	8776	8816	156798	163793	0
2021-11-02	8860	8968	8732	8950	204382	153366	0
2021-11-03	8980	8980	8870	8918	144834	154216	0
2021-11-04	8822	8904	8768	8786	133413	145842	0
2021-11-05	8788	8956	8764	8864	155297	141664	0
2021-11-08	8920	8930	8788	8804	109996	148983	0
2021-11-09	8824	8838	8724	8738	94245	149799	0
2021-11-10	8752	8828	8724	8818	83418	143814	0
2021-11-11	8838	8904	8752	8756	117227	141453	0
2021-11-12	8780	8798	8614	8618	126801	152461	0
2021-11-15	8616	8662	8536	8616	101627	155331	0
2021-11-16	8628	8656	8534	8538	82490	161723	0
2021-11-17	8546	8604	8542	8568	47399	159079	0
2021-11-18	8580	8586	8506	8524	58697	159895	0
2021-11-19	8536	8648	8528	8634	84258	154635	0
2021-11-22	8652	8652	8536	8552	75946	158447	0
2021-11-23	8566	8570	8478	8480	84970	166446	0
2021-11-24	8484	8526	8476	8494	62817	168818	0
2021-11-25	8510	8574	8500	8546	81024	172577	0
2021-11-26	8492	8522	8404	8404	96049	177270	0
2021-11-29	8418	8452	8372	8374	81361	180190	0
2021-11-30	8346	8348	8150	8212	147739	175309	0
2021-12-01	8202	8246	8180	8204	70333	179481	0
2021-12-02	8172	8216	8146	8156	74612	182190	0
2021-12-03	8204	8242	8170	8176	83743	183566	0
2021-12-06	8224	8304	8210	8234	75986	180672	0
2021-12-07	8250	8262	8192	8200	76186	186894	0
2021-12-08	8208	8210	8082	8094	109631	191434	0
2021-12-09	8090	8158	8064	8066	97015	191670	0
2021-12-10	8078	8094	8024	8042	101939	190047	0
2021-12-13	8054	8182	8054	8176	103793	182701	0
2021-12-14	8178	8278	8170	8222	123925	181639	0
2021-12-15	8220	8246	8176	8224	109735	181666	0
2021-12-16	8248	8262	8192	8228	84415	182450	0
2021-12-17	8248	8280	8160	8172	106787	191136	0
2021-12-20	8170	8188	8044	8046	132620	200995	0
2021-12-21	8038	8088	8030	8078	67810	201265	0
2021-12-22	8114	8134	8064	8086	67371	199498	0
2021-12-23	8108	8152	8100	8114	74113	195642	0
2021-12-24	8136	8166	8118	8148	62369	191291	0
2021-12-27	8178	8258	8158	8252	104102	185990	0
2021-12-28	8276	8320	8230	8290	117052	182110	0
2021-12-29	8274	8276	8204	8212	77827	184381	0
2021-12-30	8226	8230	8164	8196	87865	186117	0
2021-12-31	8206	8260	8152	8252	114880	175768	0
2022-01-04	8266	8270	8176	8188	102917	183366	0
2022-01-05	8212	8240	8188	8192	84779	187939	0
2022-01-06	8196	8242	8064	8066	187307	210961	0
2022-01-07	8044	8102	8044	8056	119639	226565	0
2022-01-10	7960	7970	7808	7812	214583	259556	0
2022-01-11	7844	7936	7832	7852	173240	251910	0
2022-01-12	7882	7928	7848	7904	129811	247307	0
2022-01-13	7912	7944	7870	7878	115238	249979	0
2022-01-14	7886	7992	7854	7964	143274	235750	0
2022-01-17	8016	8104	8000	8102	179591	215703	0
2022-01-18	8072	8086	7996	8014	131728	228533	0
2022-01-19	8044	8092	8000	8030	116898	224188	0
2022-01-20	8074	8090	8016	8034	99494	227382	0
2022-01-21	8058	8064	7940	8012	163514	225877	0
2022-01-24	8026	8054	7988	8006	105549	224494	0
2022-01-25	7986	8020	7898	7902	113049	221877	0
2022-01-26	7918	7948	7906	7928	60361	221190	0
2022-01-27	7952	8032	7948	7986	97598	206833	0
2022-01-28	8020	8064	7996	8052	91144	192920	0
2022-02-07	8148	8258	8090	8204	141864	206002	0
2022-02-08	8238	8268	8158	8186	136704	218241	0
2022-02-09	8170	8194	8128	8166	89601	221539	0
2022-02-10	8192	8222	8118	8144	102920	225380	0
2022-02-11	8136	8166	8026	8030	129797	224590	0
2022-02-14	8060	8082	8004	8038	101080	230446	0
2022-02-15	8030	8086	8022	8074	102674	235815	0
2022-02-16	8056	8100	8022	8026	112373	239239	0
2022-02-17	8042	8074	7968	8042	135313	232769	0
2022-02-18	8064	8084	8038	8044	78239	233297	0
2022-02-21	8070	8192	8066	8172	159395	235134	0
2022-02-22	8184	8188	8030	8032	174029	226696	0
2022-02-23	8060	8068	7996	8052	119475	224452	0
2022-02-24	8060	8518	8046	8376	332833	197330	0
2022-02-25	8246	8302	8136	8226	224627	192192	0
2022-02-28	8326	8550	8274	8522	276581	183475	0
2022-03-01	8534	8654	8448	8556	245064	182160	0
2022-03-02	8670	8696	8512	8562	193012	169068	0
2022-03-03	8596	8768	8578	8754	179645	158403	0
2022-03-04	8734	9076	8724	8862	429981	150206	0
2022-03-07	8998	9012	8762	8818	175397	148941	0
2022-03-08	8756	8788	8610	8648	172817	142123	0
2022-03-09	8706	8824	8638	8766	156115	139894	0
2022-03-10	8568	8664	8554	8606	107256	126381	0
2022-03-11	8654	8728	8566	8626	111531	121535	0
2022-03-14	8694	8830	8686	8814	144631	118583	0
2022-03-15	8884	8986	8730	8772	177831	103202	0
2022-03-16	8850	8948	8832	8918	98036	98023	0
2022-03-17	8934	8956	8850	8952	81806	92165	0
2022-03-18	8976	8998	8918	8976	63334	93901	0
2022-03-21	9008	9192	8962	9186	95501	96934	0
2022-03-22	9230	9294	9144	9246	95011	94866	0
2022-03-23	9280	9366	9222	9364	72762	91206	0
2022-03-24	9486	9508	9310	9358	116925	89794	0
2022-03-25	9348	9422	9294	9384	80057	85491	0
2022-03-28	9448	9540	9448	9506	71296	85120	0
2022-03-29	9490	9572	9428	9566	63857	82915	0
2022-03-30	9572	9596	9514	9582	55934	80708	0
2022-03-31	9578	9652	9522	9630	56858	77519	0
2022-04-01	9588	9588	9344	9358	88303	72846	0
2022-04-06	9284	9390	9242	9346	68639	72810	0
2022-04-07	9344	9434	9332	9374	62656	73629	0
2022-04-08	9400	9420	9330	9394	40152	72797	0
2022-04-11	9428	9490	9414	9462	50280	74837	0
2022-04-12	9488	9536	9440	9490	52412	74321	0
2022-04-13	9470	9506	9370	9470	70200	75706	0
2022-04-14	9468	9494	9432	9434	35327	76941	0
2022-04-15	9448	9474	9384	9420	44301	77822	0
2022-04-18	9428	9596	9352	9582	84719	82682	0
2022-04-19	9620	9650	9484	9508	100897	85797	0
2022-04-20	9518	9540	9302	9304	98124	88359	0
2022-04-21	9322	9354	9250	9274	80521	91138	0
2022-04-22	9276	9276	9048	9050	97361	98811	0
2022-04-25	9012	9130	9010	9056	87565	97865	0
2022-04-26	9128	9172	9084	9146	75482	96496	0
2022-04-27	9128	9202	9068	9168	71613	98539	0
2022-04-28	9202	9222	9136	9210	65023	99954	0
2022-04-29	9262	9480	9262	9440	92778	89722	0
2022-05-05	9546	9746	9546	9726	121275	92236	0
2022-05-06	9660	9712	9608	9646	102049	89713	0
2022-05-09	9632	9740	9566	9686	93825	92727	0
2022-05-10	9624	9762	9550	9690	116766	98755	0
2022-05-11	9674	9844	9672	9798	123635	108017	0
2022-05-12	9862	9928	9730	9780	136129	109385	0
2022-05-13	9858	9902	9832	9890	65271	110266	0
2022-05-16	10118	10492	10082	10422	271909	141170	0
2022-05-17	10452	10524	10326	10464	230003	139925	0
2022-05-18	10414	10446	10352	10366	70483	140400	0
数据来源:通达信
