PPL9 丙烯指数 日线 前复权
      日期	    开盘	    最高	    最低	    收盘	    成交量	    持仓量	    结算价
2014-03-03	10555	10608	10428	10445	86752	40130	0
2014-03-04	10460	10495	10410	10482	64078	48000	0
2014-03-05	10477	10520	10469	10512	41474	52438	0
2014-03-06	10510	10510	10303	10374	109558	63544	0
2014-03-07	10364	10388	10323	10359	58268	69598	0
2014-03-10	10335	10335	10158	10228	105576	78834	0
2014-03-11	10221	10455	10195	10322	82962	69996	0
2014-03-12	10293	10351	10226	10351	56550	81570	0
2014-03-13	10312	10384	10312	10360	31240	80978	0
2014-03-14	10349	10367	10284	10326	59852	80264	0
2014-03-17	10316	10425	10276	10311	33668	78586	0
2014-03-18	10274	10425	10272	10423	67846	76776	0
2014-03-19	10398	10472	10353	10353	42368	73014	0
2014-03-20	10372	10404	10339	10390	28612	68204	0
2014-03-21	10365	10433	10357	10420	26596	68196	0
2014-03-24	10412	10448	10389	10433	27012	71252	0
2014-03-25	10433	10566	10417	10527	59586	67820	0
2014-03-26	10501	10640	10501	10605	127016	73914	0
2014-03-27	10598	10613	10561	10579	47956	72704	0
2014-03-28	10583	10682	10579	10678	79232	77842	0
2014-03-31	10665	10691	10628	10646	43252	76736	0
2014-04-01	10651	10750	10623	10729	106626	87132	0
2014-04-02	10651	10723	10651	10688	52674	91006	0
2014-04-03	10682	10730	10626	10706	73994	94524	0
2014-04-04	10704	10841	10704	10831	97030	101678	0
2014-04-08	10821	10848	10744	10767	73248	104162	0
2014-04-09	10799	10799	10677	10746	87124	106090	0
2014-04-10	10760	10813	10695	10695	76676	107586	0
2014-04-11	10690	10731	10642	10716	63636	108812	0
2014-04-14	10755	10783	10698	10769	74690	115004	0
2014-04-15	10773	10825	10740	10794	92340	119642	0
2014-04-16	10782	10802	10748	10773	55024	120432	0
2014-04-17	10770	10899	10764	10875	115848	124526	0
2014-04-18	10884	10885	10797	10874	82298	118840	0
2014-04-21	10874	10932	10833	10888	56768	120784	0
2014-04-22	10887	11034	10860	10970	148238	134206	0
2014-04-23	10980	10981	10864	10922	92772	134512	0
2014-04-24	10919	10944	10813	10887	128014	132912	0
2014-04-25	10893	10909	10686	10701	128374	134070	0
2014-04-28	10713	10724	10665	10704	69638	129432	0
2014-04-29	10698	10762	10654	10752	93386	130328	0
2014-04-30	10752	10768	10706	10738	81300	138830	0
2014-05-05	10740	10833	10670	10832	128048	138944	0
2014-05-06	10813	10874	10795	10834	134888	138130	0
2014-05-07	10834	10941	10809	10907	175206	126888	0
2014-05-08	10927	10927	10821	10847	93844	121286	0
2014-05-09	10857	10857	10727	10746	105880	124190	0
2014-05-12	10763	10801	10690	10722	127566	119884	0
2014-05-13	10743	10754	10699	10748	83646	116860	0
2014-05-14	10773	10780	10689	10720	93664	119536	0
2014-05-15	10709	10709	10637	10643	115064	127524	0
2014-05-16	10635	10655	10569	10638	116590	136600	0
2014-05-19	10631	10695	10591	10643	119174	145730	0
2014-05-20	10629	10649	10573	10639	99308	152770	0
2014-05-21	10623	10732	10602	10708	160408	155360	0
2014-05-22	10705	10862	10699	10859	170954	166674	0
2014-05-23	10844	10952	10815	10941	243122	168986	0
2014-05-26	10927	10971	10877	10946	177868	178126	0
2014-05-27	10927	10934	10711	10714	186206	157096	0
2014-05-28	10727	10746	10651	10745	96936	150394	0
2014-05-29	10713	10846	10713	10803	139892	151048	0
2014-05-30	10798	10856	10742	10850	130402	152552	0
2014-06-03	10852	10943	10837	10937	140004	161952	0
2014-06-04	10927	11017	10910	10935	183772	164090	0
2014-06-05	10935	11009	10893	10979	192824	172038	0
2014-06-06	10976	11007	10931	10958	155056	170816	0
2014-06-09	10939	10975	10887	10929	138218	176606	0
2014-06-10	10943	11189	10943	11184	339256	205172	0
2014-06-11	11154	11289	11132	11185	530670	199904	0
2014-06-12	11167	11230	11114	11188	271674	200136	0
2014-06-13	11224	11364	11207	11227	362106	194304	0
2014-06-16	11245	11278	11150	11256	267230	192652	0
2014-06-17	11227	11266	11057	11081	323870	176956	0
2014-06-18	11103	11117	10985	11009	333538	179650	0
2014-06-19	11042	11044	10949	10960	197558	177404	0
2014-06-20	10971	11023	10926	11010	174102	183170	0
2014-06-23	10980	11020	10698	10698	398014	209566	0
2014-06-24	10742	10742	10663	10670	254994	212524	0
2014-06-25	10662	10698	10598	10641	296258	209696	0
2014-06-26	10642	10704	10609	10642	244928	219176	0
2014-06-27	10634	10743	10625	10698	232048	220352	0
2014-06-30	10695	10772	10675	10734	214600	221446	0
2014-07-01	10749	10872	10698	10861	375224	233086	0
2014-07-02	10839	10906	10645	10816	358204	211130	0
2014-07-03	10823	10916	10798	10841	277106	211344	0
2014-07-04	10859	10967	10833	10926	286032	220534	0
2014-07-07	10922	10997	10872	10961	252700	222020	0
2014-07-08	10950	10969	10840	10922	258046	224200	0
2014-07-09	10918	10941	10715	10782	288490	225702	0
2014-07-10	10798	10807	10731	10765	157108	227134	0
2014-07-11	10796	10822	10733	10790	191038	226420	0
2014-07-14	10755	10807	10716	10780	160844	220190	0
2014-07-15	10776	10888	10776	10814	256094	220756	0
2014-07-16	10794	10865	10721	10862	259730	231506	0
2014-07-17	10838	10904	10756	10757	241754	228430	0
2014-07-18	10788	10788	10558	10594	353374	222400	0
2014-07-21	10590	10651	10575	10621	210206	226676	0
2014-07-22	10626	10686	10599	10621	193640	226756	0
2014-07-23	10613	10680	10595	10674	189518	229930	0
2014-07-24	10669	10718	10660	10662	149688	226722	0
2014-07-25	10674	10771	10631	10771	203430	227544	0
2014-07-28	10731	10865	10731	10859	222056	233334	0
2014-07-29	10828	10938	10828	10917	194304	228940	0
2014-07-30	10890	10928	10865	10887	140238	224198	0
2014-07-31	10878	10878	10816	10836	112696	216022	0
2014-08-01	10814	10888	10773	10779	206668	214450	0
2014-08-04	10824	10824	10745	10790	117180	212084	0
2014-08-05	10781	10820	10658	10701	218748	209656	0
2014-08-06	10720	10746	10677	10734	131936	209702	0
2014-08-07	10718	10736	10669	10704	119174	209762	0
2014-08-08	10704	10722	10598	10650	164064	206604	0
2014-08-11	10649	10719	10639	10645	148112	188346	0
2014-08-12	10648	10648	10555	10555	132212	184130	0
2014-08-13	10572	10572	10478	10509	135538	185330	0
2014-08-14	10501	10542	10440	10498	204072	184620	0
2014-08-15	10486	10565	10456	10563	158344	179226	0
2014-08-18	10511	10589	10511	10579	131176	179860	0
2014-08-19	10560	10605	10553	10586	114888	181612	0
2014-08-20	10570	10571	10479	10498	177882	183518	0
2014-08-21	10565	10626	10532	10624	161960	192134	0
2014-08-22	10625	10628	10573	10592	151922	191358	0
2014-08-25	10566	10596	10534	10591	117542	193168	0
2014-08-26	10585	10627	10531	10575	164428	195062	0
2014-08-27	10574	10591	10549	10556	140810	192734	0
2014-08-28	10518	10563	10494	10512	138976	190982	0
2014-08-29	10491	10529	10456	10468	168192	194872	0
2014-09-01	10478	10501	10418	10445	126290	204684	0
2014-09-02	10449	10543	10449	10542	144870	195818	0
2014-09-03	10515	10545	10494	10545	125770	208144	0
2014-09-04	10567	10692	10555	10615	409918	274636	0
2014-09-05	10621	10623	10486	10502	218130	262690	0
2014-09-09	10494	10502	10404	10423	221128	258034	0
2014-09-10	10432	10457	10349	10355	154852	259350	0
2014-09-11	10332	10352	10285	10337	175072	257284	0
2014-09-12	10351	10359	10215	10274	205488	260850	0
2014-09-15	10262	10325	10241	10287	129732	251822	0
2014-09-16	10296	10370	10269	10314	159070	248272	0
2014-09-17	10376	10376	10251	10254	153302	251244	0
2014-09-18	10234	10240	10170	10176	181256	260026	0
2014-09-19	10143	10194	10110	10135	160898	259078	0
2014-09-22	10086	10090	9917	9954	214798	250134	0
2014-09-23	9945	9990	9810	9897	256946	260532	0
2014-09-24	9908	10009	9872	10007	202238	265582	0
2014-09-25	10054	10078	9966	10058	220494	268436	0
2014-09-26	10042	10118	9985	10095	214062	257044	0
2014-09-29	10129	10202	10004	10202	188894	245166	0
2014-09-30	10195	10243	10160	10241	149340	236066	0
2014-10-08	10082	10093	9892	9918	240272	247358	0
2014-10-09	9936	9962	9873	9925	187854	254536	0
2014-10-10	9753	9755	9534	9554	342542	271864	0
2014-10-13	9569	9720	9569	9631	221520	260092	0
2014-10-14	9676	9748	9639	9720	201544	247886	0
2014-10-15	9501	9782	9501	9709	351522	243614	0
2014-10-16	9648	9668	9539	9615	282648	258768	0
2014-10-17	9699	9701	9327	9341	513122	293114	0
2014-10-20	9346	9402	9219	9226	445216	318866	0
2014-10-21	9246	9250	9152	9200	424712	317960	0
2014-10-22	9216	9274	9214	9240	229862	312628	0
2014-10-23	9179	9381	9175	9364	405728	295060	0
2014-10-24	9408	9615	9406	9574	508344	286838	0
2014-10-27	9569	9602	9498	9531	348018	292608	0
2014-10-28	9587	9718	9586	9674	475434	307110	0
2014-10-29	9721	9760	9654	9759	387052	308086	0
2014-10-30	9780	9806	9696	9735	384390	280996	0
2014-10-31	9697	9822	9614	9786	555700	265600	0
2014-11-03	9751	9804	9663	9701	353208	257982	0
2014-11-04	9621	9667	9512	9529	444206	269502	0
2014-11-05	9466	9482	9304	9310	348096	271202	0
2014-11-06	9423	9516	9383	9491	543198	292648	0
2014-11-07	9469	9583	9444	9546	484496	308012	0
2014-11-10	9600	9662	9544	9647	418452	326626	0
2014-11-11	9579	9584	9386	9415	566424	328624	0
2014-11-12	9435	9477	9386	9400	381610	319024	0
2014-11-13	9368	9467	9324	9446	473048	330546	0
2014-11-14	9294	9366	9239	9308	499552	342366	0
2014-11-17	9376	9403	9279	9291	334090	339552	0
2014-11-18	9288	9314	9191	9232	354218	341948	0
2014-11-19	9203	9343	9158	9260	428282	335752	0
2014-11-20	9254	9284	9170	9173	321454	336736	0
2014-11-21	9244	9244	9175	9230	305642	343218	0
2014-11-24	9238	9314	9128	9161	376062	329704	0
2014-11-25	9133	9206	9027	9189	458010	339826	0
2014-11-26	9133	9149	9064	9116	308616	337664	0
2014-11-27	9093	9161	9060	9141	297868	340176	0
2014-11-28	8920	8965	8728	8774	543480	338700	0
2014-12-01	8575	8575	8466	8468	335274	319486	0
2014-12-02	8683	8728	8532	8544	297714	310786	0
2014-12-03	8484	8506	8361	8423	352238	322874	0
2014-12-04	8415	8475	8391	8416	361500	309696	0
2014-12-05	8373	8391	8265	8320	294748	303260	0
2014-12-08	8274	8350	8150	8154	367600	315678	0
2014-12-09	8020	8022	7882	7907	315410	317856	0
2014-12-10	7938	7951	7820	7890	381840	313620	0
2014-12-11	7779	7808	7718	7792	399016	318558	0
2014-12-12	7713	7854	7700	7823	392354	318714	0
2014-12-15	7753	8011	7639	7960	871972	332348	0
2014-12-16	7863	7950	7847	7905	641170	339978	0
2014-12-17	7937	7968	7764	7871	744748	347322	0
2014-12-18	7943	8019	7866	7936	776104	382902	0
2014-12-19	7912	7934	7844	7880	520400	372070	0
2014-12-22	7983	8103	7928	7943	726172	370962	0
2014-12-23	7885	7929	7846	7886	436238	355282	0
2014-12-24	7949	7950	7832	7911	537866	365710	0
2014-12-25	7907	7952	7859	7870	379974	371328	0
2014-12-26	7879	7904	7811	7820	458618	372456	0
2014-12-29	7828	7878	7796	7814	373918	372774	0
2014-12-30	7786	7983	7784	7862	586138	354866	0
2014-12-31	7892	7986	7875	7983	447658	357308	0
2015-01-05	7832	7840	7547	7582	634706	370820	0
2015-01-06	7486	7536	7384	7476	803260	419976	0
2015-01-07	7451	7488	7333	7380	756748	464742	0
2015-01-08	7423	7443	7349	7349	592590	500584	0
2015-01-09	7367	7372	7112	7113	1258496	577854	0
2015-01-12	7116	7169	7059	7159	722698	535752	0
2015-01-13	7096	7207	7085	7128	839424	519670	0
2015-01-14	7182	7231	7087	7119	838940	538460	0
2015-01-15	7177	7257	7155	7225	753866	533398	0
2015-01-16	7171	7208	7120	7161	636642	546270	0
2015-01-19	7255	7353	7241	7336	719108	510038	0
2015-01-20	7305	7316	7169	7195	592616	533418	0
2015-01-21	7171	7314	7171	7269	537886	542640	0
2015-01-22	7298	7336	7194	7257	738738	568682	0
2015-01-23	7251	7269	7204	7259	525786	551350	0
2015-01-26	7184	7185	7064	7107	626260	586710	0
2015-01-27	7137	7145	7098	7131	363900	584884	0
2015-01-28	7133	7221	7095	7217	505604	597798	0
2015-01-29	7172	7238	7167	7201	492978	596722	0
2015-01-30	7192	7198	7112	7133	447528	616298	0
2015-02-02	7266	7314	7234	7274	525450	601976	0
2015-02-03	7399	7514	7361	7506	787854	560856	0
2015-02-04	7600	7712	7593	7630	859290	512900	0
2015-02-05	7493	7537	7468	7531	504470	482566	0
2015-02-06	7627	7777	7606	7773	883198	513214	0
2015-02-09	7761	7761	7654	7708	632464	514874	0
2015-02-10	7679	7731	7663	7723	473762	513360	0
2015-02-11	7674	7767	7660	7748	488674	517642	0
2015-02-12	7747	7771	7679	7764	496374	499700	0
2015-02-13	7845	8034	7835	8032	911088	487900	0
2015-02-16	8058	8100	7962	8081	562698	436866	0
2015-02-17	8050	8116	7983	8056	418706	417608	0
2015-02-25	7961	8104	7929	8070	451268	407954	0
2015-02-26	8143	8261	8113	8259	608948	403600	0
2015-02-27	8205	8231	8084	8173	968470	438250	0
2015-03-02	8281	8465	8222	8385	1026190	467268	0
2015-03-03	8397	8398	8259	8262	725348	456998	0
2015-03-04	8267	8300	8175	8273	800810	479218	0
2015-03-05	8215	8236	8042	8109	972610	475230	0
2015-03-06	8097	8109	8019	8035	603080	471748	0
2015-03-09	7939	7988	7843	7957	735344	469528	0
2015-03-10	7965	8019	7900	7904	608674	482612	0
2015-03-11	7861	7916	7815	7815	707178	498628	0
2015-03-12	7841	8140	7827	8134	1162784	482820	0
2015-03-13	8089	8208	8066	8170	1223832	490120	0
2015-03-16	8017	8246	7951	8191	1624960	537872	0
2015-03-17	8231	8270	8127	8177	1512230	542672	0
2015-03-18	8139	8158	7940	7941	1317996	555800	0
2015-03-19	8096	8179	8060	8095	1243362	598978	0
2015-03-20	8160	8187	8076	8116	909052	580482	0
2015-03-23	8226	8390	8226	8366	1275632	574986	0
2015-03-24	8511	8511	8317	8399	1284820	571936	0
2015-03-25	8366	8418	8331	8344	961924	601808	0
2015-03-26	8424	8484	8330	8427	1210494	629578	0
2015-03-27	8399	8484	8330	8419	1295486	632916	0
2015-03-30	8378	8404	8283	8368	880388	625104	0
2015-03-31	8410	8444	8358	8383	739244	612202	0
2015-04-01	8325	8550	8322	8542	1147428	635160	0
2015-04-02	8630	8644	8560	8599	990178	632444	0
2015-04-03	8520	8618	8312	8368	1793292	696658	0
2015-04-07	8477	8492	8413	8451	773450	684322	0
2015-04-08	8473	8726	8454	8644	1527546	607480	0
2015-04-09	8562	8587	8429	8508	964414	592272	0
2015-04-10	8507	8588	8444	8515	941868	601006	0
2015-04-13	8563	8658	8508	8533	941434	611650	0
2015-04-14	8550	8573	8386	8440	1114442	617288	0
2015-04-15	8463	8463	8359	8410	749192	595056	0
2015-04-16	8515	8707	8482	8632	1220592	602196	0
2015-04-17	8669	8832	8611	8732	1000116	627664	0
2015-04-20	8774	8854	8719	8731	770054	636456	0
2015-04-21	8766	8770	8670	8707	777678	654918	0
2015-04-22	8644	8658	8552	8616	785174	636242	0
2015-04-23	8653	8736	8632	8676	725796	630462	0
2015-04-24	8764	8768	8666	8703	714510	645966	0
2015-04-27	8713	8957	8689	8898	924050	637572	0
2015-04-28	8885	8954	8859	8896	679566	618164	0
2015-04-29	8898	8961	8758	8813	982722	591066	0
2015-04-30	8891	8936	8877	8910	607086	597196	0
2015-05-04	8915	8996	8838	8884	691492	605396	0
2015-05-05	8857	8877	8809	8856	561942	592272	0
2015-05-06	8952	8961	8829	8861	821748	633818	0
2015-05-07	8751	8783	8677	8682	649608	643600	0
2015-05-08	8585	8607	8535	8592	626430	615126	0
2015-05-11	8631	8645	8514	8529	544782	648962	0
2015-05-12	8507	8508	8395	8409	694498	695862	0
2015-05-13	8453	8496	8400	8414	544796	709142	0
2015-05-14	8335	8429	8318	8425	572878	711026	0
2015-05-15	8404	8489	8392	8451	607602	709996	0
2015-05-18	8433	8438	8304	8322	533490	710360	0
2015-05-19	8283	8306	8206	8206	531872	689580	0
2015-05-20	8109	8254	8059	8202	887786	599132	0
2015-05-21	8231	8385	8179	8350	776058	616144	0
2015-05-22	8406	8411	8289	8353	552262	631816	0
2015-05-25	8323	8347	8269	8326	429326	626958	0
2015-05-26	8398	8488	8250	8251	919846	634918	0
2015-05-27	8262	8286	8208	8260	538680	616450	0
2015-05-28	8261	8269	8153	8208	489240	623808	0
2015-05-29	8248	8271	8216	8231	355994	624276	0
2015-06-01	8311	8313	8222	8233	380378	633048	0
2015-06-02	8230	8279	8181	8277	457580	648540	0
2015-06-03	8282	8349	8250	8316	543590	639020	0
2015-06-04	8285	8395	8248	8365	543528	622754	0
2015-06-05	8338	8401	8311	8391	524718	613526	0
2015-06-08	8384	8397	8297	8309	355542	619460	0
2015-06-09	8298	8329	8281	8305	247918	622228	0
2015-06-10	8345	8492	8343	8488	549870	617250	0
2015-06-11	8471	8601	8456	8583	746576	660616	0
2015-06-12	8520	8559	8470	8483	571292	646472	0
2015-06-15	8465	8542	8424	8539	391574	649412	0
2015-06-16	8582	8701	8466	8501	759344	661454	0
2015-06-17	8473	8536	8354	8355	517572	623794	0
2015-06-18	8312	8407	8311	8359	372608	592078	0
2015-06-19	8383	8464	8378	8428	478652	580414	0
2015-06-23	8426	8478	8345	8435	415532	555524	0
2015-06-24	8484	8534	8426	8519	443762	572136	0
2015-06-25	8501	8514	8467	8502	322926	573618	0
2015-06-26	8521	8626	8511	8603	543986	583220	0
2015-06-29	8587	8606	8386	8508	526754	564568	0
2015-06-30	8463	8542	8428	8509	426156	565750	0
2015-07-01	8530	8586	8488	8508	381722	559698	0
2015-07-02	8453	8541	8450	8532	324694	549846	0
2015-07-03	8516	8526	8461	8485	402400	541872	0
2015-07-06	8431	8435	8187	8243	660052	520842	0
2015-07-07	8097	8251	7992	8037	700112	513284	0
2015-07-08	7881	7899	7788	7788	209662	467810	0
2015-07-09	8109	8264	7935	8204	626016	408260	0
2015-07-10	8205	8338	8136	8192	564442	442252	0
2015-07-13	8164	8181	8009	8088	384316	440302	0
2015-07-14	8143	8192	8039	8039	423116	454078	0
2015-07-15	8118	8135	8042	8070	370758	457548	0
2015-07-16	7988	7994	7902	7966	421034	468488	0
2015-07-17	7926	7994	7908	7972	286454	472882	0
2015-07-20	7971	8019	7935	8012	315900	456436	0
2015-07-21	7979	7983	7906	7978	327878	460628	0
2015-07-22	7970	8086	7959	8071	417818	436020	0
2015-07-23	8040	8071	8007	8036	310672	415058	0
2015-07-24	7999	7999	7824	7824	487238	412612	0
2015-07-27	7810	7826	7576	7610	690328	430394	0
2015-07-28	7521	7759	7506	7713	571400	407568	0
2015-07-29	7817	7848	7732	7766	373054	393236	0
2015-07-30	7834	7844	7706	7711	315496	400762	0
2015-07-31	7700	7744	7662	7694	290510	402018	0
2015-08-03	7616	7646	7414	7510	507540	423488	0
2015-08-04	7450	7614	7406	7608	527560	407144	0
2015-08-05	7608	7710	7564	7703	539166	406748	0
2015-08-06	7653	7731	7598	7657	647694	414788	0
2015-08-07	7630	7767	7598	7757	669230	405118	0
2015-08-10	7724	7820	7681	7811	495982	399350	0
2015-08-11	7901	8044	7885	7994	754388	373194	0
2015-08-12	7947	8016	7911	7984	510566	347388	0
2015-08-13	7992	7992	7880	7983	438310	342890	0
2015-08-14	7923	8058	7923	7966	719994	357040	0
2015-08-17	7921	7967	7788	7802	569848	327492	0
2015-08-18	7797	7823	7641	7682	588612	315220	0
2015-08-19	7706	7779	7669	7739	647036	310156	0
2015-08-20	7607	7705	7573	7683	622464	309148	0
2015-08-21	7706	7727	7635	7641	520482	310298	0
2015-08-24	7441	7498	7351	7353	550024	328948	0
2015-08-25	7296	7448	7288	7350	548314	312320	0
2015-08-26	7395	7395	7303	7346	443566	321188	0
2015-08-27	7386	7441	7329	7432	541338	316338	0
2015-08-28	7667	7677	7560	7586	521032	298894	0
2015-08-31	7579	7597	7489	7502	419030	301358	0
2015-09-01	7626	7663	7583	7621	506424	295764	0
2015-09-02	7514	7593	7514	7573	460450	291038	0
2015-09-07	7561	7735	7549	7586	563236	313456	0
2015-09-08	7568	7588	7438	7519	718664	321070	0
2015-09-09	7602	7663	7563	7566	776484	317318	0
2015-09-10	7513	7556	7415	7556	985780	364842	0
2015-09-11	7594	7614	7518	7533	885682	386476	0
2015-09-14	7509	7594	7449	7454	736454	402982	0
2015-09-15	7463	7471	7341	7375	860124	448914	0
2015-09-16	7415	7419	7326	7383	1034516	461082	0
2015-09-17	7434	7444	7291	7297	1112024	523062	0
2015-09-18	7313	7355	7259	7287	1218904	509038	0
2015-09-21	7254	7368	7254	7365	1010642	485080	0
2015-09-22	7345	7354	7290	7307	806028	480222	0
2015-09-23	7317	7337	7240	7320	1071332	478456	0
2015-09-24	7275	7290	7222	7255	949210	508002	0
2015-09-25	7268	7269	7160	7160	1085688	531862	0
2015-09-28	7161	7185	7107	7116	905362	493386	0
2015-09-29	7073	7086	6938	7015	926828	473258	0
2015-09-30	7003	7028	6968	7020	605722	466032	0
2015-10-08	7136	7146	7086	7122	539970	451130	0
2015-10-09	7156	7391	7147	7348	997024	441214	0
2015-10-12	7322	7339	7279	7310	628152	444996	0
2015-10-13	7229	7231	7170	7208	649624	438706	0
2015-10-14	7181	7249	7153	7165	765648	452182	0
2015-10-15	7161	7194	7135	7137	772512	466500	0
2015-10-16	7146	7161	7061	7063	809552	497798	0
2015-10-19	7082	7090	6995	7022	769696	523852	0
2015-10-20	6998	7060	6979	7059	814746	507568	0
2015-10-21	7040	7055	6993	7029	859864	541518	0
2015-10-22	7059	7141	7052	7083	971500	537714	0
2015-10-23	7082	7096	6961	7013	981614	554054	0
2015-10-26	6986	6992	6912	6926	1058366	583292	0
2015-10-27	6878	6933	6856	6905	839574	579920	0
2015-10-28	6905	6921	6867	6898	728956	572406	0
2015-10-29	6966	6967	6882	6883	686550	590684	0
2015-10-30	6865	6867	6765	6794	957616	635000	0
2015-11-02	6787	6866	6784	6815	837112	625046	0
2015-11-03	6806	6806	6722	6737	969576	649842	0
2015-11-04	6764	6822	6734	6779	1192736	635978	0
2015-11-05	6710	6729	6595	6606	1244142	671442	0
2015-11-06	6587	6647	6572	6612	1129362	637944	0
2015-11-09	6585	6637	6560	6578	910734	644138	0
2015-11-10	6550	6554	6422	6456	1076738	659010	0
2015-11-11	6434	6470	6391	6412	1052254	632742	0
2015-11-12	6366	6415	6365	6374	1006934	628224	0
2015-11-13	6351	6360	6202	6229	1467204	667418	0
2015-11-16	6190	6237	6097	6097	1377718	704560	0
2015-11-17	6111	6118	6005	6086	1942408	709230	0
2015-11-18	6083	6088	5977	6047	1712058	667358	0
2015-11-19	6052	6112	5984	5998	1742378	671492	0
2015-11-20	6029	6043	5784	5784	2097868	716296	0
2015-11-23	5728	5747	5499	5523	2258944	734270	0
2015-11-24	5552	5766	5552	5731	2796214	705190	0
2015-11-25	5791	5791	5616	5698	2780566	724284	0
2015-11-26	5691	5912	5690	5902	2295048	649090	0
2015-11-27	5926	5982	5799	5870	2466208	590624	0
2015-11-30	5818	5839	5687	5803	1943764	586210	0
2015-12-01	5795	5970	5749	5934	2275580	605840	0
2015-12-02	5992	6009	5862	5885	1682056	646052	0
2015-12-03	5780	5896	5756	5879	1667378	648344	0
2015-12-04	5910	5925	5785	5795	1646182	633378	0
2015-12-07	5722	5796	5698	5773	1426608	636972	0
2015-12-08	5645	5674	5444	5444	1700864	699030	0
2015-12-09	5477	5513	5417	5476	1528068	705238	0
2015-12-10	5438	5514	5389	5487	1741484	722528	0
2015-12-11	5473	5508	5430	5492	1541684	763456	0
2015-12-14	5426	5535	5370	5515	1915864	787578	0
2015-12-15	5561	5592	5497	5519	1379224	768720	0
2015-12-16	5537	5564	5502	5537	1288282	746468	0
2015-12-17	5520	5615	5517	5526	1523980	725960	0
2015-12-18	5499	5561	5466	5557	1610158	729898	0
2015-12-21	5564	5705	5539	5702	1690384	724784	0
2015-12-22	5685	5774	5680	5773	1602482	732050	0
2015-12-23	5765	5767	5664	5750	1663846	746128	0
2015-12-24	5799	5929	5782	5864	2780252	806694	0
2015-12-25	5883	5891	5816	5843	1542152	794108	0
2015-12-28	5846	5889	5704	5709	1676488	800080	0
2015-12-29	5705	5804	5660	5789	1759898	749832	0
2015-12-30	5833	5859	5745	5776	1948326	776008	0
2015-12-31	5772	5884	5750	5785	2084844	761674	0
2016-01-04	5832	5848	5705	5746	1756956	756096	0
2016-01-05	5733	5798	5701	5765	1786938	746216	0
2016-01-06	5717	5776	5678	5679	1854482	815582	0
2016-01-07	5661	5672	5511	5571	1946908	768476	0
2016-01-08	5600	5634	5579	5627	1383164	739184	0
2016-01-11	5568	5621	5522	5574	1893396	726266	0
2016-01-12	5513	5541	5473	5524	1802948	755692	0
2016-01-13	5533	5552	5494	5526	1547614	787140	0
2016-01-14	5512	5624	5505	5619	1674670	826784	0
2016-01-15	5638	5670	5608	5614	1488732	762988	0
2016-01-18	5574	5756	5564	5746	1655006	795662	0
2016-01-19	5742	5922	5722	5895	1961868	821722	0
2016-01-20	5848	5867	5795	5835	1537074	787810	0
2016-01-21	5834	5941	5789	5858	2032754	820996	0
2016-01-22	5938	6018	5882	5911	1821852	834282	0
2016-01-25	5932	5970	5890	5933	1260150	837342	0
2016-01-26	5903	6003	5900	5999	1509772	876398	0
2016-01-27	6022	6130	6018	6126	1859622	887456	0
2016-01-28	6114	6140	6094	6109	1279664	890528	0
2016-01-29	6098	6106	5998	6039	1526866	840532	0
2016-02-01	6056	6089	6017	6031	1156540	842048	0
2016-02-02	6025	6110	6025	6101	1390246	838004	0
2016-02-03	6076	6177	6063	6156	1284358	810928	0
2016-02-04	6198	6306	6185	6294	1102926	772418	0
2016-02-05	6270	6338	6227	6323	1047108	777870	0
2016-02-15	6263	6307	6177	6216	1201932	823160	0
2016-02-16	6226	6230	6158	6179	1264276	882356	0
2016-02-17	6182	6200	6049	6065	1305600	881348	0
2016-02-18	6103	6156	6089	6108	1166328	875636	0
2016-02-19	6084	6274	6041	6263	2057002	881174	0
2016-02-22	6308	6367	6229	6245	1761134	875360	0
2016-02-23	6268	6300	6204	6287	1552954	882756	0
2016-02-24	6255	6337	6244	6305	1983958	909836	0
2016-02-25	6344	6463	6331	6397	2056404	887300	0
2016-02-26	6352	6486	6312	6451	2243488	938694	0
2016-02-29	6434	6476	6353	6408	1967450	896946	0
2016-03-01	6434	6523	6422	6506	2007808	921708	0
2016-03-02	6491	6651	6485	6623	1925654	961112	0
2016-03-03	6657	6728	6635	6717	1958858	933346	0
2016-03-04	6784	6976	6774	6863	2670552	860164	0
2016-03-07	7187	7188	6865	6906	2819500	820708	0
2016-03-08	6942	7014	6707	6894	2498342	780152	0
2016-03-09	6739	7050	6728	6983	2634786	759090	0
2016-03-10	7035	7115	6877	6900	2706198	757830	0
2016-03-11	6945	6977	6746	6748	2395232	765128	0
2016-03-14	6785	6854	6672	6678	2440774	776028	0
2016-03-15	6713	6800	6651	6675	2212802	774196	0
2016-03-16	6742	6876	6742	6864	2406554	796184	0
2016-03-17	6991	7086	6950	7086	2070374	834982	0
2016-03-18	7128	7258	7086	7177	2647176	795368	0
2016-03-21	7138	7310	7105	7185	2125620	819842	0
2016-03-22	7235	7236	6966	6975	2494428	885482	0
2016-03-23	7018	7101	6979	7001	2096014	852248	0
2016-03-24	6902	7127	6870	7013	2695718	873792	0
2016-03-25	7087	7186	7022	7120	2505678	857448	0
2016-03-28	7165	7169	7022	7051	2132164	888812	0
2016-03-29	7088	7094	6959	7046	2456260	893040	0
2016-03-30	7033	7099	6991	7070	2120330	889460	0
2016-03-31	7037	7043	6886	6952	2363174	923502	0
2016-04-01	7000	7273	6998	7251	2393024	957372	0
2016-04-05	7163	7193	7035	7084	1933990	932654	0
2016-04-06	7112	7115	6977	7009	1901968	934042	0
2016-04-07	7038	7055	6895	6895	2198512	998972	0
2016-04-08	6878	6886	6672	6775	2496194	961510	0
2016-04-11	6876	6934	6759	6874	2703388	890006	0
2016-04-12	6883	6947	6772	6877	2287252	864396	0
2016-04-13	6985	7134	6823	6825	3245078	799634	0
2016-04-14	6827	6898	6776	6857	2257500	787816	0
2016-04-15	6869	6935	6793	6818	2265972	830332	0
2016-04-18	6743	6855	6733	6787	2220636	803516	0
2016-04-19	6862	6923	6635	6685	2498516	872208	0
2016-04-20	6717	6759	6530	6570	2862796	889994	0
2016-04-21	6628	6890	6619	6819	3854516	835278	0
2016-04-22	6711	6860	6666	6771	2483372	743534	0
2016-04-25	6763	6948	6738	6918	2126474	760160	0
2016-04-26	6892	7137	6883	7061	1846414	765282	0
2016-04-27	7137	7218	6977	7072	1432758	744356	0
2016-04-28	7074	7089	6861	6867	1189642	729066	0
2016-04-29	6934	6964	6882	6920	843172	714000	0
2016-05-03	6862	6893	6736	6804	726280	721678	0
2016-05-04	6772	6844	6725	6787	736970	750336	0
2016-05-05	6813	6833	6746	6785	680902	760228	0
2016-05-06	6664	6765	6618	6709	774830	717140	0
2016-05-09	6722	6724	6517	6594	799874	727458	0
2016-05-10	6553	6647	6458	6641	811380	683516	0
2016-05-11	6682	6758	6655	6716	640048	669476	0
2016-05-12	6718	6817	6685	6771	540078	652108	0
2016-05-13	6637	6774	6613	6761	890430	665946	0
2016-05-16	6793	6795	6631	6640	715846	660934	0
2016-05-17	6700	6717	6600	6641	711172	678334	0
2016-05-18	6663	6754	6551	6552	775408	734162	0
2016-05-19	6541	6593	6462	6501	688382	771218	0
2016-05-20	6535	6544	6446	6450	539590	809540	0
2016-05-23	6400	6416	6254	6305	854890	835062	0
2016-05-24	6288	6342	6219	6248	644800	873718	0
2016-05-25	6303	6381	6262	6335	680816	843682	0
2016-05-26	6357	6430	6313	6429	636654	818792	0
2016-05-27	6369	6393	6283	6355	618350	841932	0
2016-05-30	6345	6515	6345	6510	656750	829424	0
2016-05-31	6514	6661	6477	6628	813920	823542	0
2016-06-01	6607	6621	6527	6571	514904	801386	0
2016-06-02	6610	6619	6521	6539	490578	803238	0
2016-06-03	6598	6691	6577	6685	558874	797920	0
2016-06-06	6676	6715	6616	6675	549284	788652	0
2016-06-07	6683	6688	6624	6670	320520	792322	0
2016-06-08	6689	6789	6689	6729	546626	790126	0
2016-06-13	6673	6824	6673	6819	489122	796750	0
2016-06-14	6804	6824	6697	6730	487380	795848	0
2016-06-15	6705	6722	6620	6703	522002	809000	0
2016-06-16	6677	6821	6668	6801	498396	841994	0
2016-06-17	6767	6941	6726	6936	647876	891426	0
2016-06-20	6990	7098	6962	7084	546262	896594	0
2016-06-21	7104	7213	7095	7167	759636	906946	0
2016-06-22	7214	7269	7117	7241	540278	920176	0
2016-06-23	7228	7248	7157	7220	493462	908222	0
2016-06-24	7174	7353	7156	7319	885154	975730	0
2016-06-27	7362	7605	7350	7601	938020	1031028	0
2016-06-28	7641	7858	7549	7847	1015164	1035854	0
2016-06-29	7808	7819	7566	7698	1121596	1008804	0
2016-06-30	7728	7956	7728	7823	1139278	1041754	0
2016-07-01	7807	7810	7656	7761	723832	1006318	0
2016-07-04	7859	8134	7858	8130	704792	1023734	0
2016-07-05	8024	8149	7862	8116	1002314	1027856	0
2016-07-06	7889	8097	7782	8074	1247862	1153470	0
2016-07-07	8218	8232	7992	8028	917330	1117548	0
2016-07-08	7898	7921	7703	7793	1153908	1161500	0
2016-07-11	7768	7856	7722	7806	652620	1138840	0
2016-07-12	7779	8009	7761	7991	802888	1184738	0
2016-07-13	8022	8086	7816	7840	900756	1163572	0
2016-07-14	7804	7969	7740	7917	799694	1145900	0
2016-07-15	7851	7939	7833	7913	613806	1140584	0
2016-07-18	7839	7942	7778	7836	677078	1101258	0
2016-07-19	7834	7845	7680	7784	888252	1200030	0
2016-07-20	7841	7842	7699	7763	720332	1172006	0
2016-07-21	7792	7902	7731	7897	643838	1185558	0
2016-07-22	7863	7922	7822	7864	522822	1164996	0
2016-07-25	7814	7814	7706	7752	544132	1160394	0
2016-07-26	7713	7716	7630	7666	652764	1207782	0
2016-07-27	7715	7733	7627	7671	571942	1178202	0
2016-07-28	7657	7965	7654	7950	974786	1158536	0
2016-07-29	7927	7937	7798	7834	536668	1074808	0
2016-08-01	7943	8004	7896	7923	571440	1089792	0
2016-08-02	7872	7998	7855	7935	549094	1080008	0
2016-08-03	7938	7981	7881	7950	474304	1089164	0
2016-08-04	7987	7994	7843	7903	508250	1074446	0
2016-08-05	7945	7978	7911	7966	513680	1066784	0
2016-08-08	8006	8037	7890	7981	701098	1107148	0
2016-08-09	7984	8019	7914	7985	440900	1087922	0
2016-08-10	7973	7983	7699	7756	751956	1039786	0
2016-08-11	7697	7776	7683	7727	508346	1010610	0
2016-08-12	7770	7779	7718	7758	308814	991754	0
2016-08-15	7748	7835	7746	7816	524134	981688	0
2016-08-16	7816	7837	7707	7746	420558	937222	0
2016-08-17	7738	7750	7610	7623	436134	937834	0
2016-08-18	7636	7781	7633	7729	532792	868576	0
2016-08-19	7752	7792	7706	7751	339674	836962	0
2016-08-22	7748	7772	7633	7670	339564	822392	0
2016-08-23	7681	7780	7676	7745	408676	818328	0
2016-08-24	7740	7817	7643	7675	598118	848928	0
2016-08-25	7614	7669	7587	7634	363938	769406	0
2016-08-26	7627	7640	7558	7565	358290	783214	0
2016-08-29	7550	7554	7358	7376	557338	844486	0
2016-08-30	7402	7438	7356	7358	313438	793116	0
2016-08-31	7349	7438	7274	7316	449858	780808	0
2016-09-01	7319	7334	7254	7261	318660	774314	0
2016-09-02	7267	7309	7182	7196	497086	814196	0
2016-09-05	7247	7251	7148	7162	309886	813466	0
2016-09-06	7172	7350	7167	7314	573100	836598	0
2016-09-07	7299	7329	7254	7315	249402	796946	0
2016-09-08	7337	7345	7281	7284	363128	808336	0
2016-09-09	7300	7322	7189	7202	444926	849590	0
2016-09-12	7138	7147	7030	7097	470312	932926	0
2016-09-13	7127	7156	7048	7080	335154	920850	0
2016-09-14	7053	7130	7030	7052	269672	869432	0
2016-09-19	7038	7095	7018	7035	255522	892366	0
2016-09-20	7052	7088	6911	7062	441872	933418	0
2016-09-21	7133	7138	7062	7093	351434	879878	0
2016-09-22	7117	7165	7041	7043	368744	893092	0
2016-09-23	7035	7062	6947	7001	296114	906592	0
2016-09-26	7024	7026	6949	6987	221260	909738	0
2016-09-27	7011	7099	6952	7086	364308	900580	0
2016-09-28	7073	7131	7048	7088	268234	869588	0
2016-09-29	7169	7291	7124	7222	463318	892382	0
2016-09-30	7209	7240	7180	7209	207660	843174	0
2016-10-10	7339	7475	7304	7472	438818	905992	0
2016-10-11	7512	7590	7498	7553	400092	906952	0
2016-10-12	7519	7588	7496	7568	298832	923006	0
2016-10-13	7539	7543	7400	7422	401594	912720	0
2016-10-14	7452	7467	7355	7411	343922	948020	0
2016-10-17	7476	7546	7396	7495	437832	965308	0
2016-10-18	7472	7716	7415	7715	469938	999798	0
2016-10-19	7741	7822	7678	7770	514542	1011338	0
2016-10-20	7792	7831	7700	7710	348332	983858	0
2016-10-21	7659	7802	7649	7770	392970	1009978	0
2016-10-24	7785	7901	7770	7887	341332	1000310	0
2016-10-25	7903	8229	7902	8132	606056	961692	0
2016-10-26	8017	8082	7968	8058	368464	914508	0
2016-10-27	8074	8074	7910	7984	309252	900218	0
2016-10-28	8026	8310	8011	8290	519612	934592	0
2016-10-31	8285	8609	8280	8598	666490	896370	0
2016-11-01	8504	8622	8422	8545	398042	853412	0
2016-11-02	8496	8644	8255	8303	595224	843362	0
2016-11-03	8295	8406	8266	8371	326730	822320	0
2016-11-04	8447	8533	8134	8147	625830	870270	0
2016-11-07	8189	8331	8114	8148	482776	826280	0
2016-11-08	8190	8456	8153	8401	522614	838428	0
2016-11-09	8469	8707	8445	8665	614534	854950	0
2016-11-10	8651	8781	8528	8760	506642	749662	0
2016-11-11	8835	9108	8823	8949	583282	776840	0
2016-11-14	8587	8679	8520	8520	352784	700652	0
2016-11-15	8527	8696	8263	8414	591164	675844	0
2016-11-16	8517	8593	8294	8406	361458	634260	0
2016-11-17	8380	8445	8307	8369	289808	642440	0
2016-11-18	8343	8351	8122	8168	410518	669716	0
2016-11-21	8159	8427	8156	8368	423946	667136	0
2016-11-22	8500	8635	8456	8612	416686	679486	0
2016-11-23	8643	8662	8345	8443	484124	649402	0
2016-11-24	8588	8732	8373	8407	540208	626148	0
2016-11-25	8435	8504	8260	8333	359910	602550	0
2016-11-28	8324	8553	8307	8503	403098	626352	0
2016-11-29	8472	8515	8213	8319	531996	572778	0
2016-11-30	8219	8326	8072	8138	440510	559176	0
2016-12-01	8281	8407	8226	8332	402768	552346	0
2016-12-02	8339	8519	8336	8466	508216	574378	0
2016-12-05	8517	8842	8512	8823	594904	599632	0
2016-12-06	8861	8921	8758	8892	425638	598680	0
2016-12-07	8928	9275	8922	9268	581254	616518	0
2016-12-08	9130	9303	9119	9219	427368	579810	0
2016-12-09	9144	9464	9112	9407	543742	631022	0
2016-12-12	9675	9737	9481	9545	437166	554604	0
2016-12-13	9515	9704	9431	9634	388470	576706	0
2016-12-14	9585	9827	9572	9763	563148	612138	0
2016-12-15	9716	9800	9570	9692	483646	581294	0
2016-12-16	9758	9804	9537	9614	457002	569610	0
2016-12-19	9613	9613	9230	9232	531986	552344	0
2016-12-20	9201	9211	8966	9031	513992	502382	0
2016-12-21	9108	9224	8948	9098	480974	489672	0
2016-12-22	9078	9170	8974	8975	432256	499860	0
2016-12-23	9023	9030	8795	8861	502162	483542	0
2016-12-26	8850	9041	8693	9035	456850	463708	0
2016-12-27	8988	9162	8949	9157	420648	468932	0
2016-12-28	9318	9427	9135	9180	511342	490284	0
2016-12-29	9158	9342	9102	9159	413590	451970	0
2016-12-30	9014	9068	8788	8788	497916	459508	0
2017-01-03	8753	8830	8541	8556	419610	468544	0
2017-01-04	8490	8682	8466	8519	448730	498634	0
2017-01-05	8567	8622	8497	8539	315588	468846	0
2017-01-06	8585	8717	8410	8426	530990	543344	0
2017-01-09	8436	8632	8432	8629	380902	486540	0
2017-01-10	8600	8624	8436	8575	452068	513072	0
2017-01-11	8601	8672	8527	8576	439112	505348	0
2017-01-12	8655	8828	8604	8727	585870	519384	0
2017-01-13	8780	8864	8677	8864	422248	498986	0
2017-01-16	8965	9186	8899	9181	481774	511690	0
2017-01-17	9157	9222	8940	9008	389782	465714	0
2017-01-18	9001	9113	8940	9076	322706	488440	0
2017-01-19	9010	9019	8810	8934	376508	453276	0
2017-01-20	8923	9135	8895	9017	408570	493936	0
2017-01-23	9111	9244	9062	9177	392424	476288	0
2017-01-24	9184	9235	9044	9117	296950	467520	0
2017-01-25	9110	9438	9096	9405	375094	512724	0
2017-01-26	9401	9421	9230	9309	261906	473340	0
2017-02-03	9330	9398	9109	9240	269452	485230	0
2017-02-06	9227	9370	9191	9338	272764	511210	0
2017-02-07	9332	9387	9244	9259	325286	541888	0
2017-02-08	9211	9347	9140	9216	405248	531728	0
2017-02-09	9241	9372	9208	9216	455420	592326	0
2017-02-10	9246	9294	9111	9237	422268	567616	0
2017-02-13	9394	9553	9394	9552	468560	636028	0
2017-02-14	9507	9589	9456	9579	290502	614086	0
2017-02-15	9432	9484	9226	9226	502798	608678	0
2017-02-16	9222	9248	8989	9000	540634	516274	0
2017-02-17	9055	9113	8865	8939	459458	532666	0
2017-02-20	8978	9062	8912	8954	285694	487052	0
2017-02-21	9017	9035	8776	8797	424106	564992	0
2017-02-22	8809	8893	8750	8794	309500	501800	0
2017-02-23	8808	8830	8599	8656	428000	584506	0
2017-02-24	8605	8745	8601	8676	357576	518954	0
2017-02-27	8753	8870	8695	8711	411300	563216	0
2017-02-28	8693	8771	8516	8604	412610	547138	0
2017-03-01	8672	8716	8547	8585	380756	577064	0
2017-03-02	8611	8639	8497	8611	421258	590032	0
2017-03-03	8533	8665	8509	8642	418058	593568	0
2017-03-06	8684	8782	8644	8745	384282	555964	0
2017-03-07	8763	8771	8632	8664	321436	568194	0
2017-03-08	8486	8530	8338	8339	492266	606062	0
2017-03-09	8248	8326	8182	8294	369940	549710	0
2017-03-10	8305	8331	8103	8144	345858	585240	0
2017-03-13	8032	8265	8030	8262	413964	557872	0
2017-03-14	8257	8301	8125	8165	361876	572544	0
2017-03-15	8247	8361	8214	8265	381024	575386	0
2017-03-16	8331	8407	8273	8372	366896	569582	0
2017-03-17	8355	8443	8329	8383	302338	540086	0
2017-03-20	8394	8411	8203	8325	462780	574540	0
2017-03-21	8313	8398	8290	8300	419636	525012	0
2017-03-22	8230	8240	8114	8129	424370	581184	0
2017-03-23	8218	8265	8176	8186	332692	523542	0
2017-03-24	8197	8275	8129	8141	397814	547434	0
2017-03-27	8049	8085	7823	7899	486832	580806	0
2017-03-28	7974	8010	7915	7941	307114	541392	0
2017-03-29	8084	8252	8055	8239	429902	541676	0
2017-03-30	8309	8313	8117	8146	381328	513694	0
2017-03-31	8212	8261	8027	8070	421878	556272	0
2017-04-05	8102	8354	8086	8315	480088	537228	0
2017-04-06	8252	8348	8246	8339	306072	515748	0
2017-04-07	8227	8472	8198	8267	628434	596108	0
2017-04-10	8281	8302	8039	8040	582028	577872	0
2017-04-11	8075	8128	8015	8031	426728	586108	0
2017-04-12	8027	8085	7945	7959	409584	592230	0
2017-04-13	7937	8026	7893	7950	378890	562092	0
2017-04-14	7982	8007	7745	7767	554382	650642	0
2017-04-17	7809	7876	7684	7696	393786	638418	0
2017-04-18	7701	7733	7592	7691	420722	652478	0
2017-04-19	7629	7735	7547	7674	495208	624800	0
2017-04-20	7652	7750	7522	7727	518302	638050	0
2017-04-21	7755	7802	7645	7646	414396	606772	0
2017-04-24	7596	7606	7477	7566	468358	646908	0
2017-04-25	7558	7630	7524	7555	332074	603304	0
2017-04-26	7561	7741	7496	7667	494948	640134	0
2017-04-27	7697	7781	7684	7781	333842	586254	0
2017-04-28	7825	7888	7786	7850	408902	593310	0
2017-05-02	7841	7850	7723	7835	307422	559604	0
2017-05-03	7827	7851	7755	7796	302312	592522	0
2017-05-04	7644	7675	7501	7592	543216	625108	0
2017-05-05	7539	7596	7463	7521	368810	594384	0
2017-05-08	7664	7748	7556	7570	406480	619532	0
2017-05-09	7590	7606	7518	7565	235284	596396	0
2017-05-10	7580	7589	7363	7446	608910	693362	0
2017-05-11	7436	7561	7405	7520	443078	629300	0
2017-05-12	7492	7549	7466	7491	336728	649600	0
2017-05-15	7593	7717	7539	7716	546716	672002	0
2017-05-16	7695	7798	7673	7795	420182	662698	0
2017-05-17	7774	7827	7705	7768	371254	653282	0
2017-05-18	7730	7847	7659	7840	469174	687696	0
2017-05-19	7931	8112	7898	8099	635320	716484	0
2017-05-22	8145	8176	8019	8095	439430	717014	0
2017-05-23	8115	8168	8043	8083	421670	729086	0
2017-05-24	8120	8137	7904	8015	531918	737492	0
2017-05-25	8025	8194	8003	8086	569710	762658	0
2017-05-26	7998	8043	7959	8028	467048	730648	0
2017-05-31	8068	8098	7839	7850	645464	753528	0
2017-06-01	7867	7962	7845	7905	461092	735776	0
2017-06-02	7871	7892	7665	7678	685698	750446	0
2017-06-05	7692	7748	7632	7664	426874	678318	0
2017-06-06	7682	7720	7604	7680	437370	711820	0
2017-06-07	7666	7752	7654	7699	395196	690664	0
2017-06-08	7619	7782	7588	7731	523250	736110	0
2017-06-09	7722	7801	7692	7720	339248	673802	0
2017-06-12	7784	7945	7784	7926	519492	748166	0
2017-06-13	7912	7925	7683	7690	557076	690374	0
2017-06-14	7695	7768	7645	7724	470504	726048	0
2017-06-15	7673	7716	7597	7636	473740	692338	0
2017-06-16	7664	7742	7652	7686	352310	689368	0
2017-06-19	7689	7834	7684	7714	573546	758206	0
2017-06-20	7728	7739	7608	7671	518424	743262	0
2017-06-21	7612	7706	7594	7645	451564	751062	0
2017-06-22	7667	7672	7545	7556	454266	747732	0
2017-06-23	7591	7636	7571	7630	335578	700354	0
2017-06-26	7689	7780	7664	7728	493868	746892	0
2017-06-27	7739	7795	7690	7783	388566	699470	0
2017-06-28	7848	7852	7680	7719	433158	731528	0
2017-06-29	7773	7936	7763	7879	621048	766656	0
2017-06-30	7874	7944	7812	7911	394006	746712	0
2017-07-03	8003	8026	7918	7990	418824	803532	0
2017-07-04	7956	7965	7790	7810	452652	765962	0
2017-07-05	7857	7934	7812	7859	380492	779412	0
2017-07-06	7842	8051	7835	8022	555086	864662	0
2017-07-07	7993	8121	7983	8110	500194	880658	0
2017-07-10	8130	8142	7976	7999	486350	838378	0
2017-07-11	8069	8160	8004	8077	539396	869032	0
2017-07-12	8151	8194	8040	8067	509524	850528	0
2017-07-13	8057	8107	7960	8028	521944	851680	0
2017-07-14	8044	8115	8012	8071	372926	812062	0
2017-07-17	8113	8260	8099	8124	643386	933138	0
2017-07-18	8170	8257	8153	8190	427168	843948	0
2017-07-19	8211	8285	8203	8253	370050	891958	0
2017-07-20	8296	8644	8296	8512	966098	908230	0
2017-07-21	8425	8542	8383	8524	564798	810574	0
2017-07-24	8474	8558	8446	8493	473902	846502	0
2017-07-25	8548	8575	8480	8534	414374	794218	0
2017-07-26	8615	8653	8410	8442	585186	830900	0
2017-07-27	8456	8462	8354	8399	390908	774272	0
2017-07-28	8406	8422	8220	8227	526918	771144	0
2017-07-31	8266	8318	8163	8293	581734	712092	0
2017-08-01	8316	8489	8266	8404	636010	735310	0
2017-08-02	8400	8504	8380	8451	497084	698962	0
2017-08-03	8488	8509	8323	8332	534310	699226	0
2017-08-04	8376	8582	8364	8494	565042	679524	0
2017-08-07	8570	8638	8380	8415	607972	664288	0
2017-08-08	8460	8644	8434	8626	638920	678900	0
2017-08-09	8709	8761	8611	8696	617398	684676	0
2017-08-10	8684	8810	8652	8751	492476	673662	0
2017-08-11	8724	8756	8558	8656	593162	583184	0
2017-08-14	8661	8696	8599	8622	346822	550558	0
2017-08-15	8574	8581	8456	8504	524948	526070	0
2017-08-16	8475	8542	8421	8505	321906	493138	0
2017-08-17	8653	8785	8644	8773	511160	525118	0
2017-08-18	8764	8820	8734	8806	314484	513546	0
2017-08-21	8883	8959	8851	8934	373362	534196	0
2017-08-22	8900	9131	8820	9114	579470	550966	0
2017-08-23	9072	9119	9009	9072	389242	547300	0
2017-08-24	9132	9176	9056	9069	365522	531204	0
2017-08-25	9113	9228	9107	9141	360714	537556	0
2017-08-28	9001	9123	8978	9110	331104	509664	0
2017-08-29	9141	9280	9127	9275	503780	564648	0
2017-08-30	9255	9292	9219	9264	297412	545134	0
2017-08-31	9252	9386	9210	9349	379592	586138	0
2017-09-01	9371	9574	9357	9555	457318	592618	0
2017-09-04	9763	9763	9586	9605	436656	568854	0
2017-09-05	9590	9665	9496	9602	376180	547428	0
2017-09-06	9548	9573	9418	9420	443140	532670	0
2017-09-07	9467	9486	9265	9302	442054	517274	0
2017-09-08	9314	9367	9195	9237	381524	498658	0
2017-09-11	9162	9196	9113	9160	330338	475066	0
2017-09-12	9273	9392	9189	9372	489262	491394	0
2017-09-13	9398	9399	9054	9075	550804	479060	0
2017-09-14	9116	9144	8897	8910	462416	461008	0
2017-09-15	8929	8957	8823	8889	417938	459842	0
2017-09-18	8917	8963	8735	8917	506936	440184	0
2017-09-19	8928	8971	8758	8760	425098	456396	0
2017-09-20	8805	8882	8748	8847	480260	461190	0
2017-09-21	8800	8808	8600	8610	488420	462316	0
2017-09-22	8581	8702	8531	8661	391630	428788	0
2017-09-25	8673	8806	8551	8777	570260	445892	0
2017-09-26	8810	8858	8741	8837	427100	417414	0
2017-09-27	8881	8914	8841	8899	350148	419024	0
2017-09-28	8754	8777	8498	8657	668796	407610	0
2017-09-29	8727	8850	8671	8850	338998	385832	0
2017-10-09	8915	8991	8684	8777	515814	421010	0
2017-10-10	8724	8899	8702	8723	536490	427314	0
2017-10-11	8754	8768	8624	8655	473222	445704	0
2017-10-12	8659	8720	8556	8678	589388	458430	0
2017-10-13	8708	8949	8700	8948	590754	456710	0
2017-10-16	9015	9112	8904	9101	673616	495242	0
2017-10-17	8967	9165	8967	9096	730366	529346	0
2017-10-18	9118	9184	9042	9098	508176	528574	0
2017-10-19	8994	9002	8793	8849	759156	515412	0
2017-10-20	8901	9139	8840	9139	639526	510584	0
2017-10-23	9116	9158	9030	9072	530390	531202	0
2017-10-24	9105	9166	9000	9064	575646	523186	0
2017-10-25	9077	9171	8969	9017	649402	530344	0
2017-10-26	9023	9072	8872	8874	601116	510224	0
2017-10-27	8892	8928	8744	8774	603746	524190	0
2017-10-30	8791	8834	8762	8777	386612	497428	0
2017-10-31	8786	8786	8640	8692	466104	502206	0
2017-11-01	8737	8895	8672	8696	489608	512448	0
2017-11-02	8783	8850	8720	8835	584452	497378	0
2017-11-03	8843	8987	8840	8978	617328	506878	0
2017-11-06	9099	9127	9041	9120	453376	478132	0
2017-11-07	9181	9192	9087	9171	427450	516482	0
2017-11-08	9131	9255	9101	9204	576268	534176	0
2017-11-09	9271	9352	9150	9223	566168	534800	0
2017-11-10	9243	9272	9064	9099	527732	528692	0
2017-11-13	9109	9213	9044	9194	514218	544402	0
2017-11-14	9198	9228	9070	9120	464930	516802	0
2017-11-15	8909	9002	8829	8941	592496	486746	0
2017-11-16	8941	8993	8866	8891	471042	475584	0
2017-11-17	8879	9092	8854	9076	625174	517332	0
2017-11-20	9064	9185	9011	9175	503716	533866	0
2017-11-21	9208	9241	9165	9208	385488	544970	0
2017-11-22	9252	9260	9116	9234	487734	555028	0
2017-11-23	9262	9318	9151	9164	477614	537102	0
2017-11-24	9189	9265	9185	9216	347668	551214	0
2017-11-27	9237	9358	8925	8929	802294	521426	0
2017-11-28	8908	8961	8872	8875	436468	504024	0
2017-11-29	8900	8979	8876	8903	443318	502068	0
2017-11-30	8932	8964	8764	8820	734992	526920	0
2017-12-01	8798	9015	8797	8953	654272	498602	0
2017-12-04	9061	9185	9004	9166	671548	458668	0
2017-12-05	9161	9245	9104	9136	527208	471886	0
2017-12-06	9138	9205	9102	9136	465894	457442	0
2017-12-07	9072	9086	8816	8835	636588	450490	0
2017-12-08	8866	9049	8864	9017	471270	429816	0
2017-12-11	9064	9145	9002	9083	534998	423076	0
2017-12-12	9146	9172	9077	9170	416126	437920	0
2017-12-13	9162	9166	8966	9074	563368	441080	0
2017-12-14	9059	9143	8979	8997	501606	437032	0
2017-12-15	9012	9017	8889	8932	422454	452312	0
2017-12-18	9038	9110	8973	9062	524406	427506	0
2017-12-19	9055	9233	9032	9223	619610	517302	0
2017-12-20	9257	9260	9179	9233	308174	509776	0
2017-12-21	9184	9292	9153	9220	424580	518740	0
2017-12-22	9250	9272	9110	9203	404598	489704	0
2017-12-25	9197	9289	9093	9131	475376	467964	0
2017-12-26	9155	9354	9128	9319	577980	566536	0
2017-12-27	9332	9373	9203	9234	440494	504926	0
2017-12-28	9241	9296	9197	9254	324490	502932	0
2017-12-29	9283	9328	9210	9274	371506	472904	0
2018-01-02	9301	9543	9298	9480	699338	605236	0
2018-01-03	9478	9500	9443	9478	286510	572384	0
2018-01-04	9503	9548	9421	9512	398006	571900	0
2018-01-05	9497	9541	9433	9495	404912	569310	0
2018-01-08	9518	9584	9476	9517	392656	575656	0
2018-01-09	9542	9542	9444	9487	314072	562634	0
2018-01-10	9486	9631	9474	9577	477692	597582	0
2018-01-11	9587	9627	9553	9619	294078	605536	0
2018-01-12	9597	9670	9581	9668	365846	644376	0
2018-01-15	9660	9683	9597	9656	337390	613112	0
2018-01-16	9658	9670	9388	9413	624348	584924	0
2018-01-17	9429	9444	9349	9376	286810	531746	0
2018-01-18	9411	9462	9381	9396	273832	538546	0
2018-01-19	9359	9496	9356	9461	392742	549222	0
2018-01-22	9469	9509	9438	9450	258290	542454	0
2018-01-23	9479	9543	9383	9530	441182	589350	0
2018-01-24	9539	9553	9474	9490	332410	569336	0
2018-01-25	9546	9618	9523	9536	422146	596406	0
2018-01-26	9519	9632	9487	9594	421892	612238	0
2018-01-29	9611	9663	9545	9563	332256	616712	0
2018-01-30	9548	9597	9468	9488	464124	602884	0
2018-01-31	9466	9516	9441	9509	328344	601464	0
2018-02-01	9510	9525	9401	9407	358946	598650	0
2018-02-02	9440	9458	9359	9371	266100	583084	0
2018-02-05	9362	9495	9343	9495	351606	603906	0
2018-02-06	9470	9475	9385	9410	364512	570280	0
2018-02-07	9439	9466	9286	9304	467700	609046	0
2018-02-08	9279	9286	9188	9237	410550	607800	0
2018-02-09	9220	9262	9202	9235	246064	591926	0
2018-02-12	9231	9252	9160	9200	328330	598472	0
2018-02-13	9200	9210	9148	9201	190386	565246	0
2018-02-14	9279	9356	9258	9322	323112	541984	0
2018-02-22	9346	9370	9263	9280	222746	543878	0
2018-02-23	9325	9331	9278	9303	251880	564258	0
2018-02-26	9318	9392	9212	9213	476574	616810	0
2018-02-27	9225	9240	9118	9175	403464	609290	0
2018-02-28	9162	9196	9145	9151	254976	600400	0
2018-03-01	9142	9300	9100	9271	534190	607504	0
2018-03-02	9248	9285	9205	9264	293906	565298	0
2018-03-05	9268	9293	9173	9187	351444	585992	0
2018-03-06	9211	9263	9174	9243	360012	561328	0
2018-03-07	9235	9240	9136	9178	422404	584748	0
2018-03-08	9171	9184	8985	8999	538038	593570	0
2018-03-09	9011	9042	8969	9008	324482	575188	0
2018-03-12	9055	9068	8888	8921	464782	603460	0
2018-03-13	8916	8947	8894	8914	221440	572520	0
2018-03-14	8893	9014	8874	8963	408580	557042	0
2018-03-15	8938	9002	8903	8921	321872	565972	0
2018-03-16	8912	8929	8784	8795	486432	624402	0
2018-03-19	8789	8848	8772	8795	395958	619894	0
2018-03-20	8784	8797	8650	8750	487378	640718	0
2018-03-21	8777	8794	8708	8736	285960	620626	0
2018-03-22	8816	8854	8782	8794	332092	615506	0
2018-03-23	8653	8667	8488	8576	582388	605026	0
2018-03-26	8634	8646	8549	8556	300336	604268	0
2018-03-27	8571	8678	8571	8653	328080	586054	0
2018-03-28	8603	8690	8561	8589	355068	592940	0
2018-03-29	8605	8755	8590	8733	379942	584990	0
2018-03-30	8747	8792	8721	8768	318032	583506	0
2018-04-02	8833	8893	8752	8878	491894	535434	0
2018-04-03	8839	8861	8807	8849	287798	540342	0
2018-04-04	8840	8927	8749	8851	473198	522272	0
2018-04-09	8898	9023	8880	9012	433204	523816	0
2018-04-10	9026	9086	8989	9066	363274	509664	0
2018-04-11	9082	9117	8999	9020	363692	500480	0
2018-04-12	9045	9061	8946	9014	420372	489700	0
2018-04-13	8965	9035	8932	8984	381512	470886	0
2018-04-16	8977	9067	8900	8923	601294	474154	0
2018-04-17	8918	8951	8882	8919	283978	457298	0
2018-04-18	8990	9024	8916	8937	356210	451258	0
2018-04-19	9005	9037	8935	9006	408228	449216	0
2018-04-20	8995	9012	8793	8793	514878	456858	0
2018-04-23	8810	8856	8776	8830	330452	433712	0
2018-04-24	8855	8874	8815	8845	280936	433666	0
2018-04-25	8818	8942	8782	8931	445968	417418	0
2018-04-26	8930	8985	8910	8921	265110	388854	0
2018-04-27	8935	8991	8921	8963	238414	382416	0
2018-05-02	8986	9181	8976	9180	453284	428286	0
2018-05-03	9188	9215	9162	9196	274456	426254	0
2018-05-04	9203	9284	9185	9281	277002	446282	0
2018-05-07	9292	9318	9234	9275	241696	445498	0
2018-05-08	9255	9278	9184	9251	225212	441684	0
2018-05-09	9242	9343	9199	9220	329946	445318	0
2018-05-10	9261	9292	9214	9274	267698	448878	0
2018-05-11	9266	9304	9209	9261	294526	445470	0
2018-05-14	9276	9362	9169	9186	464302	459258	0
2018-05-15	9213	9237	9160	9220	235388	429392	0
2018-05-16	9257	9339	9219	9273	408626	471016	0
2018-05-17	9300	9314	9204	9234	348070	463502	0
2018-05-18	9242	9279	9129	9233	316842	441758	0
2018-05-21	9243	9410	9211	9307	490152	484546	0
2018-05-22	9340	9356	9269	9307	218470	468076	0
2018-05-23	9284	9298	9188	9226	252286	453218	0
2018-05-24	9210	9234	9162	9194	207792	457102	0
2018-05-25	9244	9244	9095	9118	405532	451410	0
2018-05-28	9063	9117	9029	9064	300730	441600	0
2018-05-29	9085	9218	9068	9182	314542	463470	0
2018-05-30	9163	9214	9129	9178	236488	468666	0
2018-05-31	9235	9259	9140	9177	283068	474174	0
2018-06-01	9172	9300	9158	9287	321148	489508	0
2018-06-04	9280	9322	9254	9280	204010	494360	0
2018-06-05	9259	9305	9217	9289	252918	499994	0
2018-06-06	9322	9325	9182	9191	360172	474070	0
2018-06-07	9215	9290	9198	9289	274384	486142	0
2018-06-08	9288	9348	9261	9306	303886	501690	0
2018-06-11	9313	9422	9233	9421	490050	599740	0
2018-06-12	9435	9465	9356	9378	308806	568676	0
2018-06-13	9376	9394	9304	9336	265658	547916	0
2018-06-14	9352	9389	9262	9285	295690	535750	0
2018-06-15	9279	9295	9222	9289	208008	510322	0
2018-06-19	9307	9307	9116	9121	375792	468554	0
2018-06-20	9145	9170	9112	9130	173758	454868	0
2018-06-21	9140	9158	9051	9061	234476	463078	0
2018-06-22	9054	9054	8966	8982	326044	463368	0
2018-06-25	9055	9055	8970	9012	252414	460700	0
2018-06-26	8970	9093	8937	9057	302992	483088	0
2018-06-27	9109	9117	9034	9075	216374	460850	0
2018-06-28	9109	9145	9085	9097	205686	455006	0
2018-06-29	9115	9282	9102	9281	365588	452232	0
2018-07-02	9261	9272	9216	9237	214210	441868	0
2018-07-03	9251	9276	9211	9226	231136	444886	0
2018-07-04	9203	9292	9195	9255	219534	432880	0
2018-07-05	9210	9230	9101	9103	311726	438552	0
2018-07-06	9100	9140	9076	9095	210948	426312	0
2018-07-09	9120	9148	9068	9136	190260	427768	0
2018-07-10	9151	9240	9140	9226	235562	425364	0
2018-07-11	9185	9252	9149	9220	257228	418802	0
2018-07-12	9179	9307	9172	9305	381042	485626	0
2018-07-13	9316	9335	9285	9333	181990	491046	0
2018-07-16	9325	9366	9304	9318	199842	507186	0
2018-07-17	9286	9333	9245	9328	233568	506498	0
2018-07-18	9335	9346	9285	9318	168408	501640	0
2018-07-19	9377	9381	9267	9294	289198	486536	0
2018-07-20	9297	9376	9276	9372	231950	508524	0
2018-07-23	9381	9433	9344	9414	214178	526738	0
2018-07-24	9445	9547	9434	9496	327912	567904	0
2018-07-25	9507	9543	9473	9482	208014	558988	0
2018-07-26	9491	9501	9448	9469	211756	547232	0
2018-07-27	9492	9514	9429	9490	226424	521986	0
2018-07-30	9511	9635	9498	9594	354422	575154	0
2018-07-31	9609	9619	9574	9595	178190	558694	0
2018-08-01	9592	9664	9528	9595	320810	546868	0
2018-08-02	9598	9739	9575	9717	456256	609226	0
2018-08-03	9756	9978	9756	9847	646272	597972	0
2018-08-06	9925	10082	9911	10058	680212	632526	0
2018-08-07	10103	10185	10070	10121	521682	622030	0
2018-08-08	9998	10144	9993	10094	409792	610600	0
2018-08-09	10169	10176	10068	10098	384280	625472	0
2018-08-10	10121	10242	10003	10076	567582	611468	0
2018-08-13	10084	10135	9987	10092	365064	599626	0
2018-08-14	10280	10293	10117	10177	471210	625866	0
2018-08-15	10169	10186	10092	10165	283438	613300	0
2018-08-16	9975	10161	9973	10102	424944	584140	0
2018-08-17	10090	10097	9923	9946	408008	551910	0
2018-08-20	9954	10050	9848	10001	463194	564736	0
2018-08-21	10033	10039	9877	9917	362804	531280	0
2018-08-22	9932	10101	9907	9907	620996	542914	0
2018-08-23	9919	9977	9754	9767	538484	477194	0
2018-08-24	9799	9814	9679	9718	375288	465710	0
2018-08-27	9712	9782	9682	9768	274930	453982	0
2018-08-28	9805	9859	9673	9747	430618	491016	0
2018-08-29	9751	9847	9743	9774	309938	463116	0
2018-08-30	9780	9804	9718	9777	287510	465412	0
2018-08-31	9787	9845	9728	9734	410778	475536	0
2018-09-03	9744	9800	9607	9706	543250	485370	0
2018-09-04	9731	9811	9720	9752	360738	497748	0
2018-09-05	9773	9805	9717	9788	294742	499898	0
2018-09-06	9809	9811	9711	9749	302348	501126	0
2018-09-07	9769	9892	9740	9831	455476	509554	0
2018-09-10	9855	9979	9846	9949	391500	552584	0
2018-09-11	9921	9959	9777	9783	420430	529690	0
2018-09-12	9812	9825	9671	9757	454126	492644	0
2018-09-13	9772	9788	9731	9758	261804	498326	0
2018-09-14	9754	9848	9706	9802	355264	513238	0
2018-09-17	9805	9937	9789	9930	506558	561254	0
2018-09-18	9951	10050	9911	10028	532018	589642	0
2018-09-19	10045	10080	10012	10050	349894	600824	0
2018-09-20	10100	10142	10035	10065	377518	611668	0
2018-09-21	10076	10076	9986	10036	357214	597362	0
2018-09-25	10075	10077	9972	10014	337962	591898	0
2018-09-26	10031	10035	9835	9888	518212	536976	0
2018-09-27	9899	9965	9878	9935	274914	518610	0
2018-09-28	9890	9983	9890	9946	275548	517696	0
2018-10-08	10029	10351	10023	10333	554796	620364	0
2018-10-09	10422	10581	10381	10544	627398	654430	0
2018-10-10	10537	10591	10432	10542	531262	633792	0
2018-10-11	10359	10445	10260	10387	569060	596280	0
2018-10-12	10381	10424	10263	10368	502150	581448	0
2018-10-15	10393	10432	10214	10215	420810	564412	0
2018-10-16	10215	10232	10019	10092	531218	543574	0
2018-10-17	10137	10173	10082	10104	324340	539080	0
2018-10-18	10034	10176	10011	10155	532280	566996	0
2018-10-19	10148	10172	10045	10045	393088	561594	0
2018-10-22	10035	10085	9957	9964	525754	553198	0
2018-10-23	9985	10002	9937	9957	344122	541248	0
2018-10-24	9896	9969	9885	9923	350172	540812	0
2018-10-25	9887	9906	9716	9736	596802	539424	0
2018-10-26	9744	9852	9734	9817	406666	517684	0
2018-10-29	9849	9867	9604	9648	506652	522104	0
2018-10-30	9679	9712	9585	9637	367456	514954	0
2018-10-31	9646	9783	9632	9754	505502	557612	0
2018-11-01	9737	9745	9573	9607	529676	534932	0
2018-11-02	9564	9755	9519	9745	573212	558362	0
2018-11-05	9750	9787	9681	9729	431380	568762	0
2018-11-06	9764	9775	9636	9723	406090	563474	0
2018-11-07	9666	9697	9578	9680	517298	568928	0
2018-11-08	9702	9770	9632	9696	560892	586650	0
2018-11-09	9673	9724	9472	9473	708586	605112	0
2018-11-12	9435	9504	9333	9345	668358	602598	0
2018-11-13	9320	9382	9290	9343	445100	594040	0
2018-11-14	9176	9267	9122	9266	707432	588750	0
2018-11-15	9263	9316	9234	9289	425336	581634	0
2018-11-16	9329	9377	9224	9306	523812	576108	0
2018-11-19	9284	9322	9196	9217	439246	582204	0
2018-11-20	9221	9250	9028	9036	554958	574110	0
2018-11-21	8795	8889	8722	8776	832590	577672	0
2018-11-22	8800	8826	8756	8769	504248	570776	0
2018-11-23	8742	8746	8407	8408	698276	587738	0
2018-11-26	8285	8379	8229	8293	830874	607426	0
2018-11-27	8385	8387	8262	8294	494954	609634	0
2018-11-28	8332	8615	8315	8603	836320	619454	0
2018-11-29	8583	8596	8432	8488	600820	613474	0
2018-11-30	8523	8591	8491	8584	612658	599072	0
2018-12-03	8799	8848	8614	8749	770822	596018	0
2018-12-04	8730	8949	8677	8929	783576	611176	0
2018-12-05	8866	8964	8777	8961	742820	579624	0
2018-12-06	8925	8945	8739	8754	804900	555458	0
2018-12-07	8825	8891	8725	8789	817654	527592	0
2018-12-10	8795	8830	8671	8700	598700	524002	0
2018-12-11	8634	8634	8386	8451	768080	526820	0
2018-12-12	8480	8533	8420	8421	606116	547298	0
2018-12-13	8425	8564	8407	8534	504852	534458	0
2018-12-14	8612	8620	8538	8607	493532	520004	0
2018-12-17	8605	8692	8605	8667	501940	513086	0
2018-12-18	8615	8662	8568	8660	528318	489926	0
2018-12-19	8575	8721	8533	8697	735574	508312	0
2018-12-20	8691	8739	8516	8573	739084	475200	0
2018-12-21	8567	8597	8439	8492	760944	481142	0
2018-12-24	8472	8498	8394	8421	533320	477712	0
2018-12-25	8323	8382	8263	8335	667860	516102	0
2018-12-26	8351	8464	8349	8454	603242	522382	0
2018-12-27	8598	8601	8515	8542	570280	501926	0
2018-12-28	8544	8596	8490	8594	530906	507112	0
2019-01-02	8595	8632	8449	8459	528980	512426	0
2019-01-03	8495	8541	8470	8495	453314	510252	0
2019-01-04	8516	8697	8475	8686	805480	524402	0
2019-01-07	8689	8748	8666	8723	498594	540762	0
2019-01-08	8743	8753	8590	8597	517082	532118	0
2019-01-09	8647	8719	8629	8648	531268	527558	0
2019-01-10	8681	8688	8585	8597	510276	522638	0
2019-01-11	8600	8710	8581	8698	536388	535552	0
2019-01-14	8685	8723	8555	8559	631802	535114	0
2019-01-15	8544	8621	8521	8597	465060	516750	0
2019-01-16	8600	8748	8585	8739	658970	556220	0
2019-01-17	8720	8778	8707	8727	533622	551522	0
2019-01-18	8759	8862	8717	8829	636642	570946	0
2019-01-21	8889	8912	8805	8852	613634	563138	0
2019-01-22	8840	8948	8717	8734	632338	541056	0
2019-01-23	8712	8790	8692	8779	365594	540464	0
2019-01-24	8760	8775	8657	8723	411912	527352	0
2019-01-25	8757	8832	8679	8690	582630	544552	0
2019-01-28	8725	8763	8661	8695	411264	531806	0
2019-01-29	8624	8668	8580	8587	524266	531262	0
2019-01-30	8628	8822	8623	8780	645402	527682	0
2019-01-31	8822	8853	8760	8816	391240	504580	0
2019-02-01	8836	8870	8766	8844	335556	484120	0
2019-02-11	8823	8875	8667	8705	474062	468430	0
2019-02-12	8731	8750	8676	8691	362446	486026	0
2019-02-13	8668	8700	8544	8573	518440	513472	0
2019-02-14	8587	8641	8563	8622	365538	515710	0
2019-02-15	8598	8655	8544	8556	493182	515416	0
2019-02-18	8630	8665	8519	8589	525942	527328	0
2019-02-19	8606	8773	8574	8768	605906	558346	0
2019-02-20	8746	8788	8717	8777	435138	544326	0
2019-02-21	8807	8811	8718	8753	447722	541736	0
2019-02-22	8752	8781	8713	8729	343532	528286	0
2019-02-25	8735	8761	8643	8643	504362	539422	0
2019-02-26	8621	8736	8617	8736	387556	527484	0
2019-02-27	8736	8748	8613	8628	369098	522334	0
2019-02-28	8646	8666	8570	8604	474156	538538	0
2019-03-01	8625	8792	8597	8789	655710	553974	0
2019-03-04	8751	8908	8746	8882	690366	576412	0
2019-03-05	8849	8872	8809	8837	414286	562256	0
2019-03-06	8801	8917	8793	8867	567092	572218	0
2019-03-07	8852	8864	8745	8747	456412	535256	0
2019-03-08	8717	8721	8660	8669	426118	530674	0
2019-03-11	8691	8733	8634	8729	444576	534256	0
2019-03-12	8732	8806	8707	8767	448664	529098	0
2019-03-13	8771	8803	8741	8766	334554	533672	0
2019-03-14	8786	8812	8667	8675	523150	534276	0
2019-03-15	8650	8675	8556	8566	607854	530438	0
2019-03-18	8520	8523	8375	8385	667000	620092	0
2019-03-19	8422	8462	8411	8421	437476	647756	0
2019-03-20	8412	8461	8388	8413	409752	649110	0
2019-03-21	8461	8513	8437	8479	423342	632506	0
2019-03-22	8463	8546	8440	8508	444552	614008	0
2019-03-25	8452	8541	8418	8526	508588	614612	0
2019-03-26	8536	8536	8456	8481	472930	586340	0
2019-03-27	8488	8521	8455	8477	382394	584204	0
2019-03-28	8473	8506	8363	8392	547000	636488	0
2019-03-29	8406	8502	8371	8463	633300	608208	0
2019-04-01	8482	8600	8425	8594	745446	622812	0
2019-04-02	8605	8655	8582	8602	564320	604828	0
2019-04-03	8603	8715	8596	8662	732386	616992	0
2019-04-04	8652	8666	8606	8654	501454	596490	0
2019-04-08	8658	8932	8658	8874	945220	599804	0
2019-04-09	8856	8897	8759	8790	776054	627120	0
2019-04-10	8795	8854	8769	8816	595336	648246	0
2019-04-11	8814	8849	8783	8829	578304	656622	0
2019-04-12	8827	8860	8711	8835	804974	625588	0
2019-04-15	8887	8889	8735	8758	638066	602230	0
2019-04-16	8751	8784	8690	8734	513256	576562	0
2019-04-17	8740	8780	8704	8732	481562	586412	0
2019-04-18	8734	8758	8636	8639	824928	579850	0
2019-04-19	8653	8676	8602	8654	537582	561780	0
2019-04-22	8648	8762	8637	8642	666560	567828	0
2019-04-23	8658	8697	8620	8688	519026	577262	0
2019-04-24	8671	8726	8652	8664	724854	572844	0
2019-04-25	8674	8706	8603	8614	668104	574414	0
2019-04-26	8619	8650	8545	8569	657418	559108	0
2019-04-29	8588	8618	8572	8593	419626	537814	0
2019-04-30	8593	8666	8567	8661	494770	514270	0
2019-05-06	8550	8612	8550	8582	437742	498496	0
2019-05-07	8587	8648	8556	8632	543748	527338	0
2019-05-08	8619	8628	8478	8482	847508	556072	0
2019-05-09	8457	8461	8347	8380	742346	604570	0
2019-05-10	8368	8455	8366	8420	625316	580048	0
2019-05-13	8401	8443	8291	8314	613194	624354	0
2019-05-14	8316	8341	8030	8106	1095758	715652	0
2019-05-15	8122	8214	8087	8190	627810	709182	0
2019-05-16	8167	8298	8154	8271	719116	713788	0
2019-05-17	8277	8314	8191	8270	816962	712688	0
2019-05-20	8270	8384	8243	8347	824072	693006	0
2019-05-21	8340	8447	8326	8443	671614	682996	0
2019-05-22	8435	8441	8305	8365	779234	681866	0
2019-05-23	8341	8345	8218	8225	667260	698052	0
2019-05-24	8223	8239	8110	8183	778468	704306	0
2019-05-27	8201	8227	8137	8147	641050	720288	0
2019-05-28	8159	8250	8113	8234	725398	731908	0
2019-05-29	8224	8336	8221	8298	802196	713168	0
2019-05-30	8268	8296	8190	8192	643098	704596	0
2019-05-31	8188	8233	8141	8157	578806	722242	0
2019-06-03	8128	8132	7937	8003	1120952	778238	0
2019-06-04	8047	8050	7862	7959	1090540	828736	0
2019-06-05	7957	7984	7854	7856	1081626	909304	0
2019-06-06	7864	7949	7741	7927	1551480	883962	0
2019-06-10	7999	8038	7930	7949	696628	867680	0
2019-06-11	7941	8010	7875	7972	930962	862278	0
2019-06-12	7986	7988	7861	7863	786554	890912	0
2019-06-13	7864	7987	7864	7946	876544	896622	0
2019-06-14	7966	7992	7880	7903	737852	898274	0
2019-06-17	7909	7968	7870	7921	611168	900036	0
2019-06-18	7912	7976	7894	7960	721542	891474	0
2019-06-19	7975	8107	7945	8079	980362	871084	0
2019-06-20	8060	8235	8041	8223	953608	887912	0
2019-06-21	8220	8260	8152	8203	826238	868666	0
2019-06-24	8205	8278	8183	8259	690362	860506	0
2019-06-25	8288	8324	8199	8227	909482	841380	0
2019-06-26	8231	8346	8179	8331	887152	880376	0
2019-06-27	8339	8377	8224	8239	980750	844334	0
2019-06-28	8238	8297	8192	8248	885206	832046	0
2019-07-01	8268	8415	8234	8412	913870	877354	0
2019-07-02	8405	8681	8358	8678	1362564	869974	0
2019-07-03	8699	8859	8529	8687	2101324	841808	0
2019-07-04	8728	8729	8390	8533	2060928	824298	0
2019-07-05	8536	8623	8494	8604	1343706	808492	0
2019-07-08	8604	8754	8580	8699	1409404	831420	0
2019-07-09	8694	8791	8535	8614	1728548	839082	0
2019-07-10	8627	8665	8528	8659	1506288	879660	0
2019-07-11	8708	8717	8554	8581	1482726	852272	0
2019-07-12	8568	8592	8423	8447	1371614	841480	0
2019-07-15	8466	8639	8456	8627	1409862	909430	0
2019-07-16	8605	8623	8517	8570	1026828	876912	0
2019-07-17	8576	8651	8440	8477	1329144	849098	0
2019-07-18	8492	8502	8367	8403	1178190	822754	0
2019-07-19	8407	8430	8338	8382	951130	806892	0
2019-07-22	8374	8442	8324	8395	1198270	792260	0
2019-07-23	8379	8495	8375	8472	1112928	808148	0
2019-07-24	8463	8525	8378	8433	1268660	802092	0
2019-07-25	8429	8442	8367	8397	932602	816028	0
2019-07-26	8401	8512	8380	8454	1216028	827370	0
2019-07-29	8450	8482	8384	8477	966212	861598	0
2019-07-30	8479	8603	8462	8477	1279134	867704	0
2019-07-31	8473	8482	8375	8377	1268596	838444	0
2019-08-01	8381	8443	8377	8428	868718	851286	0
2019-08-02	8428	8431	8270	8333	1121870	831108	0
2019-08-05	8335	8346	8141	8154	1211830	854436	0
2019-08-06	8173	8255	8152	8218	841986	833886	0
2019-08-07	8225	8263	8167	8181	783538	847752	0
2019-08-08	8154	8210	8073	8164	1211796	858420	0
2019-08-09	8164	8257	8144	8252	958360	826140	0
2019-08-12	8263	8312	8214	8245	860184	821300	0
2019-08-13	8243	8253	8176	8227	702112	827618	0
2019-08-14	8240	8322	8204	8255	992136	818194	0
2019-08-15	8229	8248	8150	8194	796476	837084	0
2019-08-16	8197	8240	8169	8193	746754	814068	0
2019-08-19	8198	8229	8168	8186	614064	832176	0
2019-08-20	8200	8312	8200	8232	1327120	855712	0
2019-08-21	8233	8237	8138	8159	963094	845698	0
2019-08-22	8175	8186	8052	8060	939844	903494	0
2019-08-23	8062	8081	7897	7928	1416982	935150	0
2019-08-26	7867	8005	7857	7919	1129536	889252	0
2019-08-27	7947	7966	7868	7874	735638	896188	0
2019-08-28	7875	7921	7816	7830	861482	906126	0
2019-08-29	7840	7886	7753	7775	1084284	945392	0
2019-08-30	7801	7917	7796	7914	1025464	901002	0
2019-09-02	7919	7968	7878	7966	865462	883068	0
2019-09-03	7975	7978	7908	7944	688986	862338	0
2019-09-04	7938	8040	7929	8034	760766	855332	0
2019-09-05	8041	8130	8019	8037	1068986	901654	0
2019-09-06	8064	8097	7992	8018	775554	902840	0
2019-09-09	8038	8137	7967	8133	1007228	910120	0
2019-09-10	8121	8127	8025	8058	712322	910936	0
2019-09-11	8064	8100	8042	8075	604224	898316	0
2019-09-12	8068	8102	7974	8032	947284	903234	0
2019-09-16	8287	8336	8171	8296	1197906	814810	0
2019-09-17	8296	8474	8295	8372	1470274	826332	0
2019-09-18	8351	8359	8185	8236	1184274	797594	0
2019-09-19	8214	8266	8131	8133	1021960	835586	0
2019-09-20	8172	8183	8110	8157	751632	839128	0
2019-09-23	8187	8249	8165	8192	832304	854868	0
2019-09-24	8198	8232	8174	8205	640950	833552	0
2019-09-25	8199	8248	8167	8197	736466	808276	0
2019-09-26	8184	8204	8112	8170	888022	783378	0
2019-09-27	8167	8177	8067	8079	600378	763454	0
2019-09-30	8071	8143	8056	8113	519802	724220	0
2019-10-08	8063	8089	7962	8046	522104	742268	0
2019-10-09	8031	8115	8025	8049	596786	782658	0
2019-10-10	8060	8065	8010	8040	597196	807500	0
2019-10-11	8045	8103	8036	8078	743614	813728	0
2019-10-14	8085	8196	8069	8179	846166	868792	0
2019-10-15	8153	8172	8065	8110	670996	848142	0
2019-10-16	8120	8129	8012	8016	731346	861000	0
2019-10-17	8030	8036	7935	7989	917158	916026	0
2019-10-18	7986	8040	7947	8023	702548	906550	0
2019-10-21	8025	8031	7907	7936	814512	903894	0
2019-10-22	7943	7964	7883	7954	888228	931402	0
2019-10-23	7982	8008	7957	7971	782446	910420	0
2019-10-24	7961	8033	7949	8018	657952	896792	0
2019-10-25	8025	8084	7984	7986	818892	860636	0
2019-10-28	7988	8003	7923	7944	769954	899930	0
2019-10-29	7939	7939	7866	7891	810536	916202	0
2019-10-30	7884	7912	7865	7890	566572	911238	0
2019-10-31	7885	7941	7851	7861	681258	929186	0
2019-11-01	7849	7869	7756	7869	1118570	902472	0
2019-11-04	7861	7910	7833	7906	707734	901964	0
2019-11-05	7912	7943	7873	7918	720582	893768	0
2019-11-06	7921	7952	7885	7897	683508	881452	0
2019-11-07	7900	7927	7872	7881	739308	895252	0
2019-11-08	7914	7965	7855	7875	1014218	901106	0
2019-11-11	7852	7869	7807	7811	770080	899304	0
2019-11-12	7818	7901	7800	7901	843286	909112	0
2019-11-13	7901	7928	7830	7844	798426	881478	0
2019-11-14	7841	7870	7798	7830	722074	877914	0
2019-11-15	7834	7836	7724	7724	960680	923118	0
2019-11-18	7728	7757	7699	7745	708408	929288	0
2019-11-19	7750	7756	7673	7708	678920	948134	0
2019-11-20	7700	7758	7663	7718	734420	936282	0
2019-11-21	7714	7764	7696	7763	575634	918674	0
2019-11-22	7764	7815	7722	7771	814778	869366	0
2019-11-25	7776	7835	7749	7832	659682	873260	0
2019-11-26	7801	7840	7783	7795	636402	892642	0
2019-11-27	7808	7867	7792	7792	767094	895064	0
2019-11-28	7792	7814	7753	7774	546066	882962	0
2019-11-29	7778	7837	7773	7831	627096	897638	0
2019-12-02	7837	7874	7791	7867	732630	911880	0
2019-12-03	7871	7929	7858	7900	773772	915756	0
2019-12-04	7885	7906	7842	7847	637054	894886	0
2019-12-05	7850	7868	7821	7821	561700	902016	0
2019-12-06	7814	7854	7796	7811	701552	872688	0
2019-12-09	7804	7886	7743	7743	944692	840138	0
2019-12-10	7746	7763	7720	7728	628064	823730	0
2019-12-11	7729	7740	7616	7626	816130	856734	0
2019-12-12	7623	7643	7605	7623	718300	833788	0
2019-12-13	7634	7674	7584	7605	825512	812238	0
2019-12-16	7611	7647	7590	7634	707210	790762	0
2019-12-17	7636	7650	7554	7558	832236	851054	0
2019-12-18	7560	7577	7488	7489	830350	897150	0
2019-12-19	7495	7534	7463	7529	814200	842428	0
2019-12-20	7530	7564	7522	7530	652576	807958	0
2019-12-23	7532	7552	7485	7540	630824	804570	0
2019-12-24	7543	7547	7491	7505	532492	808290	0
2019-12-25	7499	7526	7460	7524	852348	811426	0
2019-12-26	7520	7592	7511	7588	633074	764054	0
2019-12-27	7590	7646	7574	7616	697464	723894	0
2019-12-30	7618	7659	7616	7634	505072	721144	0
2019-12-31	7636	7648	7555	7580	643822	698302	0
2020-01-02	7589	7604	7556	7567	186374	358759	0
2020-01-03	7568	7574	7492	7523	344769	371565	0
2020-01-06	7532	7636	7506	7620	432259	367605	0
2020-01-07	7598	7609	7523	7546	331105	391319	0
2020-01-08	7548	7689	7538	7631	431758	373565	0
2020-01-09	7604	7709	7587	7618	537610	384064	0
2020-01-10	7633	7698	7618	7697	317253	413074	0
2020-01-13	7712	7765	7671	7748	387681	429465	0
2020-01-14	7726	7745	7661	7665	256908	411909	0
2020-01-15	7672	7673	7559	7569	344610	398138	0
2020-01-16	7578	7600	7542	7544	204094	402085	0
2020-01-17	7537	7564	7518	7521	199317	400257	0
2020-01-20	7519	7542	7496	7524	238352	389364	0
2020-01-21	7523	7533	7429	7453	257055	402548	0
2020-01-22	7448	7455	7319	7339	354309	412514	0
2020-01-23	7341	7401	7319	7329	202141	383602	0
2020-02-03	6967	6967	6909	6909	208771	370410	0
2020-02-04	6714	6963	6713	6937	301479	344594	0
2020-02-05	6939	7003	6911	6916	294332	401063	0
2020-02-06	6943	6956	6885	6944	240570	409601	0
2020-02-07	6935	6946	6877	6889	272494	445405	0
2020-02-10	6862	6904	6848	6856	240960	468287	0
2020-02-11	6850	6901	6839	6879	226236	462117	0
2020-02-12	6888	6916	6855	6881	263868	468354	0
2020-02-13	6894	6898	6829	6840	248581	497270	0
2020-02-14	6852	6880	6818	6879	266405	483538	0
2020-02-17	6876	6937	6869	6933	285232	475355	0
2020-02-18	6948	7037	6936	6979	437756	466976	0
2020-02-19	6985	7082	6985	7077	380472	463393	0
2020-02-20	7101	7164	7066	7160	414697	469317	0
2020-02-21	7154	7170	7100	7128	342991	471504	0
2020-02-24	7090	7130	7045	7103	342196	478116	0
2020-02-25	7067	7122	7040	7105	350992	482161	0
2020-02-26	7079	7108	7062	7070	307187	486771	0
2020-02-27	7045	7060	7003	7039	332769	489711	0
2020-02-28	6986	6988	6853	6864	501985	463224	0
2020-03-02	6819	7022	6813	7008	432154	457246	0
2020-03-03	7035	7148	7035	7092	443145	451379	0
2020-03-04	7087	7145	7083	7141	347872	445270	0
2020-03-05	7147	7202	7138	7181	411155	442827	0
2020-03-06	7152	7192	7115	7170	416064	447208	0
2020-03-09	6937	6942	6867	6867	215410	421790	0
2020-03-10	6871	7031	6865	7009	545319	372845	0
2020-03-11	7027	7089	6972	6979	420294	384511	0
2020-03-12	6967	6967	6863	6874	518123	387554	0
2020-03-13	6849	6898	6719	6869	653733	387466	0
2020-03-16	6811	6854	6722	6723	502059	428322	0
2020-03-17	6708	6731	6612	6722	531907	432287	0
2020-03-18	6675	6709	6535	6537	473556	439490	0
2020-03-19	6536	6536	6374	6477	557082	412828	0
2020-03-20	6504	6634	6497	6573	508010	406741	0
2020-03-23	6419	6435	6342	6386	542190	412969	0
2020-03-24	6438	6464	6270	6394	621301	434667	0
2020-03-25	6418	6458	6352	6396	460756	443404	0
2020-03-26	6384	6384	6109	6167	788878	463144	0
2020-03-27	6209	6209	5893	5913	973459	489884	0
2020-03-30	5853	5853	5655	5670	856662	505078	0
2020-03-31	5715	5942	5699	5858	889338	493963	0
2020-04-01	5828	5887	5785	5871	659220	513228	0
2020-04-02	5861	6193	5861	6193	1012498	506833	0
2020-04-03	6436	6436	6203	6356	886492	455149	0
2020-04-07	6474	6679	6459	6676	878141	461766	0
2020-04-08	6617	6776	6545	6611	1352200	440492	0
2020-04-09	6674	6865	6633	6819	1201917	442251	0
2020-04-10	6725	7110	6695	7096	1806530	500136	0
2020-04-13	7355	7451	7095	7361	2530141	607493	0
2020-04-14	7401	7404	6831	6894	3695000	583202	0
2020-04-15	6842	6983	6708	6766	2713001	556315	0
2020-04-16	6742	6845	6701	6807	1960512	547893	0
2020-04-17	6828	7022	6808	6907	1831302	514611	0
2020-04-20	6855	6888	6746	6861	1096218	509946	0
2020-04-21	6750	6840	6499	6619	1623106	497030	0
2020-04-22	6520	6530	6376	6504	1424406	519749	0
2020-04-23	6595	6995	6595	6909	1551894	514875	0
2020-04-24	6987	6996	6830	6906	1093686	504377	0
2020-04-27	6895	7045	6895	6927	1169403	498172	0
2020-04-28	6868	6967	6833	6921	901209	481437	0
2020-04-29	6958	7005	6810	6850	846046	462432	0
2020-04-30	6888	7008	6829	6997	886049	476064	0
2020-05-06	7090	7192	7022	7147	808820	495218	0
2020-05-07	7107	7207	7002	7015	1056352	486220	0
2020-05-08	7067	7069	6918	7012	1005496	480824	0
2020-05-11	7037	7052	6736	6780	1288704	502929	0
2020-05-12	6761	6839	6747	6834	888439	500264	0
2020-05-13	6845	6911	6763	6875	1070122	508097	0
2020-05-14	6878	6892	6818	6866	764635	496501	0
2020-05-15	6862	6946	6823	6911	907701	499670	0
2020-05-18	6892	6933	6815	6901	884339	488852	0
2020-05-19	6927	7084	6922	6968	1114411	483128	0
2020-05-20	6959	7153	6944	7124	924616	534724	0
2020-05-21	7135	7245	7107	7143	1041578	517644	0
2020-05-22	7165	7178	7008	7023	952151	483384	0
2020-05-25	7043	7165	7019	7117	776171	511946	0
2020-05-26	7092	7170	7067	7088	822379	482864	0
2020-05-27	7111	7155	7036	7128	803840	496178	0
2020-05-28	7132	7221	7051	7145	1056325	487091	0
2020-05-29	7167	7266	7137	7172	1168481	509908	0
2020-06-01	7182	7422	7164	7418	929081	582480	0
2020-06-02	7400	7550	7368	7473	974144	569275	0
2020-06-03	7479	7506	7425	7472	769919	571581	0
2020-06-04	7422	7453	7285	7309	868687	527588	0
2020-06-05	7310	7374	7308	7349	550440	524500	0
2020-06-08	7384	7385	7252	7321	869184	504993	0
2020-06-09	7302	7428	7252	7418	800885	541101	0
2020-06-10	7403	7448	7307	7330	736581	503591	0
2020-06-11	7333	7351	7272	7287	664306	488363	0
2020-06-12	7252	7294	7152	7287	757247	483967	0
2020-06-15	7289	7343	7243	7260	643331	466458	0
2020-06-16	7260	7438	7255	7399	659928	495488	0
2020-06-17	7432	7490	7359	7467	659055	520276	0
2020-06-18	7463	7517	7423	7441	649191	500102	0
2020-06-19	7417	7456	7389	7434	536063	487607	0
2020-06-22	7435	7473	7380	7423	551616	479874	0
2020-06-23	7424	7454	7374	7450	519275	491865	0
2020-06-24	7445	7452	7376	7427	452569	455416	0
2020-06-29	7384	7417	7272	7325	478635	451963	0
2020-06-30	7336	7406	7335	7367	468466	450277	0
2020-07-01	7369	7434	7361	7394	423550	447963	0
2020-07-02	7387	7447	7339	7432	603327	472091	0
2020-07-03	7440	7599	7425	7523	731893	496315	0
2020-07-06	7510	7705	7485	7684	656150	528002	0
2020-07-07	7656	7725	7631	7675	653102	510821	0
2020-07-08	7683	7720	7572	7588	722107	472363	0
2020-07-09	7604	7703	7590	7665	583793	478141	0
2020-07-10	7651	7682	7547	7569	592990	448904	0
2020-07-13	7600	7690	7579	7626	591403	444880	0
2020-07-14	7606	7626	7510	7606	677225	440224	0
2020-07-15	7600	7634	7501	7516	665577	441180	0
2020-07-16	7511	7548	7413	7424	776629	421105	0
2020-07-17	7448	7465	7399	7443	584143	402340	0
2020-07-20	7431	7477	7366	7423	659320	398573	0
2020-07-21	7427	7496	7391	7404	543025	404608	0
2020-07-22	7451	7519	7414	7415	660078	392961	0
2020-07-23	7422	7448	7345	7428	665234	397292	0
2020-07-24	7414	7431	7292	7309	624807	411636	0
2020-07-27	7336	7460	7310	7454	639551	402206	0
2020-07-28	7479	7591	7453	7575	678404	428174	0
2020-07-29	7566	7595	7524	7554	449252	413863	0
2020-07-30	7553	7603	7526	7545	466942	404206	0
2020-07-31	7541	7560	7426	7545	626862	388513	0
2020-08-03	7532	7569	7471	7553	536896	385047	0
2020-08-04	7591	7693	7591	7661	659503	414718	0
2020-08-05	7652	7743	7631	7651	638879	398800	0
2020-08-06	7702	7702	7595	7628	444113	388562	0
2020-08-07	7625	7670	7548	7627	538246	381979	0
2020-08-10	7635	7652	7542	7566	535845	370686	0
2020-08-11	7554	7665	7544	7594	560528	360280	0
2020-08-12	7607	7624	7486	7518	572364	342934	0
2020-08-13	7531	7560	7459	7486	523738	342410	0
2020-08-14	7497	7572	7487	7537	527002	341046	0
2020-08-17	7525	7568	7496	7564	482936	346044	0
2020-08-18	7575	7700	7550	7684	591378	396221	0
2020-08-19	7700	7700	7607	7628	431249	370621	0
2020-08-20	7638	7729	7614	7716	585561	400135	0
2020-08-21	7697	7703	7576	7621	554795	345146	0
2020-08-24	7639	7692	7621	7645	397351	351941	0
2020-08-25	7653	7781	7652	7763	524871	398587	0
2020-08-26	7738	7810	7729	7748	467948	382603	0
2020-08-27	7749	7828	7742	7825	533566	406011	0
2020-08-28	7825	7836	7757	7819	479410	382746	0
2020-08-31	7825	8023	7811	7934	537770	369699	0
2020-09-01	7922	7959	7895	7930	322658	357991	0
2020-09-02	7959	8154	7913	8063	675663	378666	0
2020-09-03	8068	8084	8004	8033	441047	380165	0
2020-09-04	8022	8054	7889	7968	581822	361464	0
2020-09-07	7981	7984	7846	7879	566416	342357	0
2020-09-08	7873	7946	7829	7850	517861	343782	0
2020-09-09	7752	7811	7668	7759	830747	345891	0
2020-09-10	7783	7820	7705	7721	581279	340836	0
2020-09-11	7711	7730	7617	7720	708869	345124	0
2020-09-14	7726	7743	7673	7695	472535	344241	0
2020-09-15	7689	7776	7654	7658	727487	352989	0
2020-09-16	7682	7787	7636	7765	812540	364263	0
2020-09-17	7760	7808	7632	7654	746025	364207	0
2020-09-18	7668	7766	7658	7738	506024	344693	0
2020-09-21	7758	7840	7676	7792	740822	358501	0
2020-09-22	7759	7790	7623	7637	703179	344228	0
2020-09-23	7671	7696	7542	7644	736923	347821	0
2020-09-24	7670	7719	7570	7612	889858	348187	0
2020-09-25	7641	7772	7621	7759	674830	354357	0
2020-09-28	7745	7869	7735	7756	695060	351031	0
2020-09-29	7787	7823	7733	7772	729674	344465	0
2020-09-30	7759	7761	7590	7616	648338	310610	0
2020-10-09	7729	7825	7645	7805	358401	332696	0
2020-10-12	7793	7931	7760	7919	577658	378253	0
2020-10-13	7905	7910	7849	7870	434617	382616	0
2020-10-14	7904	7986	7888	7920	637797	409054	0
2020-10-15	7945	8017	7862	7899	878626	406162	0
2020-10-16	7855	7938	7820	7853	642756	394175	0
2020-10-19	7862	7873	7720	7771	759099	367034	0
2020-10-20	7762	7784	7711	7766	460356	362270	0
2020-10-21	7760	7849	7731	7773	676614	366955	0
2020-10-22	7771	7821	7699	7764	657455	363974	0
2020-10-23	7774	7776	7677	7725	673930	375628	0
2020-10-26	7744	7755	7634	7730	694698	375013	0
2020-10-27	7745	7797	7672	7789	632648	390669	0
2020-10-28	7774	7849	7751	7788	762894	371332	0
2020-10-29	7738	7869	7726	7772	703121	373325	0
2020-10-30	7711	7803	7662	7796	1107002	355457	0
2020-11-02	7774	8077	7773	8075	1083392	440548	0
2020-11-03	8056	8151	8014	8066	804580	438560	0
2020-11-04	8094	8164	7998	7998	824128	419535	0
2020-11-05	8030	8034	7889	7925	693876	378752	0
2020-11-06	7937	7956	7892	7918	576087	369326	0
2020-11-09	7942	7995	7877	7963	879876	363666	0
2020-11-10	8041	8096	7889	7907	780617	368602	0
2020-11-11	7919	8016	7893	8016	811193	382498	0
2020-11-12	8011	8101	7985	8036	753581	393193	0
2020-11-13	8045	8236	8035	8179	1150136	426798	0
2020-11-16	8182	8375	8172	8297	986697	433225	0
2020-11-17	8293	8320	8216	8274	731884	411307	0
2020-11-18	8282	8491	8251	8439	888243	449621	0
2020-11-19	8462	8560	8400	8525	783728	448029	0
2020-11-20	8518	8568	8412	8460	812033	434678	0
2020-11-23	8476	8748	8438	8737	1029727	468104	0
2020-11-24	8733	8787	8688	8739	794361	450939	0
2020-11-25	8718	8810	8641	8662	962218	448473	0
2020-11-26	8654	8784	8581	8586	838111	450219	0
2020-11-27	8609	8716	8537	8654	1042805	443493	0
2020-11-30	8649	8681	8557	8629	1036768	430495	0
2020-12-01	8610	8619	8421	8478	862757	405696	0
2020-12-02	8483	8519	8370	8390	876077	404637	0
2020-12-03	8365	8409	8297	8306	720357	394937	0
2020-12-04	8324	8429	8255	8408	655707	376983	0
2020-12-07	8355	8508	8298	8487	771772	376793	0
2020-12-08	8467	8530	8338	8370	626492	359761	0
2020-12-09	8395	8455	8332	8366	705643	356554	0
2020-12-10	8375	8616	8365	8426	792141	348002	0
2020-12-11	8438	8622	8402	8615	973885	381264	0
2020-12-14	8630	8758	8417	8446	988585	348623	0
2020-12-15	8450	8459	8290	8294	778862	360158	0
2020-12-16	8324	8357	8222	8277	708557	352816	0
2020-12-17	8281	8340	8246	8334	959424	336803	0
2020-12-18	8344	8478	8326	8388	839300	320054	0
2020-12-21	8387	8523	8313	8331	576360	316794	0
2020-12-22	8266	8488	8185	8223	1018882	302875	0
2020-12-23	8285	8287	8158	8183	829410	307180	0
2020-12-24	8216	8313	8201	8252	944434	315356	0
2020-12-25	8254	8284	8082	8107	918886	336643	0
2020-12-28	8143	8155	7951	7970	1074994	338155	0
2020-12-29	8001	8005	7880	7922	800620	327761	0
2020-12-30	7941	7996	7862	7955	882283	318494	0
2020-12-31	7957	8059	7871	8057	1044308	300284	0
2021-01-04	8039	8063	7939	8035	396332	310849	0
2021-01-05	8045	8133	7921	7997	560227	324427	0
2021-01-06	8038	8093	7931	7943	608230	348704	0
2021-01-07	7919	8027	7851	7911	793668	360149	0
2021-01-08	7925	7947	7755	7779	714683	389458	0
2021-01-11	7784	7895	7737	7813	705284	370710	0
2021-01-12	7792	7871	7721	7858	628690	366980	0
2021-01-13	7874	7987	7790	7971	664792	369808	0
2021-01-14	7931	7964	7821	7926	673015	358291	0
2021-01-15	7956	8014	7885	7978	648143	357375	0
2021-01-18	7992	8219	7986	8213	705537	370317	0
2021-01-19	8207	8229	8081	8131	647301	351437	0
2021-01-20	8167	8168	8026	8032	556819	351650	0
2021-01-21	8062	8124	8039	8104	510664	359123	0
2021-01-22	8087	8212	8014	8169	800993	370564	0
2021-01-25	8158	8246	8029	8056	747607	336798	0
2021-01-26	8076	8155	8066	8070	613481	335626	0
2021-01-27	8117	8189	8056	8187	623430	350929	0
2021-01-28	8175	8275	8151	8243	772841	371990	0
2021-01-29	8240	8342	8216	8282	655679	380791	0
2021-02-01	8307	8353	8160	8165	589677	349404	0
2021-02-02	8193	8208	8120	8165	511472	342061	0
2021-02-03	8185	8244	8107	8240	553919	342904	0
2021-02-04	8229	8336	8185	8335	541394	365415	0
2021-02-05	8306	8419	8297	8343	634029	376592	0
2021-02-08	8304	8383	8281	8330	560700	354020	0
2021-02-09	8327	8354	8208	8249	567733	320742	0
2021-02-10	8261	8263	8126	8200	526983	301899	0
2021-02-18	8455	8778	8449	8764	625821	345823	0
2021-02-19	8754	8904	8707	8894	728298	391347	0
2021-02-22	8874	9397	8859	9324	979694	381520	0
2021-02-23	9304	9424	9091	9170	950552	367340	0
2021-02-24	9170	9314	9137	9150	787186	371524	0
2021-02-25	9177	9443	9129	9311	1104521	377113	0
2021-02-26	9329	9470	9196	9320	1059778	393667	0
2021-03-01	9253	9450	9146	9246	927678	362433	0
2021-03-02	9199	9266	9034	9228	858969	369970	0
2021-03-03	9222	9317	9176	9289	768633	372947	0
2021-03-04	9311	9415	9203	9211	836768	379872	0
2021-03-05	9183	9317	9128	9241	641932	385303	0
2021-03-08	9268	9560	9232	9487	745955	415240	0
2021-03-09	9468	9468	9160	9161	591181	385520	0
2021-03-10	9283	9283	9063	9079	757105	388277	0
2021-03-11	9137	9203	9027	9195	616041	388807	0
2021-03-12	9212	9319	9189	9306	659838	401483	0
2021-03-15	9296	9426	9251	9336	742261	397366	0
2021-03-16	9313	9448	9300	9306	756559	407131	0
2021-03-17	9271	9285	9140	9210	799101	387277	0
2021-03-18	9182	9223	9068	9102	752318	400135	0
2021-03-19	9103	9103	8830	8912	1062163	410933	0
2021-03-22	8955	9066	8910	8932	745859	403015	0
2021-03-23	8911	8958	8747	8776	841033	414427	0
2021-03-24	8736	8808	8665	8801	698940	411612	0
2021-03-25	8809	8898	8682	8783	819358	406503	0
2021-03-26	8746	8882	8724	8819	747022	401728	0
2021-03-29	8822	8978	8711	8731	836541	405042	0
2021-03-30	8781	8862	8699	8726	769916	398017	0
2021-03-31	8669	8773	8603	8635	889696	404810	0
2021-04-01	8644	8804	8585	8781	731653	385647	0
2021-04-02	8762	8871	8720	8829	694593	387911	0
2021-04-06	8794	8840	8716	8799	503597	381847	0
2021-04-07	8802	8941	8792	8825	784158	383316	0
2021-04-08	8813	8833	8660	8692	702542	397352	0
2021-04-09	8707	8738	8634	8642	679651	398499	0
2021-04-12	8623	8661	8479	8515	854576	420940	0
2021-04-13	8540	8568	8456	8466	669353	428861	0
2021-04-14	8470	8515	8418	8475	718570	443748	0
2021-04-15	8476	8654	8475	8614	853579	432965	0
2021-04-16	8612	8706	8586	8641	765833	424536	0
2021-04-19	8660	8719	8537	8547	915167	429888	0
2021-04-20	8578	8645	8518	8537	808568	425077	0
2021-04-21	8539	8540	8325	8341	965456	466163	0
2021-04-22	8335	8396	8290	8391	844793	457004	0
2021-04-23	8412	8414	8336	8397	582785	434750	0
2021-04-26	8435	8507	8408	8423	768728	412077	0
2021-04-27	8415	8589	8401	8549	765690	425928	0
2021-04-28	8555	8580	8495	8565	586929	428715	0
2021-04-29	8554	8602	8522	8561	548397	427827	0
2021-04-30	8611	8630	8430	8452	715991	408368	0
2021-05-06	8503	8745	8503	8710	625363	443291	0
2021-05-07	8718	8887	8707	8860	666821	476159	0
2021-05-10	8822	8890	8753	8768	701000	482091	0
2021-05-11	8791	8791	8647	8720	661467	476156	0
2021-05-12	8728	8977	8671	8957	872445	514959	0
2021-05-13	8921	8997	8743	8863	895383	516277	0
2021-05-14	8854	8881	8656	8750	867957	512727	0
2021-05-17	8826	8888	8715	8728	745897	515432	0
2021-05-18	8704	8797	8691	8748	560765	516466	0
2021-05-19	8737	8743	8507	8618	835646	489137	0
2021-05-20	8547	8562	8374	8439	822583	472064	0
2021-05-21	8431	8450	8313	8349	690864	457015	0
2021-05-24	8403	8403	8296	8371	691873	449606	0
2021-05-25	8387	8438	8313	8369	687374	475186	0
2021-05-26	8357	8475	8237	8471	912648	492284	0
2021-05-27	8402	8452	8302	8317	740576	496232	0
2021-05-28	8299	8452	8282	8294	810279	517456	0
2021-05-31	8321	8380	8263	8320	627587	510587	0
2021-06-01	8334	8431	8303	8423	734810	496433	0
2021-06-02	8476	8537	8347	8374	709709	496686	0
2021-06-03	8398	8455	8341	8362	589520	501220	0
2021-06-04	8340	8382	8221	8257	761776	541191	0
2021-06-07	8261	8282	8081	8098	926582	605480	0
2021-06-08	8126	8140	8039	8114	604189	600996	0
2021-06-09	8108	8180	8053	8171	555627	583032	0
2021-06-10	8173	8184	8065	8165	657729	569958	0
2021-06-11	8173	8216	8107	8199	657892	535912	0
2021-06-15	8207	8263	8108	8221	614101	534064	0
2021-06-16	8221	8297	8216	8272	576157	527792	0
2021-06-17	8262	8281	8191	8250	654642	506833	0
2021-06-18	8239	8272	8129	8226	821835	499029	0
2021-06-21	8209	8329	8186	8267	899843	489698	0
2021-06-22	8244	8376	8234	8360	705798	513971	0
2021-06-23	8367	8485	8335	8422	801956	549914	0
2021-06-24	8415	8499	8413	8450	651773	573551	0
2021-06-25	8438	8571	8402	8558	884090	595036	0
2021-06-28	8573	8616	8495	8591	821797	608473	0
2021-06-29	8599	8615	8463	8485	725665	603527	0
2021-06-30	8492	8599	8469	8479	705406	621957	0
2021-07-01	8482	8596	8464	8536	793243	637008	0
2021-07-02	8598	8637	8500	8531	790733	651684	0
2021-07-05	8540	8673	8495	8627	984998	686261	0
2021-07-06	8614	8695	8572	8607	767211	693413	0
2021-07-07	8599	8602	8380	8414	1019065	630311	0
2021-07-08	8442	8450	8351	8406	753868	609570	0
2021-07-09	8419	8538	8375	8535	695611	597471	0
2021-07-12	8552	8668	8545	8574	823216	628296	0
2021-07-13	8568	8605	8528	8566	589526	634183	0
2021-07-14	8548	8573	8444	8477	833073	644198	0
2021-07-15	8469	8477	8299	8364	898884	683089	0
2021-07-16	8367	8453	8332	8410	824593	676238	0
2021-07-19	8429	8594	8373	8593	888151	668095	0
2021-07-20	8508	8588	8424	8572	901730	640289	0
2021-07-21	8564	8632	8529	8616	869242	662408	0
2021-07-22	8625	8727	8574	8621	897274	666662	0
2021-07-23	8639	8678	8548	8598	754214	655738	0
2021-07-26	8583	8595	8428	8428	847620	635810	0
2021-07-27	8448	8475	8350	8366	704897	660077	0
2021-07-28	8358	8479	8323	8447	720494	646374	0
2021-07-29	8451	8561	8451	8557	648154	616232	0
2021-07-30	8555	8624	8524	8600	753881	624989	0
2021-08-02	8571	8600	8423	8423	976737	624475	0
2021-08-03	8403	8428	8256	8275	848793	706952	0
2021-08-04	8266	8371	8255	8337	799844	723894	0
2021-08-05	8324	8391	8279	8287	880569	741359	0
2021-08-06	8299	8360	8242	8328	828689	732223	0
2021-08-09	8358	8370	8224	8303	970576	722118	0
2021-08-10	8303	8438	8274	8436	857197	703800	0
2021-08-11	8426	8489	8422	8482	739980	675261	0
2021-08-12	8467	8529	8438	8499	812386	689179	0
2021-08-13	8492	8532	8425	8497	769662	691993	0
2021-08-16	8532	8536	8460	8509	706688	697474	0
2021-08-17	8525	8542	8455	8519	688207	694227	0
2021-08-18	8535	8566	8483	8505	796971	702709	0
2021-08-19	8507	8508	8305	8305	831532	692595	0
2021-08-20	8278	8339	8241	8283	779623	710848	0
2021-08-23	8236	8350	8191	8346	933525	742151	0
2021-08-24	8341	8436	8338	8387	796899	715574	0
2021-08-25	8399	8399	8341	8341	541743	731968	0
2021-08-26	8348	8348	8134	8138	885062	824808	0
2021-08-27	8160	8219	8152	8188	673394	822160	0
2021-08-30	8193	8245	8165	8212	756330	799841	0
2021-08-31	8226	8227	8137	8160	683650	797713	0
2021-09-01	8129	8253	8124	8195	848436	750881	0
2021-09-02	8198	8363	8184	8358	806922	724338	0
2021-09-03	8332	8402	8315	8398	693471	734003	0
2021-09-06	8392	8394	8329	8359	630101	729953	0
2021-09-07	8370	8503	8355	8501	813366	794122	0
2021-09-08	8470	8551	8440	8531	830174	815171	0
2021-09-09	8524	8570	8454	8485	823924	813498	0
2021-09-10	8468	8606	8461	8491	870626	834440	0
2021-09-13	8521	8662	8521	8546	983185	842975	0
2021-09-14	8560	8661	8489	8599	978843	852374	0
2021-09-15	8603	9032	8540	9030	1480377	928597	0
2021-09-16	9103	9324	8997	8998	1763591	878013	0
2021-09-17	8994	9062	8810	8867	1344571	808686	0
2021-09-22	8886	9100	8845	9098	900061	835909	0
2021-09-23	9115	9334	8965	9320	1480246	869399	0
2021-09-24	9332	9444	9136	9286	1415416	860186	0
2021-09-27	9257	9795	9199	9497	1596281	863019	0
2021-09-28	9513	9853	9512	9820	1589031	848530	0
2021-09-29	9780	9924	9604	9709	1326690	782345	0
2021-09-30	9770	10071	9641	10051	1237684	752552	0
2021-10-08	10264	10475	9849	9990	827797	731286	0
2021-10-11	9997	10518	9968	10224	1464231	776334	0
2021-10-12	10164	10275	9923	10006	1490229	762216	0
2021-10-13	10035	10173	9430	9745	1782351	744252	0
2021-10-14	9761	9770	9535	9659	1533283	712332	0
2021-10-15	9704	9829	9483	9736	1409148	709458	0
2021-10-18	9715	9782	9544	9713	1162234	710244	0
2021-10-19	9705	9759	9519	9615	1413488	686376	0
2021-10-20	9437	9513	9152	9175	1623731	676682	0
2021-10-21	9181	9397	9151	9234	1265913	658968	0
2021-10-22	9182	9286	8838	8994	1595252	639857	0
2021-10-25	8984	9005	8829	8847	1188387	658154	0
2021-10-26	8884	8912	8680	8858	1247915	643375	0
2021-10-27	8864	8897	8498	8552	1192950	639831	0
2021-10-28	8555	8772	8429	8646	1486036	604636	0
2021-10-29	8708	8777	8596	8666	1115395	619030	0
2021-11-01	8691	8854	8624	8629	985473	619781	0
2021-11-02	8600	8722	8448	8543	1140344	630131	0
2021-11-03	8608	8769	8511	8738	1143546	636145	0
2021-11-04	8736	8743	8466	8520	1139209	652398	0
2021-11-05	8587	8689	8490	8582	1186153	659597	0
2021-11-08	8604	8704	8481	8548	977087	655856	0
2021-11-09	8549	8714	8534	8564	977498	652314	0
2021-11-10	8583	8655	8410	8556	1238006	651741	0
2021-11-11	8575	8658	8468	8642	969043	651439	0
2021-11-12	8633	8763	8570	8634	1112153	647222	0
2021-11-15	8605	8692	8359	8361	1287391	715802	0
2021-11-16	8335	8379	8227	8279	1108687	697247	0
2021-11-17	8285	8343	8252	8324	873575	688022	0
2021-11-18	8316	8385	8228	8289	1106644	684074	0
2021-11-19	8315	8375	8191	8330	1104187	699724	0
2021-11-22	8197	8357	8115	8235	1210758	703431	0
2021-11-23	8227	8337	8156	8270	849182	693141	0
2021-11-24	8287	8402	8263	8397	879375	678488	0
2021-11-25	8397	8420	8285	8294	845750	698477	0
2021-11-26	8293	8337	8156	8186	878299	707507	0
2021-11-29	8132	8183	8009	8122	977021	716850	0
2021-11-30	8119	8128	7949	7959	968344	762536	0
2021-12-01	8013	8162	7971	8092	987304	723975	0
2021-12-02	8135	8193	7984	7984	963680	742810	0
2021-12-03	7963	7982	7786	7960	1326078	800836	0
2021-12-06	7938	8087	7933	8058	982390	773159	0
2021-12-07	8075	8111	8035	8078	754872	757541	0
2021-12-08	8112	8122	7977	7999	877350	759074	0
2021-12-09	8014	8125	7965	7973	921817	780292	0
2021-12-10	7960	7981	7870	7875	900001	812977	0
2021-12-13	7918	8087	7825	8083	1162084	804945	0
2021-12-14	8067	8121	8055	8085	779292	788158	0
2021-12-15	8124	8124	7934	7936	794570	782081	0
2021-12-16	7930	8059	7923	8054	759722	769741	0
2021-12-17	8061	8188	8037	8146	980219	735078	0
2021-12-20	8121	8245	8072	8114	1058501	731967	0
2021-12-21	8137	8175	8083	8103	931113	723309	0
2021-12-22	8072	8136	7994	8069	815766	733110	0
2021-12-23	8080	8180	8055	8164	812455	725970	0
2021-12-24	8189	8289	8164	8233	833064	726472	0
2021-12-27	8262	8265	7954	7955	1006804	728192	0
2021-12-28	7950	8005	7921	7983	696626	738718	0
2021-12-29	7990	8147	7976	8142	911000	667427	0
2021-12-30	8144	8182	8112	8168	690779	649121	0
2021-12-31	8170	8193	8072	8143	721384	614498	0
2022-01-04	8157	8373	8157	8286	678254	627227	0
2022-01-05	8289	8289	8207	8226	563060	604096	0
2022-01-06	8268	8289	8212	8275	629546	607434	0
2022-01-07	8306	8401	8268	8363	805190	616495	0
2022-01-10	8358	8393	8210	8219	662318	607092	0
2022-01-11	8158	8220	8121	8217	603347	598732	0
2022-01-12	8241	8335	8214	8300	641184	594193	0
2022-01-13	8315	8371	8304	8324	552437	605717	0
2022-01-14	8316	8458	8297	8436	766807	623295	0
2022-01-17	8432	8458	8316	8335	703023	619062	0
2022-01-18	8301	8474	8257	8443	764452	628065	0
2022-01-19	8434	8562	8414	8509	776260	637702	0
2022-01-20	8506	8566	8487	8565	627488	644688	0
2022-01-21	8538	8576	8398	8528	827922	632826	0
2022-01-24	8556	8633	8452	8452	811227	629302	0
2022-01-25	8462	8505	8413	8452	577301	622418	0
2022-01-26	8451	8635	8442	8627	684586	639568	0
2022-01-27	8623	8669	8572	8600	750010	599309	0
2022-01-28	8649	8678	8457	8462	718378	569272	0
2022-02-07	8641	9000	8641	8937	706522	609386	0
2022-02-08	8910	8910	8801	8831	643472	589940	0
2022-02-09	8753	8761	8557	8574	779133	608187	0
2022-02-10	8580	8631	8531	8592	619632	613736	0
2022-02-11	8600	8669	8440	8452	907386	628390	0
2022-02-14	8493	8603	8429	8484	710967	633470	0
2022-02-15	8415	8634	8400	8501	899273	621752	0
2022-02-16	8390	8478	8390	8460	684629	633505	0
2022-02-17	8459	8461	8282	8328	804899	663413	0
2022-02-18	8327	8386	8313	8356	585189	666160	0
2022-02-21	8282	8365	8280	8339	620112	686940	0
2022-02-22	8363	8449	8324	8349	703622	692016	0
2022-02-23	8383	8470	8374	8418	592669	685410	0
2022-02-24	8440	8569	8421	8495	754523	692669	0
2022-02-25	8565	8706	8451	8527	1014915	687231	0
2022-02-28	8559	8685	8473	8660	832572	685000	0
2022-03-01	8601	8711	8589	8706	739190	694707	0
2022-03-02	8772	8983	8747	8897	992669	701206	0
2022-03-03	8933	9171	8877	9139	1105876	711238	0
2022-03-04	9084	9190	8891	8928	1055565	704071	0
2022-03-07	8971	9451	8952	9389	1175942	715086	0
2022-03-08	9285	9385	9183	9352	797435	693142	0
2022-03-09	9366	9824	9354	9649	1071774	698587	0
2022-03-10	9476	9539	9084	9255	983514	656609	0
2022-03-11	9273	9461	9126	9177	875550	650966	0
2022-03-14	9118	9127	8885	8890	721480	655268	0
2022-03-15	8832	8879	8636	8636	809582	651183	0
2022-03-16	8603	8786	8602	8750	630867	656551	0
2022-03-17	8770	8791	8634	8726	695244	666064	0
2022-03-18	8795	8879	8772	8871	669594	677249	0
2022-03-21	8841	8932	8779	8866	786345	681363	0
2022-03-22	8879	8956	8845	8861	684802	694472	0
2022-03-23	8849	8909	8752	8909	705247	686398	0
2022-03-24	8995	9089	8946	8968	863185	678210	0
2022-03-25	9031	9079	8956	9057	743906	679485	0
2022-03-28	9040	9197	9006	9132	945817	667924	0
2022-03-29	9122	9169	9039	9159	750862	653353	0
2022-03-30	9020	9149	8983	9098	844402	631465	0
2022-03-31	9099	9100	8882	8940	901922	614547	0
2022-04-01	8930	8946	8794	8835	895162	592551	0
2022-04-06	8866	8893	8791	8849	452067	601005	0
2022-04-07	8888	8931	8812	8824	715138	601486	0
2022-04-08	8814	8842	8688	8779	692809	624480	0
2022-04-11	8778	8781	8605	8633	632208	652889	0
2022-04-12	8615	8784	8596	8782	653666	649586	0
2022-04-13	8775	8813	8686	8698	690187	659484	0
2022-04-14	8749	8805	8738	8756	605674	651800	0
2022-04-15	8738	8779	8636	8712	780010	691084	0
2022-04-18	8719	8887	8659	8871	939347	646425	0
2022-04-19	8898	8972	8860	8860	826285	624585	0
2022-04-20	8858	8918	8843	8857	656949	623910	0
2022-04-21	8863	8894	8824	8866	644953	614987	0
2022-04-22	8859	8881	8745	8766	717381	602995	0
2022-04-25	8787	8789	8463	8495	814348	627157	0
2022-04-26	8491	8638	8465	8521	679387	633389	0
2022-04-27	8591	8614	8550	8580	576143	622405	0
2022-04-28	8586	8627	8558	8597	616168	596864	0
2022-04-29	8583	8759	8568	8730	710437	560126	0
2022-05-05	8739	8879	8739	8870	492342	551674	0
2022-05-06	8895	8951	8810	8816	600855	576031	0
2022-05-09	8805	8818	8675	8691	774379	585521	0
2022-05-10	8631	8698	8553	8615	798866	602446	0
2022-05-11	8633	8694	8568	8675	636394	605417	0
2022-05-12	8679	8724	8560	8574	693374	624740	0
2022-05-13	8580	8621	8544	8594	618784	628084	0
2022-05-16	8628	8679	8576	8602	604887	624367	0
2022-05-17	8606	8723	8586	8638	682431	610307	0
2022-05-18	8633	8695	8563	8564	460791	632115	0
数据来源:通达信
