RIL9 早稻指数 日线 前复权
      日期	    开盘	    最高	    最低	    收盘	    成交量	    持仓量	    结算价
2009-04-20	2050	2071	2031	2039	68584	12020	0
2009-04-21	2029	2068	2013	2046	130306	18434	0
2009-04-22	2052	2059	2036	2044	42604	16172	0
2009-04-23	2046	2054	2040	2050	22364	13372	0
2009-04-24	2050	2050	2040	2044	11102	11644	0
2009-04-27	2042	2042	2022	2036	14638	11268	0
2009-04-28	2037	2038	2027	2035	6978	9580	0
2009-04-29	2036	2038	2032	2036	3428	8790	0
2009-04-30	2037	2040	2034	2040	7396	8932	0
2009-05-04	2047	2051	2042	2050	11394	12398	0
2009-05-05	2051	2052	2039	2039	9776	10824	0
2009-05-06	2040	2041	2034	2037	5226	10446	0
2009-05-07	2039	2046	2037	2042	6822	11598	0
2009-05-08	2042	2044	2034	2042	5020	10110	0
2009-05-11	2042	2042	2037	2040	2382	9642	0
2009-05-12	2040	2043	2036	2043	12548	10280	0
2009-05-13	2043	2044	2037	2039	7456	9790	0
2009-05-14	2037	2042	2037	2041	5008	9870	0
2009-05-15	2041	2043	2038	2040	6368	10130	0
2009-05-18	2037	2042	2036	2040	8366	8842	0
2009-05-19	2042	2042	2038	2041	1914	8818	0
2009-05-20	2040	2042	2038	2039	3778	9002	0
2009-05-21	2038	2040	2037	2038	2756	8024	0
2009-05-22	2037	2039	2036	2038	1298	8180	0
2009-05-25	2038	2040	2035	2038	4796	7138	0
2009-05-26	2037	2037	2032	2033	1836	6802	0
2009-05-27	2036	2036	2027	2029	1774	6546	0
2009-06-01	2030	2034	2029	2031	3688	6648	0
2009-06-02	2034	2035	2030	2033	6344	7176	0
2009-06-03	2031	2035	2029	2033	3334	6968	0
2009-06-04	2030	2032	2029	2031	1404	6964	0
2009-06-05	2033	2035	2031	2032	8204	7888	0
2009-06-08	2030	2034	2029	2032	3576	9214	0
2009-06-09	2034	2092	2032	2076	48902	16288	0
2009-06-10	2086	2098	2066	2072	17380	17046	0
2009-06-11	2072	2080	2055	2060	13650	16390	0
2009-06-12	2067	2067	2052	2055	7754	16114	0
2009-06-15	2049	2064	2049	2056	10938	17680	0
2009-06-16	2050	2056	2047	2049	5896	16018	0
2009-06-17	2047	2056	2047	2054	8256	16676	0
2009-06-18	2057	2066	2052	2056	9994	17498	0
2009-06-19	2053	2062	2053	2057	5178	17030	0
2009-06-22	2056	2057	2048	2050	6636	16326	0
2009-06-23	2050	2050	2043	2047	5520	15354	0
2009-06-24	2049	2066	2049	2065	12384	13680	0
2009-06-25	2064	2064	2057	2058	4686	13508	0
2009-06-26	2059	2071	2057	2070	11098	15254	0
2009-06-29	2070	2076	2062	2064	6298	14614	0
2009-06-30	2066	2074	2065	2068	5344	14748	0
2009-07-01	2067	2086	2066	2080	15252	17542	0
2009-07-02	2077	2086	2069	2069	6232	16436	0
2009-07-03	2070	2074	2064	2069	4512	15672	0
2009-07-06	2075	2087	2068	2071	5474	15922	0
2009-07-07	2074	2077	2070	2072	2324	15630	0
2009-07-08	2067	2069	2057	2058	6292	14736	0
2009-07-09	2058	2063	2054	2055	3912	15292	0
2009-07-10	2058	2059	2054	2056	3346	15980	0
2009-07-13	2062	2063	2050	2050	3296	16582	0
2009-07-14	2053	2057	2048	2055	2954	17086	0
2009-07-15	2054	2056	2050	2053	4326	17414	0
2009-07-16	2054	2056	2033	2041	5786	17414	0
2009-07-17	2037	2042	2033	2041	4228	18416	0
2009-07-20	2042	2046	2039	2046	4238	19652	0
2009-07-21	2045	2047	2040	2041	2902	19960	0
2009-07-22	2041	2041	2031	2035	5584	19578	0
2009-07-23	2035	2046	2033	2046	4502	19572	0
2009-07-24	2049	2051	2036	2041	3004	19654	0
2009-07-27	2043	2043	2033	2036	4208	19306	0
2009-07-28	2037	2040	2035	2037	2370	19760	0
2009-07-29	2037	2042	2033	2040	3930	19342	0
2009-07-30	2041	2045	2038	2043	2798	19256	0
2009-07-31	2043	2048	2042	2047	6854	20014	0
2009-08-03	2050	2071	2047	2068	13586	21216	0
2009-08-04	2065	2070	2056	2060	9890	22336	0
2009-08-05	2060	2075	2057	2059	22334	25270	0
2009-08-06	2051	2060	2043	2050	13860	25496	0
2009-08-07	2049	2049	2021	2025	14654	27190	0
2009-08-10	2025	2044	2024	2043	15814	29870	0
2009-08-11	2038	2047	2019	2041	16646	27948	0
2009-08-12	2037	2050	2030	2043	13820	29120	0
2009-08-13	2045	2087	2041	2082	41898	34106	0
2009-08-14	2081	2113	2075	2102	70340	41190	0
2009-08-17	2086	2132	2080	2113	104336	49912	0
2009-08-18	2119	2126	2102	2106	41478	49502	0
2009-08-19	2108	2111	2070	2079	52092	47220	0
2009-08-20	2080	2086	2058	2073	30604	45370	0
2009-08-21	2070	2080	2064	2074	32606	51414	0
2009-08-24	2084	2115	2081	2102	65244	60914	0
2009-08-25	2103	2111	2094	2102	39668	61042	0
2009-08-26	2099	2105	2095	2096	18622	60664	0
2009-08-27	2094	2101	2088	2096	25514	61910	0
2009-08-28	2100	2110	2096	2100	39358	64918	0
2009-08-31	2104	2134	2092	2129	164794	94258	0
2009-09-01	2126	2140	2109	2113	95536	89630	0
2009-09-02	2100	2108	2083	2086	57518	69018	0
2009-09-03	2088	2094	2085	2091	22726	68828	0
2009-09-04	2088	2091	2066	2080	44172	62386	0
2009-09-07	2078	2090	2075	2085	22744	60134	0
2009-09-08	2083	2084	2071	2079	17474	58398	0
2009-09-09	2082	2090	2071	2076	28776	63664	0
2009-09-10	2078	2080	2073	2077	15872	65840	0
2009-09-11	2078	2079	2069	2069	17406	63702	0
2009-09-14	2060	2073	2052	2070	21274	62186	0
2009-09-15	2070	2075	2067	2072	11152	63804	0
2009-09-16	2082	2083	2070	2070	13450	63856	0
2009-09-17	2066	2074	2063	2070	16850	64036	0
2009-09-18	2067	2073	2064	2065	10192	62646	0
2009-09-21	2061	2077	2061	2066	9960	62656	0
2009-09-22	2058	2062	2055	2057	11362	57558	0
2009-09-23	2065	2065	2052	2055	15912	58334	0
2009-09-24	2054	2054	2031	2034	26748	58806	0
2009-09-25	2034	2037	2015	2018	28748	54750	0
2009-09-28	2019	2019	1997	2002	30410	49676	0
2009-09-29	2002	2008	1998	2004	17480	46994	0
2009-09-30	2002	2005	1994	2001	16436	43914	0
2009-10-09	2016	2016	2001	2001	10418	45108	0
2009-10-12	2003	2019	2002	2016	25878	53630	0
2009-10-13	2018	2026	2016	2025	24936	57740	0
2009-10-14	2027	2027	2016	2020	14110	59992	0
2009-10-15	2019	2024	2013	2018	29024	64032	0
2009-10-16	2020	2023	2016	2023	12718	63542	0
2009-10-19	2023	2034	2023	2033	26274	63160	0
2009-10-20	2035	2036	2025	2029	19198	64650	0
2009-10-21	2027	2029	2019	2025	11200	64288	0
2009-10-22	2027	2029	2023	2026	11716	64024	0
2009-10-23	2027	2031	2023	2029	15368	61976	0
2009-10-26	2028	2031	2028	2030	8556	61614	0
2009-10-27	2026	2027	2019	2019	12494	62056	0
2009-10-28	2018	2023	2015	2017	18064	63620	0
2009-10-29	2015	2032	2014	2031	41330	64060	0
2009-10-30	2033	2035	2024	2028	22358	64306	0
2009-11-02	2025	2038	2023	2038	28108	70286	0
2009-11-03	2041	2047	2037	2040	22990	68898	0
2009-11-04	2042	2044	2032	2033	17504	64926	0
2009-11-05	2033	2034	2028	2030	11770	64700	0
2009-11-06	2029	2031	2028	2028	11384	64516	0
2009-11-09	2028	2033	2028	2032	11334	64692	0
2009-11-10	2032	2034	2028	2032	16610	64804	0
2009-11-11	2034	2039	2031	2036	25056	65804	0
2009-11-12	2036	2036	2030	2033	16962	65878	0
2009-11-13	2032	2038	2031	2037	16444	64830	0
2009-11-16	2039	2044	2037	2042	17994	66654	0
2009-11-17	2044	2051	2041	2045	22056	68900	0
2009-11-18	2046	2047	2043	2045	12122	69542	0
2009-11-19	2046	2055	2045	2052	27288	72678	0
2009-11-20	2052	2054	2050	2053	14818	71024	0
2009-11-23	2056	2072	2055	2071	31712	73762	0
2009-11-24	2069	2080	2063	2067	40746	74980	0
2009-11-25	2068	2072	2066	2072	15710	75430	0
2009-11-26	2073	2076	2065	2068	20252	75148	0
2009-11-27	2065	2066	2042	2047	36498	72780	0
2009-11-30	2051	2056	2050	2055	24136	77922	0
2009-12-01	2049	2056	2049	2054	16924	78634	0
2009-12-02	2055	2067	2054	2062	27618	80966	0
2009-12-03	2063	2068	2060	2067	15948	80982	0
2009-12-04	2066	2076	2066	2075	23262	84556	0
2009-12-07	2077	2088	2075	2085	34062	90276	0
2009-12-08	2084	2086	2079	2085	18350	90714	0
2009-12-09	2082	2103	2078	2096	69220	97570	0
2009-12-10	2098	2103	2089	2096	44996	98706	0
2009-12-11	2102	2143	2099	2138	156742	120662	0
2009-12-14	2146	2148	2130	2135	96332	120300	0
2009-12-15	2138	2160	2135	2149	115702	130810	0
2009-12-16	2147	2151	2135	2138	55518	129658	0
2009-12-17	2136	2141	2126	2135	53450	128298	0
2009-12-18	2130	2138	2124	2126	39682	127154	0
2009-12-21	2129	2131	2123	2130	27572	128612	0
2009-12-22	2128	2129	2118	2119	25976	126876	0
2009-12-23	2120	2121	2113	2117	23648	124538	0
2009-12-24	2121	2129	2119	2124	37670	125642	0
2009-12-25	2124	2126	2120	2121	26336	124002	0
2009-12-28	2123	2136	2123	2135	39872	127452	0
2009-12-29	2136	2139	2130	2131	28612	128654	0
2009-12-30	2131	2131	2124	2127	25234	126424	0
2009-12-31	2129	2137	2125	2134	32242	128794	0
2010-01-04	2146	2147	2136	2140	37358	128244	0
2010-01-05	2141	2145	2135	2135	27800	129776	0
2010-01-06	2136	2147	2135	2144	39774	129296	0
2010-01-07	2145	2153	2123	2125	72444	121998	0
2010-01-08	2125	2129	2114	2119	40432	119556	0
2010-01-11	2124	2134	2121	2132	31626	125158	0
2010-01-12	2126	2136	2122	2122	33330	126876	0
2010-01-13	2110	2113	2099	2101	49002	120362	0
2010-01-14	2107	2108	2101	2105	18878	120136	0
2010-01-15	2107	2109	2096	2100	25508	120448	0
2010-01-18	2098	2100	2095	2099	27844	120594	0
2010-01-19	2103	2105	2100	2102	17158	122682	0
2010-01-20	2103	2104	2094	2096	16504	121046	0
2010-01-21	2095	2097	2088	2095	19162	114120	0
2010-01-22	2100	2100	2085	2094	20418	113040	0
2010-01-25	2093	2098	2092	2097	12086	114022	0
2010-01-26	2098	2098	2088	2088	15852	114204	0
2010-01-27	2089	2093	2088	2092	11208	114026	0
2010-01-28	2088	2094	2085	2088	21996	113932	0
2010-01-29	2089	2089	2083	2085	14488	110502	0
2010-02-01	2086	2086	2069	2070	28950	104398	0
2010-02-02	2075	2075	2058	2063	19906	103636	0
2010-02-03	2067	2076	2066	2076	16664	105004	0
2010-02-04	2066	2071	2064	2069	11618	105882	0
2010-02-05	2065	2072	2064	2070	15740	104830	0
2010-02-08	2071	2076	2071	2073	10390	103690	0
2010-02-09	2073	2073	2065	2066	17012	103224	0
2010-02-10	2066	2071	2063	2066	14460	101342	0
2010-02-11	2071	2073	2066	2068	39306	99658	0
2010-02-12	2069	2069	2059	2059	17078	97448	0
2010-02-22	2079	2090	2066	2078	33272	100746	0
2010-02-23	2073	2083	2073	2083	44810	112334	0
2010-02-24	2079	2097	2077	2095	57080	122310	0
2010-02-25	2098	2100	2089	2093	36456	121916	0
2010-02-26	2092	2118	2090	2117	58190	134048	0
2010-03-01	2121	2124	2115	2121	52852	138158	0
2010-03-02	2119	2123	2117	2120	36408	132222	0
2010-03-03	2120	2133	2120	2130	44806	135182	0
2010-03-04	2130	2131	2110	2112	42722	130016	0
2010-03-05	2115	2116	2110	2114	20314	130252	0
2010-03-08	2115	2120	2115	2119	18358	132560	0
2010-03-09	2115	2115	2105	2109	30254	128928	0
2010-03-10	2106	2108	2103	2104	23520	126840	0
2010-03-11	2103	2106	2094	2099	37004	120710	0
2010-03-12	2098	2103	2096	2101	25454	119566	0
2010-03-15	2103	2104	2094	2095	20128	118632	0
2010-03-16	2097	2107	2096	2103	28354	122552	0
2010-03-17	2106	2112	2104	2110	27900	124636	0
2010-03-18	2111	2114	2108	2112	23248	127666	0
2010-03-19	2111	2119	2111	2116	26944	129742	0
2010-03-22	2114	2123	2114	2119	37018	139084	0
2010-03-23	2125	2165	2125	2155	201178	170934	0
2010-03-24	2160	2165	2149	2151	105958	173872	0
2010-03-25	2156	2156	2141	2143	70470	169904	0
2010-03-26	2144	2144	2131	2134	50282	172368	0
2010-03-29	2134	2139	2130	2136	56354	180296	0
2010-03-30	2137	2138	2123	2124	55774	180374	0
2010-03-31	2125	2127	2115	2118	47938	185632	0
2010-04-01	2112	2115	2108	2111	45082	187090	0
2010-04-02	2112	2119	2110	2118	43026	191342	0
2010-04-06	2120	2121	2114	2116	41124	193378	0
2010-04-07	2116	2123	2115	2123	42194	194826	0
2010-04-08	2122	2128	2120	2120	58912	193870	0
2010-04-09	2119	2125	2109	2113	77944	192392	0
2010-04-12	2116	2116	2107	2109	84744	196090	0
2010-04-13	2106	2114	2106	2113	56340	195144	0
2010-04-14	2114	2117	2111	2113	41802	191208	0
2010-04-15	2115	2118	2110	2113	40562	192194	0
2010-04-16	2113	2115	2103	2110	85926	201976	0
2010-04-19	2108	2120	2105	2109	83006	206354	0
2010-04-20	2113	2113	2100	2105	117138	223194	0
2010-04-21	2104	2116	2103	2116	88372	219886	0
2010-04-22	2118	2120	2114	2117	62682	222972	0
2010-04-23	2119	2127	2117	2125	89786	221830	0
2010-04-26	2128	2128	2118	2119	53328	221992	0
2010-04-27	2118	2119	2108	2112	64418	214806	0
2010-04-28	2107	2109	2097	2104	61456	205854	0
2010-04-29	2105	2108	2097	2097	61060	205798	0
2010-04-30	2099	2102	2091	2100	66854	207094	0
2010-05-04	2099	2099	2089	2091	37680	207572	0
2010-05-05	2087	2091	2083	2090	46532	213110	0
2010-05-06	2090	2093	2076	2076	70886	213444	0
2010-05-07	2068	2073	2063	2063	79994	194514	0
2010-05-10	2068	2076	2062	2074	64072	199304	0
2010-05-11	2073	2078	2067	2069	60710	195108	0
2010-05-12	2069	2074	2067	2069	44926	195590	0
2010-05-13	2069	2073	2063	2064	53362	202574	0
2010-05-14	2062	2064	2046	2047	93428	194010	0
2010-05-17	2042	2044	2024	2026	82734	169670	0
2010-05-18	2026	2043	2025	2041	60938	165928	0
2010-05-19	2035	2041	2032	2034	46626	162614	0
2010-05-20	2036	2049	2036	2039	40728	159352	0
2010-05-21	2038	2048	2032	2047	42214	150740	0
2010-05-24	2055	2063	2051	2061	62750	161340	0
2010-05-25	2060	2060	2044	2045	40770	155240	0
2010-05-26	2045	2049	2040	2046	35142	156962	0
2010-05-27	2045	2053	2042	2052	33124	149550	0
2010-05-28	2056	2056	2046	2049	27262	148046	0
2010-05-31	2046	2048	2033	2034	51064	151488	0
2010-06-01	2033	2040	2031	2032	51528	153380	0
2010-06-02	2033	2039	2030	2039	46946	149026	0
2010-06-03	2039	2043	2037	2040	29414	145090	0
2010-06-04	2042	2044	2033	2039	32698	145932	0
2010-06-07	2034	2034	2025	2028	47698	149752	0
2010-06-08	2028	2041	2027	2040	39534	146940	0
2010-06-09	2042	2048	2039	2047	31604	142230	0
2010-06-10	2047	2048	2042	2043	35046	136290	0
2010-06-11	2047	2047	2038	2042	33926	129194	0
2010-06-17	2045	2049	2039	2039	34456	131996	0
2010-06-18	2038	2041	2033	2035	46076	142608	0
2010-06-21	2037	2054	2037	2054	60528	144798	0
2010-06-22	2053	2060	2048	2059	56256	149838	0
2010-06-23	2057	2060	2052	2055	61052	158380	0
2010-06-24	2054	2058	2053	2058	37322	158704	0
2010-06-25	2058	2061	2054	2057	45748	161618	0
2010-06-28	2057	2058	2046	2046	68452	164216	0
2010-06-29	2046	2049	2042	2046	51460	160830	0
2010-06-30	2050	2052	2043	2045	45152	160096	0
2010-07-01	2047	2051	2046	2051	41612	164180	0
2010-07-02	2050	2056	2049	2055	43130	165812	0
2010-07-05	2053	2069	2053	2068	61170	172212	0
2010-07-06	2068	2087	2067	2086	118648	180354	0
2010-07-07	2087	2089	2081	2088	61804	182540	0
2010-07-08	2093	2095	2084	2085	35828	181358	0
2010-07-09	2087	2103	2085	2099	75172	181966	0
2010-07-12	2100	2121	2100	2101	121266	182804	0
2010-07-13	2101	2116	2098	2115	87938	192532	0
2010-07-14	2118	2129	2111	2115	84472	195394	0
2010-07-15	2116	2118	2104	2110	80870	193756	0
2010-07-16	2115	2120	2112	2119	66938	188934	0
2010-07-19	2119	2132	2116	2130	76868	199716	0
2010-07-20	2130	2135	2125	2130	64082	200180	0
2010-07-21	2130	2132	2119	2119	63514	205144	0
2010-07-22	2120	2121	2112	2114	61942	202820	0
2010-07-23	2118	2127	2117	2120	72554	208472	0
2010-07-26	2120	2135	2118	2130	92054	209064	0
2010-07-27	2129	2144	2123	2134	146026	227598	0
2010-07-28	2135	2147	2133	2145	127122	237182	0
2010-07-29	2149	2149	2129	2131	120308	227116	0
2010-07-30	2131	2136	2128	2132	75198	230220	0
2010-08-02	2137	2153	2137	2152	136136	245048	0
2010-08-03	2152	2158	2138	2139	142494	244358	0
2010-08-04	2142	2150	2136	2141	103420	251538	0
2010-08-05	2146	2155	2136	2137	190786	251494	0
2010-08-06	2142	2159	2140	2158	166766	271562	0
2010-08-09	2152	2199	2150	2194	359164	271494	0
2010-08-10	2197	2201	2184	2187	237834	257500	0
2010-08-11	2189	2198	2182	2184	160312	259300	0
2010-08-12	2182	2187	2173	2179	118564	263250	0
2010-08-13	2183	2190	2180	2186	117534	271180	0
2010-08-16	2188	2204	2188	2199	177306	277192	0
2010-08-17	2193	2194	2183	2188	90822	274210	0
2010-08-18	2191	2194	2172	2175	113902	272934	0
2010-08-19	2178	2181	2165	2176	103656	277336	0
2010-08-20	2170	2176	2156	2158	106470	259764	0
2010-08-23	2156	2164	2152	2154	79000	256262	0
2010-08-24	2154	2163	2152	2154	75386	258312	0
2010-08-25	2156	2156	2139	2141	86026	262398	0
2010-08-26	2143	2149	2141	2149	55490	260446	0
2010-08-27	2152	2157	2147	2156	59366	260654	0
2010-08-30	2159	2170	2159	2166	94610	253310	0
2010-08-31	2162	2162	2153	2154	61738	239788	0
2010-09-01	2154	2161	2148	2156	58950	242234	0
2010-09-02	2158	2162	2152	2161	60126	244032	0
2010-09-03	2162	2168	2156	2167	74128	243640	0
2010-09-06	2172	2184	2172	2182	74832	240142	0
2010-09-07	2184	2186	2176	2184	60754	238814	0
2010-09-08	2186	2193	2181	2182	65126	243884	0
2010-09-09	2185	2185	2158	2164	87142	232170	0
2010-09-10	2168	2171	2165	2168	38192	233628	0
2010-09-13	2168	2171	2161	2165	63924	235524	0
2010-09-14	2168	2168	2152	2154	76358	237808	0
2010-09-15	2159	2163	2151	2154	78950	240406	0
2010-09-16	2156	2156	2137	2140	116914	244836	0
2010-09-17	2143	2148	2137	2142	70136	243728	0
2010-09-20	2147	2167	2147	2158	115532	231334	0
2010-09-21	2155	2156	2123	2125	89734	227690	0
2010-09-27	2139	2143	2114	2118	86544	228706	0
2010-09-28	2117	2136	2106	2134	101664	229228	0
2010-09-29	2129	2137	2123	2127	104460	221370	0
2010-09-30	2127	2132	2120	2131	45756	214752	0
2010-10-08	2133	2150	2131	2141	62584	211162	0
2010-10-11	2169	2215	2169	2212	319832	255460	0
2010-10-12	2199	2199	2184	2188	147232	243192	0
2010-10-13	2193	2203	2191	2199	100880	253204	0
2010-10-14	2202	2203	2195	2200	110704	245778	0
2010-10-15	2201	2204	2195	2203	78940	235666	0
2010-10-18	2197	2274	2191	2272	368468	276168	0
2010-10-19	2278	2312	2253	2297	1099274	305812	0
2010-10-20	2274	2364	2264	2364	1238818	355708	0
2010-10-21	2402	2443	2388	2399	900358	279394	0
2010-10-22	2392	2488	2384	2475	2343888	358022	0
2010-10-25	2486	2515	2466	2498	1876686	419334	0
2010-10-26	2491	2522	2444	2454	1871040	442858	0
2010-10-27	2474	2480	2412	2412	821374	410612	0
2010-10-28	2398	2409	2351	2364	1143806	343746	0
2010-10-29	2358	2390	2306	2347	1098774	299992	0
2010-11-01	2377	2391	2360	2368	531458	302820	0
2010-11-02	2366	2404	2337	2374	888116	306754	0
2010-11-03	2380	2411	2357	2369	702938	309738	0
2010-11-04	2382	2397	2368	2389	534184	334456	0
2010-11-05	2422	2472	2413	2445	994518	363814	0
2010-11-08	2425	2458	2408	2434	658350	356980	0
2010-11-09	2430	2470	2426	2457	565904	337046	0
2010-11-10	2470	2518	2407	2440	946798	323210	0
2010-11-11	2440	2451	2398	2418	513370	310964	0
2010-11-12	2399	2444	2313	2386	3526260	298932	0
2010-11-15	2389	2502	2388	2502	2509702	417394	0
2010-11-16	2537	2569	2430	2442	1758520	309452	0
2010-11-17	2384	2454	2361	2426	2699724	349780	0
2010-11-18	2469	2544	2442	2504	2341930	434918	0
2010-11-19	2518	2544	2472	2493	2680318	414846	0
2010-11-22	2454	2489	2435	2442	1133552	346758	0
2010-11-23	2459	2464	2403	2415	867196	316590	0
2010-11-24	2425	2432	2403	2429	670594	277338	0
2010-11-25	2440	2445	2402	2402	567590	280794	0
2010-11-26	2394	2401	2321	2346	720310	251700	0
2010-11-29	2334	2344	2300	2339	434708	225008	0
2010-11-30	2325	2336	2304	2333	347384	213660	0
2010-12-01	2330	2347	2321	2343	227514	206370	0
2010-12-02	2373	2377	2359	2360	192414	188350	0
2010-12-03	2356	2367	2353	2362	103570	184470	0
2010-12-06	2376	2381	2367	2376	111338	175822	0
2010-12-07	2375	2398	2365	2395	147928	167060	0
2010-12-08	2375	2385	2365	2366	93256	156712	0
2010-12-09	2380	2391	2372	2377	91358	153732	0
2010-12-10	2376	2379	2362	2371	65200	152538	0
2010-12-13	2357	2393	2357	2386	97122	148782	0
2010-12-14	2389	2412	2386	2405	153320	153926	0
2010-12-15	2399	2414	2385	2386	103550	145072	0
2010-12-16	2389	2392	2381	2384	41212	144806	0
2010-12-17	2384	2389	2378	2382	34920	143408	0
2010-12-20	2395	2398	2374	2384	45010	141402	0
2010-12-21	2391	2391	2380	2389	27808	139976	0
2010-12-22	2384	2422	2383	2421	129916	147746	0
2010-12-23	2421	2439	2421	2425	88334	144412	0
2010-12-24	2433	2433	2412	2424	52182	139142	0
2010-12-27	2418	2445	2413	2435	81194	141838	0
2010-12-28	2443	2456	2438	2443	74142	143828	0
2010-12-29	2448	2448	2411	2417	61062	134400	0
2010-12-30	2417	2420	2407	2417	43576	133420	0
2010-12-31	2414	2420	2409	2411	28652	131926	0
2011-01-04	2421	2445	2414	2443	61440	134502	0
2011-01-05	2434	2452	2431	2436	47912	134724	0
2011-01-06	2445	2446	2433	2436	35850	134840	0
2011-01-07	2428	2429	2392	2394	53884	130292	0
2011-01-10	2403	2408	2389	2391	33460	133052	0
2011-01-11	2399	2400	2377	2383	70448	142160	0
2011-01-12	2386	2392	2375	2386	45062	139166	0
2011-01-13	2404	2405	2393	2396	34674	135488	0
2011-01-14	2393	2440	2392	2424	127014	144772	0
2011-01-17	2428	2436	2421	2426	68980	144160	0
2011-01-18	2431	2442	2409	2440	60634	146218	0
2011-01-19	2448	2456	2438	2444	65564	145222	0
2011-01-20	2436	2442	2424	2426	31174	140852	0
2011-01-21	2425	2432	2417	2423	28456	133638	0
2011-01-24	2436	2463	2432	2456	65734	131680	0
2011-01-25	2455	2517	2453	2479	235906	132550	0
2011-01-26	2468	2495	2447	2460	86346	124186	0
2011-01-27	2473	2485	2463	2476	76052	127160	0
2011-01-28	2475	2485	2462	2465	54326	122926	0
2011-01-31	2471	2492	2466	2489	64890	127456	0
2011-02-01	2491	2505	2482	2505	58308	127182	0
2011-02-09	2515	2578	2500	2554	177940	142906	0
2011-02-10	2566	2587	2558	2569	150142	151962	0
2011-02-11	2566	2586	2556	2563	83700	144696	0
2011-02-14	2574	2597	2559	2591	120364	149308	0
2011-02-15	2584	2625	2577	2597	190238	158132	0
2011-02-16	2570	2598	2567	2581	88436	151756	0
2011-02-17	2586	2599	2561	2561	76002	150082	0
2011-02-18	2576	2579	2540	2541	68156	142014	0
2011-02-21	2541	2542	2526	2533	57962	135530	0
2011-02-22	2541	2553	2523	2541	67232	132544	0
2011-02-23	2505	2515	2486	2505	52502	119490	0
2011-02-24	2514	2514	2487	2489	34914	116058	0
2011-02-25	2497	2519	2491	2517	38682	116800	0
2011-02-28	2530	2535	2517	2526	38650	119136	0
2011-03-01	2527	2532	2518	2520	22280	117128	0
2011-03-02	2519	2530	2513	2525	26416	115944	0
2011-03-03	2523	2531	2513	2516	28008	113932	0
2011-03-04	2526	2536	2514	2526	40806	112014	0
2011-03-07	2526	2540	2524	2533	35240	111310	0
2011-03-08	2523	2530	2505	2507	39872	105702	0
2011-03-09	2509	2509	2495	2502	33424	107894	0
2011-03-10	2497	2508	2485	2495	36872	108480	0
2011-03-11	2490	2504	2489	2495	29168	106742	0
2011-03-14	2491	2516	2490	2510	59966	108150	0
2011-03-15	2518	2518	2499	2510	29952	105568	0
2011-03-16	2494	2507	2492	2502	27022	103436	0
2011-03-17	2499	2522	2497	2517	47460	104726	0
2011-03-18	2531	2538	2524	2531	35786	106718	0
2011-03-21	2536	2544	2531	2539	36558	111170	0
2011-03-22	2535	2553	2532	2535	49350	116126	0
2011-03-23	2537	2540	2528	2537	37778	114038	0
2011-03-24	2535	2537	2518	2518	32476	114156	0
2011-03-25	2523	2526	2517	2522	38916	120032	0
2011-03-28	2519	2527	2492	2503	56850	118174	0
2011-03-29	2497	2505	2491	2499	27912	119384	0
2011-03-30	2503	2508	2488	2494	37482	121050	0
2011-03-31	2495	2496	2472	2472	51844	129184	0
2011-04-01	2478	2484	2466	2474	53420	130240	0
2011-04-06	2474	2498	2470	2495	59056	125586	0
2011-04-07	2491	2509	2486	2503	45998	120854	0
2011-04-08	2501	2506	2495	2503	30678	117296	0
2011-04-11	2509	2521	2507	2512	41744	114440	0
2011-04-12	2507	2507	2479	2481	36648	115730	0
2011-04-13	2469	2485	2468	2481	23946	113740	0
2011-04-14	2481	2487	2470	2471	26200	114632	0
2011-04-15	2473	2478	2458	2461	35216	116116	0
2011-04-18	2456	2475	2454	2472	20686	114508	0
2011-04-19	2478	2484	2472	2478	27834	109356	0
2011-04-20	2484	2494	2481	2494	23758	104956	0
2011-04-21	2495	2495	2477	2477	20612	107268	0
2011-04-22	2480	2488	2471	2483	23602	106026	0
2011-04-25	2491	2492	2477	2485	14500	105076	0
2011-04-26	2481	2487	2474	2481	15426	103064	0
2011-04-27	2482	2489	2468	2469	23516	103448	0
2011-04-28	2473	2475	2443	2451	36104	110830	0
2011-04-29	2442	2446	2423	2427	29602	107950	0
2011-05-03	2439	2448	2430	2440	12772	105552	0
2011-05-04	2440	2448	2424	2431	29044	109852	0
2011-05-05	2423	2434	2420	2431	24628	106448	0
2011-05-06	2418	2425	2406	2423	24244	100714	0
2011-05-09	2438	2447	2430	2440	26166	103316	0
2011-05-10	2443	2444	2435	2441	18044	100156	0
2011-05-11	2442	2443	2431	2431	16782	98292	0
2011-05-12	2422	2431	2421	2424	11916	94894	0
2011-05-13	2431	2467	2424	2462	49494	93148	0
2011-05-16	2455	2464	2448	2455	18756	90656	0
2011-05-17	2465	2466	2447	2457	19390	87832	0
2011-05-18	2467	2494	2464	2472	58080	91394	0
2011-05-19	2483	2483	2469	2471	30772	90076	0
2011-05-20	2475	2477	2469	2474	14508	90210	0
2011-05-23	2485	2572	2485	2545	248044	112174	0
2011-05-24	2574	2583	2547	2554	119850	113306	0
2011-05-25	2558	2578	2548	2562	108374	117846	0
2011-05-26	2568	2577	2564	2576	69290	119456	0
2011-05-27	2580	2603	2571	2597	127228	134230	0
2011-05-30	2612	2677	2608	2664	436664	217346	0
2011-05-31	2658	2659	2596	2602	510060	186656	0
2011-06-01	2598	2602	2579	2581	190502	171476	0
2011-06-02	2574	2602	2571	2586	212216	169630	0
2011-06-03	2594	2595	2569	2577	122804	164224	0
2011-06-07	2560	2574	2558	2570	104520	164280	0
2011-06-08	2569	2580	2560	2565	85556	152292	0
2011-06-09	2572	2575	2561	2563	50466	150276	0
2011-06-10	2565	2565	2542	2545	91240	144286	0
2011-06-13	2550	2577	2545	2569	121734	155778	0
2011-06-14	2569	2570	2548	2551	69166	157878	0
2011-06-15	2549	2555	2539	2552	72052	150252	0
2011-06-16	2548	2562	2538	2540	58376	143408	0
2011-06-17	2536	2542	2522	2523	53502	140940	0
2011-06-20	2529	2544	2527	2537	51070	138136	0
2011-06-21	2544	2564	2542	2563	89290	147632	0
2011-06-22	2562	2565	2544	2548	48066	138908	0
2011-06-23	2545	2547	2531	2543	42652	129404	0
2011-06-24	2542	2557	2538	2547	34380	127638	0
2011-06-27	2540	2541	2524	2526	49668	120294	0
2011-06-28	2531	2536	2523	2527	26204	117662	0
2011-06-29	2535	2544	2530	2534	28154	115710	0
2011-06-30	2533	2540	2523	2534	32440	116176	0
2011-07-01	2518	2527	2518	2524	25530	115008	0
2011-07-04	2531	2543	2523	2540	29832	116882	0
2011-07-05	2543	2546	2530	2534	20498	115400	0
2011-07-06	2537	2553	2531	2553	36256	120580	0
2011-07-07	2555	2568	2552	2562	49552	119914	0
2011-07-08	2569	2575	2554	2559	52218	119286	0
2011-07-11	2564	2564	2548	2549	34868	115880	0
2011-07-12	2547	2547	2504	2506	58308	116938	0
2011-07-13	2511	2527	2511	2520	48062	115690	0
2011-07-14	2528	2533	2515	2521	38172	117470	0
2011-07-15	2518	2537	2516	2525	47022	120208	0
2011-07-18	2524	2537	2520	2532	42252	113958	0
2011-07-19	2536	2536	2525	2529	20580	109450	0
2011-07-20	2533	2535	2523	2529	30940	105836	0
2011-07-21	2528	2529	2509	2513	29428	102968	0
2011-07-22	2515	2518	2505	2512	27956	102064	0
2011-07-25	2513	2577	2509	2577	104128	123038	0
2011-07-26	2582	2596	2574	2584	149672	136588	0
2011-07-27	2583	2592	2562	2576	97950	136448	0
2011-07-28	2574	2600	2573	2589	103868	144304	0
2011-07-29	2588	2597	2563	2563	100678	135652	0
2011-08-01	2572	2578	2566	2578	40070	125296	0
2011-08-02	2583	2609	2581	2589	109486	136718	0
2011-08-03	2598	2598	2585	2587	43942	132220	0
2011-08-04	2582	2597	2574	2580	56784	121460	0
2011-08-05	2564	2564	2542	2554	50678	107794	0
2011-08-08	2547	2578	2547	2570	49220	106790	0
2011-08-09	2551	2579	2538	2578	71044	104224	0
2011-08-10	2600	2600	2575	2577	41520	103748	0
2011-08-11	2574	2583	2569	2582	33060	103308	0
2011-08-12	2593	2593	2572	2572	22062	102170	0
2011-08-15	2579	2593	2576	2589	33730	101790	0
2011-08-16	2591	2601	2574	2574	42386	99432	0
2011-08-17	2576	2583	2571	2572	31104	100252	0
2011-08-18	2575	2579	2566	2570	32510	102282	0
2011-08-19	2563	2571	2561	2565	21828	101298	0
2011-08-22	2569	2577	2560	2562	26086	103076	0
2011-08-23	2564	2568	2555	2566	31708	101232	0
2011-08-24	2570	2578	2563	2574	37636	102178	0
2011-08-25	2570	2574	2562	2566	19374	101128	0
2011-08-26	2569	2574	2564	2571	20460	101578	0
2011-08-29	2575	2587	2572	2586	38294	104188	0
2011-08-30	2587	2615	2587	2599	96014	109426	0
2011-08-31	2604	2622	2596	2612	68332	108442	0
2011-09-01	2614	2619	2606	2608	25720	106834	0
2011-09-02	2606	2619	2602	2611	17356	105116	0
2011-09-05	2615	2623	2602	2607	40716	100598	0
2011-09-06	2602	2607	2596	2603	19994	98054	0
2011-09-07	2607	2607	2597	2606	18144	97514	0
2011-09-08	2607	2607	2596	2598	14716	96842	0
2011-09-09	2600	2605	2594	2599	20684	93766	0
2011-09-13	2598	2606	2593	2593	10942	94308	0
2011-09-14	2592	2596	2581	2581	19986	91360	0
2011-09-15	2584	2590	2581	2586	8524	90442	0
2011-09-16	2580	2590	2580	2589	5474	89624	0
2011-09-19	2586	2588	2570	2571	14008	90136	0
2011-09-20	2575	2580	2571	2578	7332	88874	0
2011-09-21	2576	2592	2574	2588	15210	86128	0
2011-09-22	2581	2588	2573	2575	20600	80534	0
2011-09-23	2562	2576	2511	2523	41342	75230	0
2011-09-26	2523	2543	2484	2493	39852	71072	0
2011-09-27	2525	2532	2515	2524	16506	67266	0
2011-09-28	2529	2529	2509	2516	11938	65492	0
2011-09-29	2492	2493	2465	2474	25626	67324	0
2011-09-30	2482	2498	2476	2497	16502	69158	0
2011-10-10	2509	2509	2489	2491	16196	73890	0
2011-10-11	2497	2502	2470	2470	23188	81656	0
2011-10-12	2490	2497	2483	2492	28578	84632	0
2011-10-13	2492	2492	2481	2487	11970	85844	0
2011-10-14	2494	2561	2492	2555	110652	91762	0
2011-10-17	2555	2574	2552	2564	57878	98980	0
2011-10-18	2555	2555	2525	2525	36972	92132	0
2011-10-19	2534	2552	2533	2540	40936	93724	0
2011-10-20	2528	2539	2505	2508	37940	94228	0
2011-10-21	2518	2524	2514	2514	24778	91334	0
2011-10-24	2526	2545	2504	2536	57028	93066	0
2011-10-25	2543	2549	2532	2541	35198	90792	0
2011-10-26	2536	2541	2516	2519	31834	87586	0
2011-10-27	2516	2532	2512	2532	32748	87458	0
2011-10-28	2547	2548	2519	2519	29940	88050	0
2011-10-31	2524	2526	2495	2496	47674	93334	0
2011-11-01	2496	2539	2491	2510	57674	87610	0
2011-11-02	2505	2526	2503	2525	17402	86630	0
2011-11-03	2520	2531	2513	2520	17686	86474	0
2011-11-04	2524	2530	2516	2524	20614	84212	0
2011-11-07	2521	2524	2514	2518	10456	84988	0
2011-11-08	2521	2529	2513	2522	14750	83246	0
2011-11-09	2526	2527	2516	2520	11938	81754	0
2011-11-10	2511	2518	2496	2504	26540	82748	0
2011-11-11	2508	2527	2500	2517	16748	80012	0
2011-11-14	2524	2525	2518	2523	9276	80420	0
2011-11-15	2515	2519	2512	2515	7492	79488	0
2011-11-16	2518	2523	2511	2513	7358	79572	0
2011-11-17	2511	2514	2507	2508	6166	79478	0
2011-11-18	2498	2502	2472	2475	29914	87426	0
2011-11-21	2471	2487	2448	2449	31526	92064	0
2011-11-22	2444	2451	2416	2422	36746	93486	0
2011-11-23	2422	2437	2410	2417	36760	92990	0
2011-11-24	2414	2422	2405	2419	28164	92944	0
2011-11-25	2415	2423	2389	2391	25810	94546	0
2011-11-28	2402	2419	2393	2412	24456	90502	0
2011-11-29	2416	2441	2400	2438	44582	89448	0
2011-11-30	2441	2451	2433	2443	47074	81746	0
2011-12-01	2459	2467	2448	2452	27544	78110	0
2011-12-02	2448	2449	2439	2445	17198	77900	0
2011-12-05	2450	2456	2447	2450	12300	75258	0
2011-12-06	2443	2446	2439	2446	8528	72748	0
2011-12-07	2448	2474	2446	2469	26104	76718	0
2011-12-08	2468	2480	2462	2475	26840	75780	0
2011-12-09	2474	2481	2468	2477	15002	75418	0
2011-12-12	2477	2479	2457	2467	29542	79204	0
2011-12-13	2463	2470	2461	2466	15508	77030	0
2011-12-14	2471	2474	2464	2465	19024	76558	0
2011-12-15	2450	2463	2441	2462	33192	72094	0
2011-12-16	2464	2477	2460	2476	18782	69452	0
2011-12-19	2480	2486	2475	2484	12140	69102	0
2011-12-20	2491	2491	2483	2483	7912	66794	0
2011-12-21	2492	2492	2479	2480	14812	60888	0
2011-12-22	2484	2495	2480	2490	13946	61212	0
2011-12-23	2498	2499	2491	2497	10974	60224	0
2011-12-26	2497	2504	2492	2503	14808	55528	0
2011-12-27	2504	2510	2498	2498	22432	49484	0
2011-12-28	2503	2508	2499	2504	6614	48144	0
2011-12-29	2498	2503	2494	2497	21912	50894	0
2011-12-30	2502	2540	2499	2531	41622	51324	0
2012-01-04	2536	2561	2529	2557	38262	57984	0
2012-01-05	2560	2563	2545	2556	22398	58010	0
2012-01-06	2547	2558	2545	2558	7260	57906	0
2012-01-09	2559	2573	2558	2562	18954	57984	0
2012-01-10	2568	2570	2558	2563	11686	55036	0
2012-01-11	2560	2566	2549	2555	23692	52904	0
2012-01-12	2554	2578	2554	2572	17608	52872	0
2012-01-13	2566	2573	2554	2565	16584	51256	0
2012-01-16	2560	2567	2556	2560	11708	48926	0
2012-01-17	2564	2589	2564	2583	24974	52634	0
2012-01-18	2577	2583	2560	2560	14244	50848	0
2012-01-19	2560	2567	2542	2556	22448	48458	0
2012-01-20	2559	2571	2559	2569	8652	46222	0
2012-01-30	2575	2580	2567	2575	11264	44144	0
2012-01-31	2573	2583	2566	2573	15106	43620	0
2012-02-01	2582	2582	2568	2571	8022	43000	0
2012-02-02	2572	2583	2563	2582	17340	46550	0
2012-02-03	2591	2645	2591	2643	71194	57618	0
2012-02-06	2652	2652	2636	2649	23550	57670	0
2012-02-07	2651	2652	2624	2630	18692	54720	0
2012-02-08	2633	2652	2627	2647	21378	58852	0
2012-02-09	2641	2647	2628	2628	15824	55784	0
2012-02-10	2632	2632	2610	2612	13442	52496	0
2012-02-13	2612	2629	2612	2626	9474	51638	0
2012-02-14	2629	2631	2616	2617	6844	51114	0
2012-02-15	2617	2629	2615	2620	7504	51286	0
2012-02-16	2618	2619	2599	2602	17406	47510	0
2012-02-17	2610	2615	2606	2615	8066	44960	0
2012-02-20	2622	2638	2614	2635	18012	44662	0
2012-02-21	2633	2638	2629	2636	12402	45226	0
2012-02-22	2635	2663	2630	2658	28304	53446	0
2012-02-23	2657	2661	2644	2650	13672	49490	0
2012-02-24	2652	2653	2643	2648	7836	48234	0
2012-02-27	2653	2668	2649	2656	15918	48776	0
2012-02-28	2658	2665	2654	2662	9172	48054	0
2012-02-29	2667	2695	2665	2689	55046	50404	0
2012-03-01	2685	2703	2672	2674	39534	46702	0
2012-03-02	2677	2695	2676	2689	28864	47606	0
2012-03-05	2694	2708	2683	2684	30964	46106	0
2012-03-06	2682	2689	2661	2664	27788	42114	0
2012-03-07	2658	2664	2648	2651	21704	39912	0
2012-03-08	2649	2671	2649	2665	21102	37326	0
2012-03-09	2668	2682	2667	2681	12698	36768	0
2012-03-12	2681	2685	2657	2678	12432	35418	0
2012-03-13	2680	2704	2679	2700	23682	42066	0
2012-03-14	2701	2711	2683	2693	32138	43022	0
2012-03-15	2695	2699	2685	2693	14618	42396	0
2012-03-16	2704	2724	2699	2704	33782	45600	0
2012-03-19	2711	2721	2704	2706	23698	47598	0
2012-03-20	2700	2705	2681	2682	27410	40600	0
2012-03-21	2677	2688	2677	2680	18976	39596	0
2012-03-22	2683	2688	2676	2682	18796	37150	0
2012-03-23	2687	2694	2680	2686	17180	38098	0
2012-03-26	2689	2690	2672	2674	21414	38786	0
2012-03-27	2677	2681	2664	2670	22548	40006	0
2012-03-28	2670	2677	2664	2665	24710	37220	0
2012-03-29	2665	2669	2651	2654	21172	36198	0
2012-03-30	2652	2662	2642	2661	15044	35258	0
2012-04-05	2670	2679	2665	2675	18940	33384	0
2012-04-06	2675	2684	2669	2678	18894	35636	0
2012-04-09	2678	2682	2673	2676	9376	35580	0
2012-04-10	2674	2680	2664	2675	15228	33802	0
2012-04-11	2662	2667	2659	2661	8114	33650	0
2012-04-12	2662	2668	2650	2654	14540	36250	0
2012-04-13	2662	2665	2649	2650	13034	37428	0
2012-04-16	2640	2648	2631	2635	31780	42232	0
2012-04-17	2636	2645	2636	2643	12132	45632	0
2012-04-18	2647	2666	2643	2661	31158	45734	0
2012-04-19	2659	2688	2656	2685	54098	53670	0
2012-04-20	2686	2690	2679	2683	25924	53064	0
2012-04-23	2687	2695	2680	2687	31484	51844	0
2012-04-24	2690	2710	2677	2680	78170	52462	0
2012-04-25	2684	2685	2669	2678	37354	52110	0
2012-04-26	2676	2700	2676	2697	40278	51732	0
2012-04-27	2699	2705	2694	2700	22256	49538	0
2012-05-02	2704	2706	2691	2698	16672	48474	0
2012-05-03	2693	2703	2685	2685	25296	48080	0
2012-05-04	2683	2704	2680	2704	21328	47820	0
2012-05-07	2697	2706	2682	2692	39022	52354	0
2012-05-08	2694	2696	2677	2678	24260	51946	0
2012-05-09	2672	2678	2658	2664	29310	50088	0
2012-05-10	2664	2670	2656	2664	20514	49710	0
2012-05-11	2662	2666	2625	2627	29714	50040	0
2012-05-14	2634	2643	2597	2620	44412	54268	0
2012-05-15	2616	2635	2608	2631	40560	57030	0
2012-05-16	2626	2635	2611	2612	20256	56850	0
2012-05-17	2633	2633	2589	2627	60456	61620	0
2012-05-18	2625	2627	2607	2619	28646	58140	0
2012-05-21	2633	2656	2628	2654	37472	52670	0
2012-05-22	2653	2653	2637	2641	15466	52176	0
2012-05-23	2627	2633	2617	2621	26652	52532	0
2012-05-24	2621	2636	2620	2635	16084	53578	0
2012-05-25	2633	2637	2611	2627	31048	54288	0
2012-05-28	2631	2631	2607	2624	36662	57640	0
2012-05-29	2621	2638	2614	2634	32062	51792	0
2012-05-30	2629	2640	2623	2633	17920	51006	0
2012-05-31	2625	2639	2622	2630	14742	50778	0
2012-06-01	2627	2633	2609	2611	32552	55452	0
2012-06-04	2614	2619	2601	2614	38558	56774	0
2012-06-05	2619	2677	2618	2657	80222	53714	0
2012-06-06	2655	2663	2652	2658	22456	48132	0
2012-06-07	2665	2669	2655	2662	26776	47938	0
2012-06-08	2673	2673	2655	2658	14854	45410	0
2012-06-11	2672	2678	2667	2676	18622	45364	0
2012-06-12	2668	2675	2667	2671	9994	45002	0
2012-06-13	2670	2683	2670	2678	12974	44778	0
2012-06-14	2674	2685	2670	2672	14986	45152	0
2012-06-15	2674	2678	2670	2677	11522	44248	0
2012-06-18	2680	2693	2675	2693	23504	46318	0
2012-06-19	2696	2732	2696	2729	51546	60538	0
2012-06-20	2742	2742	2707	2715	53490	53638	0
2012-06-21	2712	2725	2702	2705	35134	52202	0
2012-06-25	2723	2730	2714	2722	35402	56542	0
2012-06-26	2731	2733	2705	2706	31290	51730	0
2012-06-27	2708	2713	2672	2680	46000	48234	0
2012-06-28	2684	2695	2678	2690	23842	44798	0
2012-06-29	2689	2709	2687	2708	26754	45478	0
2012-07-02	2721	2729	2697	2703	20106	45118	0
2012-07-03	2706	2719	2704	2718	28956	46126	0
2012-07-04	2721	2727	2711	2721	23966	46428	0
2012-07-05	2726	2730	2712	2721	18808	47140	0
2012-07-06	2731	2732	2710	2714	13328	47816	0
2012-07-09	2715	2755	2706	2738	56534	56798	0
2012-07-10	2735	2735	2712	2713	25188	53066	0
2012-07-11	2708	2715	2695	2702	35248	43564	0
2012-07-12	2697	2713	2697	2712	11732	44048	0
2012-07-13	2715	2721	2709	2718	13714	41314	0
2012-07-16	2725	2738	2723	2734	26612	44304	0
2012-07-17	2738	2739	2714	2717	18520	42448	0
2012-07-18	2720	2722	2713	2719	9162	41134	0
2012-07-19	2726	2735	2723	2730	15358	40224	0
2012-07-20	2733	2733	2705	2708	14106	38750	0
2012-07-23	2701	2752	2701	2729	44140	40268	0
2012-07-24	2712	2735	2692	2717	26106	37542	0
2012-07-25	2707	2732	2707	2731	19028	39120	0
2012-07-26	2736	2740	2727	2736	17600	38958	0
2012-07-27	2733	2801	2733	2773	195840	68554	0
2012-07-30	2781	2783	2761	2776	75902	64492	0
2012-07-31	2775	2808	2772	2785	76666	66634	0
2012-08-01	2784	2793	2771	2772	54350	65256	0
2012-08-02	2768	2802	2765	2791	114784	77180	0
2012-08-03	2788	2802	2783	2787	52536	67036	0
2012-08-06	2783	2788	2772	2776	30158	62572	0
2012-08-07	2778	2793	2774	2791	26566	63448	0
2012-08-08	2790	2799	2769	2773	27408	57326	0
2012-08-09	2775	2781	2765	2781	24954	53332	0
2012-08-10	2787	2792	2777	2781	22102	56170	0
2012-08-13	2781	2794	2777	2786	38896	57006	0
2012-08-14	2783	2825	2779	2808	40298	58164	0
2012-08-15	2810	2835	2805	2815	73582	61004	0
2012-08-16	2815	2817	2789	2795	43968	51290	0
2012-08-17	2798	2800	2788	2789	17144	49196	0
2012-08-20	2793	2802	2775	2801	54192	49426	0
2012-08-21	2803	2815	2800	2801	25350	46046	0
2012-08-22	2806	2820	2796	2814	64412	52820	0
2012-08-23	2812	2824	2804	2808	55058	52302	0
2012-08-24	2806	2809	2798	2806	21920	49620	0
2012-08-27	2812	2828	2807	2822	65280	61496	0
2012-08-28	2819	2840	2816	2829	93438	72698	0
2012-08-29	2832	2851	2829	2847	96050	85378	0
2012-08-30	2847	2851	2832	2842	55546	82572	0
2012-08-31	2838	2839	2809	2820	129874	69820	0
2012-09-03	2817	2839	2807	2810	90320	60888	0
2012-09-04	2813	2816	2802	2808	42094	52586	0
2012-09-05	2809	2820	2807	2813	27306	53944	0
2012-09-06	2813	2815	2798	2812	31976	57102	0
2012-09-07	2813	2818	2721	2779	161126	52584	0
2012-09-10	2779	2788	2775	2784	30680	56044	0
2012-09-11	2783	2786	2772	2773	20148	58264	0
2012-09-12	2776	2800	2767	2795	84192	80912	0
2012-09-13	2791	2802	2790	2797	42944	85460	0
2012-09-14	2801	2807	2787	2789	71146	88342	0
2012-09-17	2787	2791	2779	2784	36038	91390	0
2012-09-18	2776	2787	2775	2784	23082	82848	0
2012-09-19	2787	2789	2772	2772	30050	78524	0
2012-09-20	2773	2781	2771	2774	20122	73324	0
2012-09-21	2768	2775	2737	2741	52988	59948	0
2012-09-24	2737	2742	2709	2710	35202	52046	0
2012-09-25	2711	2716	2687	2693	44792	45942	0
2012-09-26	2686	2701	2684	2696	23484	44656	0
2012-09-27	2683	2709	2683	2693	30196	40606	0
2012-09-28	2691	2710	2680	2684	24326	33916	0
2012-10-08	2688	2694	2674	2687	15460	31836	0
2012-10-09	2689	2702	2689	2702	14340	36352	0
2012-10-10	2700	2700	2688	2692	12032	38716	0
2012-10-11	2687	2697	2682	2684	16960	42112	0
2012-10-12	2686	2697	2670	2679	37152	43460	0
2012-10-15	2671	2682	2663	2669	23672	44872	0
2012-10-16	2674	2676	2669	2675	12684	46146	0
2012-10-17	2673	2680	2669	2679	10384	45396	0
2012-10-18	2682	2683	2673	2674	11882	46656	0
2012-10-19	2676	2685	2673	2678	21532	47068	0
2012-10-22	2678	2679	2667	2676	8496	47072	0
2012-10-23	2676	2677	2668	2669	9392	46724	0
2012-10-24	2671	2682	2659	2676	22612	45946	0
2012-10-25	2675	2678	2671	2674	10048	46502	0
2012-10-26	2672	2674	2664	2668	9582	45422	0
2012-10-29	2662	2673	2660	2666	7458	44728	0
2012-10-30	2662	2665	2646	2658	39098	43114	0
2012-10-31	2658	2661	2653	2661	6018	42040	0
2012-11-01	2662	2668	2660	2665	8910	41864	0
2012-11-02	2664	2665	2655	2659	7354	41424	0
2012-11-05	2655	2665	2651	2663	11082	38880	0
2012-11-06	2663	2666	2659	2663	8316	38098	0
2012-11-07	2663	2666	2658	2659	5774	37622	0
2012-11-08	2658	2668	2658	2667	11720	38060	0
2012-11-09	2666	2680	2666	2676	17236	39242	0
2012-11-12	2671	2677	2669	2672	12116	40138	0
2012-11-13	2671	2681	2671	2676	13708	41726	0
2012-11-14	2678	2681	2650	2668	71910	50772	0
2012-11-15	2674	2688	2664	2683	37930	46366	0
2012-11-16	2684	2709	2681	2708	36024	46664	0
2012-11-19	2711	2735	2702	2731	62496	58600	0
2012-11-20	2730	2739	2723	2729	66712	65358	0
2012-11-21	2730	2738	2723	2737	25872	68850	0
2012-11-22	2741	2763	2733	2759	120756	88400	0
2012-11-23	2758	2763	2745	2761	128958	89420	0
2012-11-26	2757	2763	2753	2753	26038	88566	0
2012-11-27	2753	2760	2750	2751	29372	91980	0
2012-11-28	2754	2754	2701	2701	100284	87656	0
2012-11-29	2704	2707	2682	2691	63104	86440	0
2012-11-30	2693	2707	2689	2698	27942	80608	0
2012-12-03	2700	2708	2682	2703	59622	84032	0
2012-12-04	2703	2716	2699	2712	44778	85988	0
2012-12-05	2710	2716	2701	2712	27566	84848	0
2012-12-06	2713	2734	2711	2725	79352	86944	0
2012-12-07	2726	2728	2710	2728	45916	100232	0
2012-12-10	2725	2726	2711	2713	25896	100862	0
2012-12-11	2707	2715	2698	2703	32766	88206	0
2012-12-12	2700	2713	2695	2696	22426	84226	0
2012-12-13	2696	2701	2688	2689	25504	80478	0
2012-12-14	2689	2699	2685	2696	19890	78940	0
2012-12-17	2700	2712	2695	2712	23998	83908	0
2012-12-18	2711	2713	2701	2709	25308	85416	0
2012-12-19	2705	2712	2703	2707	30462	86164	0
2012-12-20	2705	2718	2698	2716	44088	91222	0
2012-12-21	2717	2721	2712	2713	27874	92692	0
2012-12-24	2714	2729	2713	2722	38702	94532	0
2012-12-25	2723	2727	2717	2725	19722	95474	0
2012-12-26	2727	2730	2724	2727	11454	94914	0
2012-12-27	2721	2739	2721	2736	27040	85156	0
2012-12-28	2739	2744	2735	2742	13736	84942	0
2012-12-31	2743	2745	2695	2697	38506	70214	0
2013-01-04	2698	2713	2698	2704	16422	65166	0
2013-01-07	2699	2720	2699	2715	18050	65608	0
2013-01-08	2717	2720	2713	2719	14926	70730	0
2013-01-09	2718	2719	2699	2699	17888	71626	0
2013-01-10	2702	2714	2697	2706	23812	74552	0
2013-01-11	2708	2710	2702	2705	6654	75716	0
2013-01-14	2709	2711	2682	2685	38738	76780	0
2013-01-15	2688	2692	2676	2681	38220	79026	0
2013-01-16	2682	2687	2678	2683	19120	79006	0
2013-01-17	2684	2686	2673	2680	11524	79632	0
2013-01-18	2678	2752	2678	2713	42276	77936	0
2013-01-21	2714	2714	2698	2703	17136	82154	0
2013-01-22	2702	2708	2701	2705	9888	83626	0
2013-01-23	2707	2715	2706	2713	13528	83598	0
2013-01-24	2712	2714	2693	2704	29492	82352	0
2013-01-25	2707	2708	2702	2703	4346	81886	0
2013-01-28	2702	2706	2694	2703	7694	81796	0
2013-01-29	2704	2707	2691	2692	17358	75978	0
2013-01-30	2693	2730	2687	2729	49488	62882	0
2013-01-31	2733	2737	2720	2729	27258	57378	0
2013-02-01	2729	2731	2722	2729	9202	55926	0
2013-02-04	2729	2730	2721	2726	9886	53678	0
2013-02-05	2726	2729	2722	2725	4848	52460	0
2013-02-06	2727	2728	2707	2708	8690	50492	0
2013-02-07	2709	2712	2684	2685	31734	37650	0
2013-02-08	2693	2714	2692	2714	19466	27172	0
2013-02-18	2709	2712	2701	2709	5624	27830	0
2013-02-19	2709	2713	2702	2712	8564	31524	0
2013-02-20	2713	2713	2704	2706	3870	32048	0
2013-02-21	2706	2707	2699	2705	7086	30934	0
2013-02-22	2704	2707	2690	2693	13184	32198	0
2013-02-25	2691	2697	2683	2694	11240	30752	0
2013-02-26	2690	2697	2683	2688	14748	32142	0
2013-02-27	2685	2699	2685	2695	5964	30374	0
2013-02-28	2697	2703	2694	2699	4480	29606	0
2013-03-01	2696	2698	2689	2697	4054	29962	0
2013-03-04	2695	2697	2689	2693	2614	29924	0
2013-03-05	2709	2709	2693	2700	5162	30154	0
2013-03-06	2703	2703	2679	2684	14044	31740	0
2013-03-07	2684	2691	2680	2687	8728	33422	0
2013-03-08	2685	2689	2668	2673	16090	38184	0
2013-03-11	2675	2678	2664	2668	10730	32570	0
2013-03-12	2670	2670	2657	2658	9680	28748	0
2013-03-13	2661	2668	2651	2667	6640	26824	0
2013-03-14	2665	2666	2655	2657	7234	26934	0
2013-03-15	2658	2669	2650	2660	7226	28130	0
2013-03-18	2662	2663	2654	2656	4192	27584	0
2013-03-19	2657	2660	2653	2655	4592	27976	0
2013-03-20	2656	2659	2646	2647	10640	28472	0
2013-03-21	2654	2654	2649	2649	5504	28984	0
2013-03-22	2649	2651	2638	2644	8402	28612	0
2013-03-25	2642	2648	2642	2646	4472	27280	0
2013-03-26	2645	2647	2641	2645	3412	26626	0
2013-03-27	2645	2648	2640	2646	2916	25626	0
2013-03-28	2644	2646	2632	2638	3794	26080	0
2013-03-29	2630	2640	2630	2634	7678	23238	0
2013-04-01	2634	2634	2623	2631	6382	23338	0
2013-04-02	2634	2634	2582	2623	4376	23424	0
2013-04-03	2627	2627	2610	2611	5272	23604	0
2013-04-08	2610	2610	2597	2601	4480	23236	0
2013-04-09	2599	2607	2597	2604	3582	23354	0
2013-04-10	2604	2613	2604	2606	3646	22146	0
2013-04-11	2604	2604	2595	2604	10084	20396	0
2013-04-12	2595	2609	2595	2605	4098	19722	0
2013-04-15	2612	2613	2597	2603	4314	17554	0
2013-04-16	2597	2604	2588	2602	3936	17038	0
2013-04-17	2602	2603	2593	2600	3550	16248	0
2013-04-18	2602	2607	2597	2606	2200	15536	0
2013-04-19	2607	2610	2590	2592	4900	14082	0
2013-04-22	2591	2591	2560	2565	6158	13524	0
2013-04-23	2564	2572	2562	2569	2316	13462	0
2013-04-24	2569	2577	2568	2576	2042	12690	0
2013-04-25	2576	2579	2558	2565	2552	13042	0
2013-04-26	2573	2582	2556	2559	3126	12166	0
2013-05-02	2552	2566	2551	2564	1418	11946	0
2013-05-03	2566	2583	2566	2581	1936	11420	0
2013-05-06	2583	2609	2583	2594	2056	11154	0
2013-05-07	2596	2597	2588	2591	2490	10536	0
2013-05-08	2608	2615	2607	2611	790	10626	0
2013-05-09	2611	2614	2602	2605	1130	10620	0
2013-05-10	2610	2615	2591	2608	4566	10704	0
2013-05-13	2615	2623	2615	2620	1204	10760	0
2013-05-14	2626	2626	2607	2610	1476	10444	0
2013-05-15	2610	2611	2604	2604	610	10354	0
2013-05-16	2603	2618	2602	2614	974	10240	0
2013-05-17	2612	2621	2611	2618	1836	10238	0
2013-05-20	2619	2620	2606	2606	976	10192	0
2013-05-21	2605	2613	2604	2612	602	10202	0
2013-05-22	2610	2611	2602	2605	778	10202	0
2013-05-23	2607	2607	2593	2594	1326	9734	0
2013-05-24	2618	2627	2616	2620	946	9762	0
2013-05-27	2621	2636	2621	2635	1380	9558	0
2013-05-28	2636	2637	2629	2629	840	9650	0
2013-05-29	2633	2633	2620	2623	856	9652	0
2013-05-30	2622	2626	2621	2625	518	9778	0
2013-05-31	2627	2628	2617	2618	764	9848	0
2013-06-03	2625	2667	2623	2657	9982	11048	0
2013-06-04	2657	2657	2636	2637	5398	9476	0
2013-06-05	2636	2649	2636	2638	1258	9626	0
2013-06-06	2636	2644	2625	2639	1322	9592	0
2013-06-07	2637	2649	2628	2630	2426	9550	0
2013-06-13	2632	2638	2626	2630	1364	9606	0
2013-06-14	2629	2630	2618	2621	2504	10500	0
2013-06-17	2620	2622	2614	2615	1948	10942	0
2013-06-18	2617	2619	2611	2617	2298	11836	0
2013-06-19	2616	2628	2616	2626	1658	11718	0
2013-06-20	2623	2632	2623	2625	2144	11778	0
2013-06-21	2620	2629	2618	2620	1284	11792	0
2013-06-24	2621	2640	2619	2630	2020	11880	0
2013-06-25	2638	2638	2627	2633	2232	13232	0
2013-06-26	2632	2632	2628	2630	574	13340	0
2013-06-27	2631	2632	2628	2629	382	13196	0
2013-06-28	2634	2634	2624	2626	748	13260	0
2013-07-01	2625	2630	2620	2623	2310	13652	0
2013-07-02	2622	2631	2621	2627	1482	13364	0
2013-07-03	2633	2634	2619	2625	1640	13732	0
2013-07-04	2623	2627	2623	2624	952	13298	0
2013-07-05	2626	2637	2624	2632	2628	12816	0
2013-07-08	2633	2636	2624	2626	1482	12698	0
2013-07-09	2628	2630	2625	2625	632	12684	0
2013-07-10	2626	2630	2623	2625	1438	12452	0
2013-07-11	2624	2627	2623	2624	1850	12216	0
2013-07-12	2625	2625	2593	2611	7556	14222	0
2013-07-15	2612	2612	2588	2590	3188	14844	0
2013-07-16	2594	2594	2520	2533	10020	15384	0
2013-07-17	2531	2542	2519	2531	6622	15614	0
2013-07-18	2526	2536	2522	2535	3900	15492	0
2013-07-19	2531	2542	2529	2530	2834	15304	0
2013-07-22	2535	2535	2516	2521	5870	15970	0
2013-07-23	2522	2555	2520	2552	8160	14770	0
2013-07-24	2543	2570	2543	2567	4402	14538	0
2013-07-25	2563	2565	2547	2547	3504	15526	0
2013-07-26	2547	2547	2529	2534	4160	15270	0
2013-07-29	2536	2569	2535	2554	8602	15766	0
2013-07-30	2556	2558	2535	2536	5268	15534	0
2013-07-31	2540	2552	2539	2547	4078	15842	0
2013-08-01	2547	2552	2535	2538	3214	16372	0
2013-08-02	2538	2542	2478	2480	22728	23680	0
2013-08-05	2482	2493	2473	2486	12592	22598	0
2013-08-06	2488	2491	2480	2481	6314	22544	0
2013-08-07	2480	2482	2463	2464	5590	22454	0
2013-08-08	2467	2471	2449	2463	9668	22294	0
2013-08-09	2464	2485	2464	2476	9160	22190	0
2013-08-12	2481	2489	2477	2486	8372	21996	0
2013-08-13	2484	2509	2484	2506	10228	21886	0
2013-08-14	2499	2520	2499	2502	9682	21828	0
2013-08-15	2508	2510	2499	2504	4458	22122	0
2013-08-16	2514	2514	2501	2503	6470	22210	0
2013-08-19	2511	2511	2502	2504	6874	22206	0
2013-08-20	2506	2507	2480	2485	10268	23760	0
2013-08-21	2488	2491	2473	2475	7012	25560	0
2013-08-22	2474	2495	2474	2484	14090	25656	0
2013-08-23	2485	2486	2474	2476	6360	25036	0
2013-08-26	2484	2509	2484	2508	19720	26590	0
2013-08-27	2509	2512	2495	2501	10036	26646	0
2013-08-28	2500	2541	2470	2491	27812	23550	0
2013-08-29	2495	2501	2477	2486	9598	23614	0
2013-08-30	2488	2488	2475	2480	4356	24174	0
2013-09-02	2480	2495	2480	2491	6186	23982	0
2013-09-03	2495	2501	2492	2500	5812	23370	0
2013-09-04	2497	2501	2488	2501	4568	23488	0
2013-09-05	2500	2502	2490	2492	3750	23972	0
2013-09-06	2495	2498	2492	2497	2680	23932	0
2013-09-09	2498	2513	2498	2511	6078	23684	0
2013-09-10	2508	2539	2507	2521	20796	25016	0
2013-09-11	2524	2524	2511	2518	6790	24702	0
2013-09-12	2520	2537	2520	2528	10014	23540	0
2013-09-13	2529	2536	2518	2520	6494	24306	0
2013-09-16	2523	2523	2488	2489	10320	22648	0
2013-09-17	2483	2495	2477	2484	11968	26112	0
2013-09-18	2485	2493	2476	2482	13672	24198	0
2013-09-23	2480	2481	2472	2474	5910	25488	0
2013-09-24	2476	2478	2465	2466	5138	26906	0
2013-09-25	2467	2471	2459	2462	6364	28920	0
2013-09-26	2464	2471	2462	2463	4522	28626	0
2013-09-27	2462	2462	2449	2459	8668	28616	0
2013-09-30	2452	2460	2445	2458	4926	29010	0
2013-10-08	2458	2475	2457	2471	8522	27522	0
2013-10-09	2471	2484	2467	2473	11102	29624	0
2013-10-10	2473	2482	2471	2472	8922	27318	0
2013-10-11	2473	2478	2471	2473	4396	27686	0
2013-10-14	2474	2479	2470	2470	3974	27552	0
2013-10-15	2474	2474	2460	2460	3804	28676	0
2013-10-16	2462	2465	2456	2458	4184	29908	0
2013-10-17	2461	2468	2461	2464	3924	29956	0
2013-10-18	2466	2471	2462	2464	4416	30256	0
2013-10-21	2468	2485	2467	2485	7188	28936	0
2013-10-22	2483	2487	2479	2481	5392	28590	0
2013-10-23	2480	2503	2480	2495	10782	28320	0
2013-10-24	2490	2503	2488	2490	6840	28288	0
2013-10-25	2497	2497	2480	2482	4520	28076	0
2013-10-28	2485	2485	2460	2462	4724	27710	0
2013-10-29	2467	2467	2452	2455	4888	27588	0
2013-10-30	2454	2469	2454	2468	3060	27120	0
2013-10-31	2465	2470	2454	2462	2512	27122	0
2013-11-01	2465	2475	2451	2458	8940	29108	0
2013-11-04	2461	2474	2458	2470	3634	28096	0
2013-11-05	2471	2479	2467	2478	4440	27470	0
2013-11-06	2475	2484	2467	2470	4746	27366	0
2013-11-07	2471	2475	2465	2473	3586	26802	0
2013-11-08	2476	2480	2474	2475	3090	26540	0
2013-11-11	2476	2478	2467	2473	3344	26098	0
2013-11-12	2468	2482	2468	2482	3516	25754	0
2013-11-13	2479	2486	2475	2483	3170	25158	0
2013-11-14	2483	2525	2482	2514	18622	24114	0
2013-11-15	2511	2524	2489	2503	10476	23840	0
2013-11-18	2504	2514	2497	2512	8218	23522	0
2013-11-19	2510	2516	2503	2507	7068	23384	0
2013-11-20	2506	2512	2504	2507	2912	23652	0
2013-11-21	2507	2511	2500	2501	1940	23310	0
2013-11-22	2503	2511	2502	2504	3942	23042	0
2013-11-25	2505	2507	2476	2477	5136	22046	0
2013-11-26	2480	2488	2473	2475	4296	21644	0
2013-11-27	2476	2482	2475	2477	2576	21866	0
2013-11-28	2477	2484	2475	2477	1786	21582	0
2013-11-29	2474	2479	2467	2472	2944	21724	0
2013-12-02	2472	2475	2465	2472	2138	21716	0
2013-12-03	2471	2478	2469	2470	2208	21464	0
2013-12-04	2470	2477	2470	2475	1430	21482	0
2013-12-05	2475	2483	2474	2477	3438	22972	0
2013-12-06	2479	2498	2479	2493	5496	22898	0
2013-12-09	2493	2497	2485	2490	3078	22660	0
2013-12-10	2494	2496	2468	2469	3846	21778	0
2013-12-11	2468	2470	2389	2390	31808	28092	0
2013-12-12	2390	2405	2373	2391	44118	28242	0
2013-12-13	2389	2398	2383	2385	10814	27096	0
2013-12-16	2382	2391	2357	2360	17042	31426	0
2013-12-17	2363	2380	2360	2366	12726	30166	0
2013-12-18	2366	2367	2349	2356	6004	30674	0
2013-12-19	2355	2367	2355	2360	5394	31316	0
2013-12-20	2360	2367	2350	2356	6316	31394	0
2013-12-23	2356	2366	2336	2350	6810	31894	0
2013-12-24	2350	2350	2328	2332	7878	32612	0
2013-12-25	2333	2339	2328	2335	4794	32382	0
2013-12-26	2337	2343	2327	2334	4652	32182	0
2013-12-27	2334	2338	2331	2335	2768	31906	0
2013-12-30	2335	2341	2328	2330	4818	31554	0
2013-12-31	2331	2331	2295	2302	10260	32506	0
2014-01-02	2304	2305	2295	2300	3460	32340	0
2014-01-03	2301	2301	2254	2277	13978	31904	0
2014-01-06	2276	2282	2260	2275	5774	30210	0
2014-01-07	2274	2276	2249	2257	4898	29924	0
2014-01-08	2256	2258	2238	2239	5572	29822	0
2014-01-09	2235	2256	2230	2238	6440	29206	0
2014-01-10	2241	2251	2238	2246	3320	29162	0
2014-01-13	2247	2257	2239	2250	3636	29434	0
2014-01-14	2250	2258	2245	2255	4232	29470	0
2014-01-15	2254	2271	2250	2271	10836	30736	0
2014-01-16	2276	2279	2262	2265	4114	29514	0
2014-01-17	2264	2270	2252	2268	5802	28286	0
2014-01-20	2268	2280	2267	2277	3598	28200	0
2014-01-21	2277	2296	2275	2284	9282	27532	0
2014-01-22	2277	2300	2266	2288	8008	26348	0
2014-01-23	2288	2293	2281	2284	2242	26506	0
2014-01-24	2286	2288	2274	2279	3126	26230	0
2014-01-27	2282	2282	2254	2258	6080	26808	0
2014-01-28	2256	2293	2215	2292	22738	31988	0
2014-01-29	2297	2298	2274	2293	7200	30266	0
2014-01-30	2290	2303	2285	2295	5858	30582	0
2014-02-07	2303	2313	2293	2312	6666	30774	0
2014-02-10	2312	2317	2305	2313	17036	28384	0
2014-02-11	2320	2320	2301	2318	6844	30792	0
2014-02-12	2322	2354	2319	2350	32208	42474	0
2014-02-13	2347	2368	2347	2348	23042	39124	0
2014-02-14	2351	2352	2340	2346	10064	35884	0
2014-02-17	2346	2347	2330	2343	7186	34534	0
2014-02-18	2342	2348	2337	2344	4814	34858	0
2014-02-19	2344	2344	2313	2320	16646	34432	0
2014-02-20	2320	2342	2318	2342	6040	34802	0
2014-02-21	2343	2350	2334	2347	8068	33456	0
2014-02-24	2347	2363	2339	2349	10870	32116	0
2014-02-25	2342	2377	2338	2365	16396	31340	0
2014-02-26	2365	2365	2349	2359	5834	32214	0
2014-02-27	2358	2363	2341	2349	7738	33754	0
2014-02-28	2342	2348	2333	2347	6338	34228	0
2014-03-03	2351	2354	2345	2350	2240	34126	0
2014-03-04	2350	2353	2342	2352	1900	34030	0
2014-03-05	2355	2355	2347	2353	1764	33506	0
2014-03-06	2351	2352	2345	2351	1816	33396	0
2014-03-07	2352	2367	2351	2353	5930	33090	0
2014-03-10	2352	2354	2346	2350	3152	32248	0
2014-03-11	2349	2361	2267	2360	5472	30008	0
2014-03-12	2358	2361	2351	2361	1710	29768	0
2014-03-13	2361	2362	2353	2358	2344	29196	0
2014-03-14	2355	2361	2354	2361	1834	28456	0
2014-03-17	2361	2363	2353	2358	2320	28020	0
2014-03-18	2358	2359	2295	2306	31508	17968	0
2014-03-19	2310	2358	2289	2308	31890	17060	0
2014-03-20	2308	2314	2294	2303	5130	16538	0
2014-03-21	2297	2305	2297	2304	1348	16034	0
2014-03-24	2298	2311	2298	2308	2854	15716	0
2014-03-25	2310	2315	2303	2312	2054	15482	0
2014-03-26	2310	2315	2300	2303	2528	15032	0
2014-03-27	2301	2320	2288	2307	2484	14658	0
2014-03-28	2311	2313	2302	2305	1022	14352	0
2014-03-31	2305	2313	2300	2308	1300	14092	0
2014-04-01	2308	2320	2308	2314	1524	13688	0
2014-04-02	2312	2317	2307	2315	1134	13918	0
2014-04-03	2313	2315	2305	2307	1212	13850	0
2014-04-04	2308	2318	2302	2318	1744	14028	0
2014-04-08	2312	2328	2312	2325	1718	13570	0
2014-04-09	2324	2340	2314	2315	4104	12844	0
2014-04-10	2319	2323	2294	2301	4112	12902	0
2014-04-11	2298	2298	2278	2289	4798	12326	0
2014-04-14	2285	2308	2283	2301	2136	11528	0
2014-04-15	2301	2327	2298	2327	2164	10780	0
2014-04-16	2325	2335	2310	2312	1474	10928	0
2014-04-17	2314	2322	2309	2321	686	10708	0
2014-04-18	2317	2322	2305	2312	1682	10450	0
2014-04-21	2312	2315	2307	2311	1472	9938	0
2014-04-22	2311	2316	2306	2314	1006	9598	0
2014-04-23	2314	2325	2312	2322	1198	9390	0
2014-04-24	2324	2348	2319	2346	2952	9910	0
2014-04-25	2345	2353	2336	2352	2002	9516	0
2014-04-28	2346	2356	2336	2346	2242	8570	0
2014-04-29	2351	2354	2340	2342	2280	7922	0
2014-04-30	2332	2343	2328	2343	3564	7014	0
2014-05-05	2340	2349	2338	2343	932	7096	0
2014-05-06	2345	2355	2341	2354	1442	7402	0
2014-05-07	2347	2357	2347	2351	1062	7452	0
2014-05-08	2354	2430	2342	2364	5976	7626	0
2014-05-09	2380	2380	2336	2340	3002	7264	0
2014-05-12	2342	2348	2325	2341	2068	7630	0
2014-05-13	2336	2341	2329	2336	2108	7798	0
2014-05-14	2336	2340	2329	2333	2110	8296	0
2014-05-15	2337	2342	2327	2328	1576	8318	0
2014-05-16	2320	2331	2313	2319	1148	8602	0
2014-05-19	2329	2344	2327	2342	1700	7522	0
2014-05-20	2337	2345	2322	2322	1852	7930	0
2014-05-21	2321	2332	2310	2315	2632	7648	0
2014-05-22	2312	2325	2312	2320	1050	7600	0
2014-05-23	2323	2328	2290	2302	2888	7948	0
2014-05-26	2299	2305	2278	2281	3056	9132	0
2014-05-27	2277	2291	2267	2290	5668	9648	0
2014-05-28	2283	2327	2283	2327	4452	9886	0
2014-05-29	2326	2348	2318	2326	1694	9838	0
2014-05-30	2334	2334	2320	2325	1038	9820	0
2014-06-03	2317	2325	2311	2318	890	9920	0
2014-06-04	2313	2315	2296	2312	1300	10132	0
2014-06-05	2302	2343	2302	2343	1606	10400	0
2014-06-06	2344	2344	2326	2335	1840	10054	0
2014-06-09	2333	2340	2328	2336	922	10068	0
2014-06-10	2329	2354	2329	2350	1106	10142	0
2014-06-11	2351	2389	2351	2381	3410	10110	0
2014-06-12	2381	2384	2356	2375	2724	10122	0
2014-06-13	2342	2372	2342	2366	2042	10288	0
2014-06-16	2371	2375	2362	2368	1368	10200	0
2014-06-17	2364	2370	2357	2360	914	10028	0
2014-06-18	2364	2375	2360	2375	1174	10092	0
2014-06-19	2374	2388	2369	2379	1832	10208	0
2014-06-20	2383	2387	2370	2371	1048	9934	0
2014-06-23	2377	2377	2359	2367	1348	9996	0
2014-06-24	2365	2365	2353	2359	1874	10128	0
2014-06-25	2358	2365	2344	2360	4026	9966	0
2014-06-26	2362	2370	2360	2366	1138	10008	0
2014-06-27	2365	2369	2334	2334	2912	9540	0
2014-06-30	2329	2344	2329	2340	910	9390	0
2014-07-01	2336	2350	2333	2349	1462	9030	0
2014-07-02	2344	2351	2342	2344	572	9114	0
2014-07-03	2343	2344	2320	2343	2584	9310	0
2014-07-04	2342	2357	2342	2357	1320	9188	0
2014-07-07	2358	2388	2358	2381	3054	9490	0
2014-07-08	2377	2381	2344	2360	2988	9168	0
2014-07-09	2368	2368	2337	2351	1496	8596	0
2014-07-10	2347	2349	2340	2344	854	8586	0
2014-07-11	2337	2344	2334	2334	1018	8480	0
2014-07-14	2358	2358	2341	2347	684	8176	0
2014-07-15	2371	2376	2370	2373	588	7176	0
2014-07-16	2370	2375	2367	2370	396	7264	0
2014-07-17	2374	2381	2374	2375	660	7434	0
2014-07-18	2378	2378	2364	2366	650	7276	0
2014-07-21	2358	2364	2339	2347	1334	7016	0
2014-07-22	2337	2357	2337	2351	636	7034	0
2014-07-23	2349	2355	2334	2339	840	6846	0
2014-07-24	2340	2345	2329	2329	556	6762	0
2014-07-25	2328	2328	2309	2311	780	6938	0
2014-07-28	2311	2343	2262	2335	2640	6750	0
2014-07-29	2333	2375	2326	2353	1724	6474	0
2014-07-30	2345	2356	2340	2348	892	6522	0
2014-07-31	2345	2345	2307	2328	2276	6892	0
2014-08-01	2318	2318	2279	2280	2034	7260	0
2014-08-04	2282	2300	2270	2292	1288	7182	0
2014-08-05	2280	2294	2278	2282	1380	7236	0
2014-08-06	2279	2283	2268	2276	1126	7326	0
2014-08-07	2272	2288	2272	2288	636	7346	0
2014-08-08	2285	2287	2272	2276	1168	7330	0
2014-08-11	2276	2277	2241	2250	1942	7042	0
2014-08-12	2249	2251	2232	2244	2074	6486	0
2014-08-13	2246	2249	2242	2245	956	6226	0
2014-08-14	2245	2245	2199	2209	1770	5806	0
2014-08-15	2222	2231	2203	2230	1746	5774	0
2014-08-18	2230	2231	2221	2228	506	5616	0
2014-08-19	2224	2224	2212	2215	1062	5488	0
2014-08-20	2205	2218	2205	2211	1354	5264	0
2014-08-21	2216	2217	2188	2189	1556	5224	0
2014-08-22	2193	2205	2185	2205	820	5074	0
2014-08-25	2198	2243	2195	2242	2798	4894	0
2014-08-26	2247	2262	2234	2238	1358	5002	0
2014-08-27	2240	2241	2234	2241	716	4946	0
2014-08-28	2240	2258	2240	2253	1716	4820	0
2014-08-29	2251	2267	2251	2267	932	4488	0
2014-09-01	2265	2284	2260	2275	1046	4714	0
2014-09-02	2274	2328	2274	2325	2020	4522	0
2014-09-03	2326	2342	2315	2319	2238	4738	0
2014-09-04	2323	2326	2318	2325	866	4870	0
2014-09-05	2321	2324	2262	2264	2132	4834	0
2014-09-09	2257	2268	2225	2266	2292	4186	0
2014-09-10	2260	2282	2255	2261	1516	3946	0
2014-09-11	2263	2265	2256	2264	372	3984	0
2014-09-12	2269	2300	2269	2293	992	4082	0
2014-09-15	2296	2304	2285	2285	486	4110	0
2014-09-16	2302	2316	2293	2313	748	3732	0
2014-09-17	2317	2319	2311	2315	522	3768	0
2014-09-18	2318	2323	2304	2307	456	3774	0
2014-09-19	2304	2320	2302	2316	456	3776	0
2014-09-22	2315	2318	2282	2291	1660	3674	0
2014-09-23	2285	2299	2285	2296	504	3622	0
2014-09-24	2300	2301	2294	2297	246	3550	0
2014-09-25	2318	2318	2302	2310	884	3574	0
2014-09-26	2311	2316	2309	2310	328	3536	0
2014-09-29	2307	2318	2280	2318	672	3260	0
2014-09-30	2314	2337	2314	2315	642	3086	0
2014-10-08	2319	2334	2319	2324	146	3080	0
2014-10-09	2329	2329	2318	2323	164	3056	0
2014-10-10	2321	2321	2286	2286	630	3148	0
2014-10-13	2285	2295	2264	2272	1430	3236	0
2014-10-14	2275	2299	2270	2293	716	3100	0
2014-10-15	2288	2302	2288	2300	202	3046	0
2014-10-16	2294	2300	2274	2279	364	3108	0
2014-10-17	2279	2287	2279	2281	218	3130	0
2014-10-20	2279	2287	2279	2284	88	3114	0
2014-10-21	2276	2297	2270	2293	264	3084	0
2014-10-22	2292	2298	2289	2289	84	3078	0
2014-10-23	2288	2297	2288	2296	126	3080	0
2014-10-24	2295	2304	2295	2302	374	3026	0
2014-10-27	2315	2315	2283	2292	308	3046	0
2014-10-28	2285	2297	2285	2290	174	3044	0
2014-10-29	2288	2293	2283	2290	154	3044	0
2014-10-30	2293	2307	2289	2307	492	3094	0
2014-10-31	2309	2314	2303	2307	504	3142	0
2014-11-03	2307	2307	2301	2302	250	3178	0
2014-11-04	2306	2310	2301	2302	286	3176	0
2014-11-05	2301	2301	2269	2271	816	3020	0
2014-11-06	2268	2283	2268	2272	206	3016	0
2014-11-07	2271	2293	2270	2281	716	2834	0
2014-11-10	2278	2284	2271	2273	414	2958	0
2014-11-11	2274	2274	2242	2242	1234	3154	0
2014-11-12	2258	2258	2238	2248	622	3242	0
2014-11-13	2246	2255	2243	2251	232	3174	0
2014-11-14	2249	2249	2233	2234	458	3224	0
2014-11-17	2235	2238	2215	2227	522	3200	0
2014-11-18	2233	2236	2223	2223	266	3118	0
2014-11-19	2222	2226	2216	2224	192	3104	0
2014-11-20	2227	2232	2221	2229	274	3024	0
2014-11-21	2268	2268	2246	2255	496	2870	0
2014-11-24	2256	2256	2243	2243	186	2792	0
2014-11-25	2242	2259	2242	2255	322	2764	0
2014-11-26	2236	2259	2236	2246	222	2774	0
2014-11-27	2251	2253	2234	2237	360	2700	0
2014-11-28	2234	2243	2234	2242	138	2670	0
2014-12-01	2238	2238	2229	2229	180	2632	0
2014-12-02	2233	2237	2229	2231	116	2616	0
2014-12-03	2247	2247	2232	2234	202	2516	0
2014-12-04	2233	2236	2233	2235	68	2486	0
2014-12-05	2239	2240	2235	2239	82	2448	0
2014-12-08	2245	2245	2233	2236	180	2338	0
2014-12-09	2232	2234	2217	2227	270	2324	0
2014-12-10	2222	2224	2211	2224	582	2244	0
2014-12-11	2222	2222	2209	2211	340	2170	0
2014-12-12	2206	2220	2206	2218	192	2130	0
2014-12-15	2235	2236	2217	2230	340	1942	0
2014-12-16	2232	2235	2226	2232	136	1854	0
2014-12-17	2230	2235	2229	2231	206	1766	0
2014-12-18	2233	2236	2232	2232	74	1720	0
2014-12-19	2230	2235	2230	2231	82	1702	0
2014-12-22	2238	2239	2231	2231	64	1680	0
2014-12-23	2233	2239	2232	2239	38	1666	0
2014-12-24	2245	2249	2236	2246	100	1602	0
2014-12-25	2240	2246	2240	2246	62	1560	0
2014-12-26	2252	2264	2248	2251	146	1504	0
2014-12-29	2248	2257	2248	2257	208	1428	0
2014-12-30	2256	2263	2254	2263	438	1300	0
2014-12-31	2228	2280	2219	2262	452	1070	0
2015-01-05	2259	2267	2256	2259	84	1072	0
2015-01-06	2263	2276	2262	2264	102	1060	0
2015-01-07	2264	2264	2255	2255	68	1058	0
2015-01-08	2258	2259	2256	2256	22	1054	0
2015-01-09	2261	2262	2258	2262	20	1002	0
2015-01-12	2254	2274	2254	2270	48	994	0
2015-01-13	2265	2269	2264	2266	34	1012	0
2015-01-14	2269	2269	2254	2263	48	1012	0
2015-01-15	2260	2261	2260	2260	14	1026	0
2015-01-16	2260	2260	2258	2258	12	1028	0
2015-01-19	2278	2303	2278	2294	94	688	0
2015-01-20	2302	2312	2287	2312	88	710	0
2015-01-21	2314	2314	2295	2307	24	710	0
2015-01-22	2311	2321	2306	2313	62	704	0
2015-01-23	2320	2324	2315	2319	54	664	0
2015-01-26	2318	2327	2314	2327	90	604	0
2015-01-27	2322	2336	2320	2335	96	540	0
2015-01-28	2333	2333	2324	2331	42	532	0
2015-01-29	2316	2330	2316	2328	42	522	0
2015-01-30	2324	2329	2319	2329	42	522	0
2015-02-02	2319	2333	2317	2327	34	506	0
2015-02-03	2327	2333	2327	2329	20	494	0
2015-02-04	2329	2336	2329	2334	38	484	0
2015-02-05	2337	2344	2322	2334	42	474	0
2015-02-06	2332	2342	2321	2340	46	448	0
2015-02-09	2339	2340	2328	2339	82	424	0
2015-02-10	2339	2344	2339	2343	20	424	0
2015-02-11	2337	2342	2335	2342	28	406	0
2015-02-12	2343	2351	2343	2349	42	404	0
2015-02-13	2350	2355	2348	2348	56	376	0
2015-02-16	2354	2363	2354	2360	68	332	0
2015-02-17	2356	2364	2356	2360	52	298	0
2015-02-25	2360	2375	2360	2375	26	298	0
2015-02-26	2365	2372	2365	2372	40	308	0
2015-02-27	2367	2385	2366	2385	58	336	0
2015-03-02	2428	2453	2402	2406	126	354	0
2015-03-03	2408	2408	2386	2394	50	374	0
2015-03-04	2389	2398	2388	2398	58	368	0
2015-03-05	2393	2397	2393	2395	20	370	0
2015-03-06	2393	2396	2385	2391	26	366	0
2015-03-09	2388	2396	2382	2390	42	368	0
2015-03-10	2385	2402	2385	2402	36	366	0
2015-03-11	2396	2401	2396	2400	18	360	0
2015-03-12	2393	2393	2393	2393	2	360	0
2015-03-13	2396	2408	2396	2404	36	348	0
2015-03-16	2398	2400	2381	2399	68	340	0
2015-03-17	2392	2392	2392	2392	4	340	0
2015-03-18	2392	2401	2392	2400	46	342	0
2015-03-19	2402	2409	2402	2409	32	336	0
2015-03-20	2410	2412	2410	2412	8	334	0
2015-03-23	2409	2415	2409	2410	26	324	0
2015-03-24	2411	2414	2411	2414	16	322	0
2015-03-25	2442	2442	2415	2416	34	326	0
2015-03-26	2417	2421	2410	2420	20	322	0
2015-03-27	2409	2418	2403	2406	48	312	0
2015-03-30	2400	2412	2399	2402	40	320	0
2015-03-31	2405	2410	2403	2405	30	298	0
2015-04-01	2409	2424	2406	2412	38	300	0
2015-04-02	2417	2428	2417	2428	40	278	0
2015-04-03	2422	2425	2416	2417	28	258	0
2015-04-07	2426	2431	2420	2425	24	252	0
2015-04-08	2436	2436	2428	2430	64	246	0
2015-04-09	2431	2432	2425	2428	22	248	0
2015-04-10	2435	2439	2433	2434	10	252	0
2015-04-13	2444	2451	2442	2451	32	252	0
2015-04-14	2432	2451	2431	2445	26	250	0
2015-04-15	2445	2455	2445	2455	46	240	0
2015-04-17	2456	2467	2456	2463	22	242	0
2015-04-20	2453	2489	2449	2480	80	236	0
2015-04-21	2485	2494	2473	2494	88	228	0
2015-04-22	2480	2510	2476	2507	88	202	0
2015-04-23	2509	2514	2508	2508	30	200	0
2015-04-24	2513	2518	2507	2508	16	192	0
2015-04-27	2511	2511	2502	2511	14	182	0
2015-04-28	2507	2511	2504	2511	10	182	0
2015-04-29	2501	2514	2501	2511	14	182	0
2015-04-30	2510	2522	2510	2522	12	182	0
2015-05-04	2529	2583	2523	2523	20	174	0
2015-05-05	2543	2551	2543	2547	6	178	0
2015-05-06	2533	2533	2533	2533	2	178	0
2015-05-11	2526	2539	2524	2525	20	174	0
2015-05-12	2525	2532	2525	2526	8	172	0
2015-05-15	2509	2549	2509	2548	14	168	0
2015-05-19	2513	2513	2513	2513	2	166	0
2015-05-20	2510	2538	2510	2538	4	164	0
2015-05-21	2540	2549	2540	2549	8	160	0
2015-05-25	2548	2548	2548	2548	4	160	0
2015-05-26	2545	2551	2544	2551	8	158	0
2015-05-27	2553	2561	2549	2552	16	160	0
2015-05-28	2559	2569	2553	2553	22	170	0
2015-06-01	2562	2570	2554	2563	48	172	0
2015-06-02	2563	2568	2558	2566	18	164	0
2015-06-03	2574	2574	2567	2570	8	162	0
2015-06-04	2574	2574	2562	2572	6	162	0
2015-06-05	2577	2587	2573	2573	12	160	0
2015-06-08	2574	2579	2566	2572	16	164	0
2015-06-09	2564	2572	2564	2572	6	162	0
2015-06-10	2573	2588	2571	2588	20	166	0
2015-06-12	2597	2610	2571	2610	40	168	0
2015-06-15	2587	2587	2587	2587	4	164	0
2015-06-17	2591	2591	2580	2581	6	162	0
2015-06-18	2567	2588	2563	2588	56	160	0
2015-06-19	2581	2581	2579	2579	6	158	0
2015-06-23	2602	2602	2578	2598	34	158	0
2015-06-24	2582	2599	2570	2594	18	160	0
2015-06-25	2593	2593	2577	2585	18	154	0
2015-06-26	2590	2590	2590	2590	4	154	0
2015-06-30	2592	2611	2592	2608	32	168	0
2015-07-01	2611	2613	2611	2613	4	170	0
2015-07-02	2613	2614	2608	2613	16	170	0
2015-07-03	2613	2617	2579	2598	20	168	0
2015-07-06	2613	2613	2588	2588	6	168	0
2015-07-07	2596	2614	2582	2611	18	162	0
2015-07-08	2563	2608	2529	2554	184	136	0
2015-07-09	2538	2611	2538	2588	84	142	0
2015-07-10	2668	2668	2606	2615	76	140	0
2015-07-13	2639	2639	2609	2619	20	144	0
2015-07-14	2637	2637	2591	2627	40	144	0
2015-07-15	2617	2617	2602	2606	12	150	0
2015-07-16	2618	2618	2571	2617	36	140	0
2015-07-17	2598	2622	2598	2622	18	138	0
2015-07-20	2627	2630	2610	2622	24	142	0
2015-07-22	2621	2627	2603	2615	52	142	0
2015-07-23	2616	2643	2611	2611	20	146	0
2015-07-24	2616	2639	2615	2619	34	152	0
2015-07-27	2618	2622	2605	2605	36	156	0
2015-07-28	2621	2621	2574	2585	98	184	0
2015-07-29	2609	2609	2588	2590	30	182	0
2015-07-30	2603	2603	2582	2587	20	182	0
2015-07-31	2582	2584	2566	2569	50	182	0
2015-08-03	2575	2575	2516	2521	100	184	0
2015-08-05	2557	2557	2522	2538	58	172	0
2015-08-06	2530	2535	2514	2530	14	168	0
2015-08-07	2517	2540	2517	2526	16	172	0
2015-08-10	2525	2552	2521	2552	40	176	0
2015-08-11	2535	2579	2535	2546	52	164	0
2015-08-12	2545	2545	2544	2545	6	166	0
2015-08-13	2584	2584	2546	2559	18	162	0
2015-08-14	2570	2583	2562	2579	24	164	0
2015-08-17	2582	2595	2580	2586	28	164	0
2015-08-18	2585	2587	2563	2577	62	160	0
2015-08-19	2575	2576	2551	2576	14	160	0
2015-08-20	2570	2580	2555	2560	16	158	0
2015-08-21	2572	2592	2549	2564	42	164	0
2015-08-24	2542	2560	2515	2537	44	160	0
2015-08-25	2535	2553	2533	2545	50	162	0
2015-08-26	2539	2539	2524	2533	26	164	0
2015-08-27	2529	2565	2517	2532	32	158	0
2015-08-28	2588	2588	2533	2566	64	156	0
2015-08-31	2573	2573	2532	2549	42	168	0
2015-09-01	2544	2544	2521	2521	114	176	0
2015-09-02	2530	2551	2520	2527	52	170	0
2015-09-07	2503	2505	2457	2504	36	182	0
2015-09-08	2498	2514	2459	2511	72	182	0
2015-09-09	2520	2520	2496	2496	22	184	0
2015-09-10	2502	2502	2478	2478	12	188	0
2015-09-11	2478	2492	2478	2492	6	188	0
2015-09-14	2463	2526	2463	2484	16	190	0
2015-09-15	2497	2497	2473	2478	30	202	0
2015-09-16	2473	2487	2428	2477	56	196	0
2015-09-18	2484	2488	2459	2460	56	192	0
2015-09-21	2458	2458	2403	2426	72	238	0
2015-09-22	2409	2431	2401	2409	36	250	0
2015-09-23	2429	2433	2410	2431	28	226	0
2015-09-24	2445	2448	2418	2440	38	206	0
2015-09-25	2423	2451	2423	2451	30	196	0
2015-09-28	2484	2485	2456	2473	54	204	0
2015-09-29	2456	2456	2414	2456	58	180	0
2015-09-30	2440	2476	2440	2469	10	174	0
2015-10-08	2467	2467	2427	2447	20	174	0
2015-10-09	2508	2508	2455	2472	16	176	0
2015-10-12	2497	2497	2465	2479	48	176	0
2015-10-13	2475	2481	2469	2477	22	174	0
2015-10-14	2498	2500	2482	2500	28	168	0
2015-10-15	2498	2501	2494	2494	8	168	0
2015-10-16	2483	2498	2483	2497	16	172	0
2015-10-19	2487	2492	2479	2479	26	164	0
2015-10-20	2488	2495	2488	2495	18	158	0
2015-10-22	2510	2522	2501	2501	18	160	0
2015-10-26	2495	2511	2495	2511	10	158	0
2015-10-27	2487	2492	2487	2492	4	158	0
2015-10-28	2520	2520	2485	2490	16	158	0
2015-10-30	2490	2517	2490	2517	6	160	0
2015-11-03	2517	2517	2517	2517	2	162	0
2015-11-04	2517	2517	2517	2517	2	164	0
2015-11-05	2514	2516	2514	2516	6	162	0
2015-11-09	2521	2524	2491	2491	14	156	0
2015-11-10	2473	2495	2473	2495	4	156	0
2015-11-11	2516	2516	2496	2496	10	156	0
2015-11-13	2485	2515	2485	2515	6	156	0
2015-11-16	2495	2509	2495	2509	4	156	0
2015-11-17	2509	2509	2495	2495	4	154	0
2015-11-19	2512	2512	2512	2512	8	154	0
2015-11-20	2487	2516	2487	2516	10	152	0
2015-11-23	2514	2514	2498	2498	12	148	0
2015-11-25	2510	2524	2499	2521	26	152	0
2015-11-26	2531	2536	2524	2524	14	152	0
2015-11-27	2514	2524	2510	2511	12	150	0
2015-11-30	2536	2551	2502	2532	58	146	0
2015-12-01	2526	2526	2526	2526	2	146	0
2015-12-03	2525	2540	2517	2517	64	142	0
2015-12-04	2521	2541	2521	2533	12	142	0
2015-12-07	2475	2539	2475	2539	18	134	0
2015-12-08	2520	2547	2505	2535	96	116	0
2015-12-10	2538	2538	2538	2538	2	114	0
2015-12-15	2539	2541	2539	2541	8	110	0
2015-12-16	2524	2558	2524	2558	32	92	0
2015-12-17	2570	2575	2557	2566	22	88	0
2015-12-21	2580	2658	2560	2628	38	68	0
2015-12-22	2596	2629	2596	2627	6	66	0
2015-12-23	2525	2628	2525	2587	8	66	0
2015-12-25	2599	2599	2599	2599	2	64	0
2015-12-28	2634	2634	2599	2614	40	62	0
2015-12-30	2627	2637	2626	2637	14	52	0
2015-12-31	2649	2727	2616	2616	60	6	0
2016-01-06	2709	2709	2609	2609	2	4	0
2016-01-19	2526	2609	2526	2609	4	4	0
2016-01-20	2557	2627	2552	2560	40	12	0
2016-01-21	2529	2575	2529	2562	8	10	0
2016-01-22	2556	2556	2556	2556	2	10	0
2016-01-27	2518	2600	2499	2600	26	6	0
2016-01-29	2531	2531	2531	2531	2	6	0
2016-02-01	2555	2555	2555	2555	2	4	0
2016-02-02	2528	2528	2528	2528	2	4	0
2016-02-19	2590	2590	2590	2590	2	6	0
2016-02-23	2625	2626	2507	2579	18	8	0
2016-02-26	2616	2616	2564	2564	10	10	0
2016-02-29	2545	2545	2545	2545	2	10	0
2016-03-01	2546	2610	2546	2555	20	16	0
2016-03-02	2549	2549	2495	2509	22	16	0
2016-03-07	2572	2572	2454	2476	8	16	0
2016-03-08	2467	2538	2467	2501	12	16	0
2016-03-14	2478	2478	2478	2478	2	16	0
2016-03-16	2538	2544	2460	2510	16	16	0
2016-03-17	2485	2495	2485	2493	8	14	0
2016-03-18	2534	2534	2534	2534	2	16	0
2016-03-21	2519	2519	2519	2519	2	14	0
2016-03-22	2478	2478	2478	2478	2	14	0
2016-03-23	2494	2494	2494	2494	2	14	0
2016-03-25	2499	2514	2499	2514	4	16	0
2016-03-28	2491	2491	2476	2482	6	14	0
2016-03-31	2485	2485	2485	2485	2	12	0
2016-04-05	2500	2510	2492	2507	12	8	0
2016-04-06	2511	2563	2511	2533	12	10	0
2016-04-07	2537	2537	2501	2501	4	12	0
2016-04-08	2503	2506	2503	2506	4	12	0
2016-04-11	2451	2523	2451	2516	12	16	0
2016-04-13	2627	2632	2542	2629	12	18	0
2016-04-18	2671	2677	2671	2671	12	20	0
2016-04-19	2643	2776	2643	2760	72	20	0
2016-04-20	2807	2826	2732	2777	84	18	0
2016-04-21	2871	2871	2855	2855	12	18	0
2016-04-22	2965	2994	2858	2890	124	24	0
2016-04-25	3040	3040	2919	2972	22	24	0
2016-04-26	3004	3017	2994	3017	6	24	0
2016-04-27	2977	3047	2905	2967	14	20	0
2016-04-28	3043	3079	2972	3079	10	20	0
2016-04-29	3002	3065	2833	2833	14	8	0
2016-05-03	2948	2948	2948	2948	2	6	0
2016-05-06	2874	2874	2874	2874	2	6	0
2016-05-11	2818	2859	2699	2792	22	14	0
2016-05-12	2820	2820	2800	2800	6	12	0
2016-05-13	2780	2813	2780	2813	4	12	0
2016-05-16	2761	2873	2761	2821	6	10	0
2016-05-17	2698	2698	2698	2698	2	6	0
2016-05-19	2735	2735	2719	2719	4	4	0
2016-05-31	2669	2727	2669	2727	4	4	0
2016-06-13	2622	2790	2622	2724	30	18	0
2016-06-14	2682	2753	2607	2683	168	34	0
2016-06-15	2662	2724	2638	2691	100	40	0
2016-06-16	2718	2718	2711	2711	4	42	0
2016-06-17	2753	2753	2644	2681	14	40	0
2016-06-20	2716	2716	2691	2691	4	40	0
2016-06-21	2748	2748	2657	2706	6	42	0
2016-06-22	2606	2721	2606	2699	64	42	0
2016-06-23	2680	2709	2680	2692	16	44	0
2016-06-24	2658	2715	2658	2660	16	46	0
2016-06-27	2661	2785	2574	2737	214	54	0
2016-06-28	2740	2803	2740	2753	24	58	0
2016-06-29	2774	2824	2773	2793	12	60	0
2016-06-30	2770	2848	2770	2829	42	42	0
2016-07-01	2820	2848	2820	2842	32	42	0
2016-07-04	2929	2944	2902	2919	86	70	0
2016-07-05	2919	2919	2859	2876	52	78	0
2016-07-06	2801	2826	2801	2826	20	64	0
2016-07-07	2868	2868	2788	2808	30	72	0
2016-07-08	2780	2786	2753	2786	18	66	0
2016-07-11	2777	2841	2777	2809	14	70	0
2016-07-12	2776	2776	2776	2776	2	70	0
2016-07-13	2816	2816	2773	2780	10	70	0
2016-07-18	2841	2841	2775	2776	12	68	0
2016-07-21	2811	2846	2774	2846	10	66	0
2016-07-25	2783	2794	2782	2794	6	62	0
2016-07-29	2872	2872	2808	2808	30	72	0
2016-08-01	2839	2839	2839	2839	6	68	0
2016-08-02	2839	2839	2839	2839	2	68	0
2016-08-03	2842	2890	2805	2823	40	78	0
2016-08-04	2910	2910	2772	2799	66	86	0
2016-08-05	2786	2797	2786	2793	34	98	0
2016-08-08	2808	2808	2808	2808	2	98	0
2016-08-09	2744	2777	2744	2754	16	98	0
2016-08-11	2742	2742	2738	2738	4	98	0
2016-08-12	2751	2759	2751	2758	8	94	0
2016-08-15	2734	2734	2734	2734	2	96	0
2016-08-16	2729	2750	2729	2750	6	96	0
2016-08-17	2747	2747	2745	2745	4	96	0
2016-08-18	2747	2753	2708	2717	72	58	0
2016-08-19	2728	2751	2709	2718	18	52	0
2016-08-22	2719	2719	2718	2718	12	46	0
2016-08-24	2713	2716	2697	2697	38	52	0
2016-08-25	2694	2694	2694	2694	2	52	0
2016-08-26	2693	2693	2684	2690	12	56	0
2016-08-29	2689	2691	2689	2691	6	52	0
2016-08-30	2729	2729	2681	2696	10	52	0
2016-08-31	2698	2705	2698	2705	2	50	0
2016-09-01	2687	2687	2666	2666	14	46	0
2016-09-02	2679	2679	2679	2679	2	46	0
2016-09-05	2679	2679	2642	2672	30	34	0
2016-09-06	2652	2657	2652	2657	4	36	0
2016-09-07	2641	2663	2640	2657	20	34	0
2016-09-08	2626	2626	2626	2626	2	36	0
2016-09-12	2652	2691	2652	2691	14	44	0
2016-09-13	2736	2736	2624	2682	54	36	0
2016-09-14	2671	2671	2671	2671	2	34	0
2016-09-19	2658	2658	2597	2597	32	52	0
2016-09-20	2588	2620	2581	2581	20	54	0
2016-09-21	2610	2610	2596	2596	16	54	0
2016-09-23	2588	2607	2588	2603	18	56	0
2016-09-26	2613	2613	2603	2603	4	56	0
2016-09-28	2615	2628	2603	2603	22	56	0
2016-09-29	2597	2597	2593	2593	6	58	0
2016-09-30	2631	2631	2631	2631	4	58	0
2016-10-11	2662	2662	2601	2616	48	66	0
2016-10-12	2636	2644	2631	2633	14	68	0
2016-10-14	2609	2636	2609	2636	6	70	0
2016-10-17	2633	2641	2612	2617	40	62	0
2016-10-18	2603	2603	2585	2585	6	60	0
2016-10-20	2606	2606	2574	2574	10	60	0
2016-10-21	2636	2636	2577	2587	8	62	0
2016-10-24	2575	2649	2568	2613	96	48	0
2016-10-25	2641	2644	2639	2644	14	42	0
2016-10-26	2682	2682	2639	2677	12	42	0
2016-10-27	2679	2709	2661	2696	44	38	0
2016-10-28	2720	2733	2702	2733	26	38	0
2016-11-01	2729	2732	2685	2711	36	36	0
2016-11-02	2729	2745	2700	2729	64	40	0
2016-11-03	2716	2725	2716	2724	8	34	0
2016-11-04	2728	2728	2723	2723	4	32	0
2016-11-07	2734	2734	2678	2715	14	30	0
2016-11-08	2711	2808	2711	2808	16	42	0
2016-11-09	2760	2807	2759	2804	52	38	0
2016-11-10	2789	2810	2789	2805	20	38	0
2016-11-11	2811	2811	2778	2800	22	38	0
2016-11-14	2826	2826	2754	2763	22	36	0
2016-11-15	2773	2779	2750	2757	36	36	0
2016-11-16	2766	2766	2749	2759	12	36	0
2016-11-17	2757	2757	2757	2757	2	36	0
2016-11-21	2784	2794	2775	2775	28	42	0
2016-11-22	2785	2803	2782	2784	30	44	0
2016-11-23	2783	2783	2770	2781	12	42	0
2016-11-24	2781	2833	2756	2768	130	66	0
2016-11-25	2778	2778	2724	2755	22	62	0
2016-11-28	2715	2741	2715	2741	42	68	0
2016-11-29	2754	2754	2724	2724	14	62	0
2016-12-01	2745	2745	2724	2737	6	60	0
2016-12-02	2730	2742	2730	2742	4	60	0
2016-12-06	2710	2729	2697	2716	24	58	0
2016-12-07	2715	2727	2708	2727	24	72	0
2016-12-08	2714	2731	2714	2724	10	74	0
2016-12-09	2681	2743	2678	2727	36	78	0
2016-12-12	2702	2729	2668	2668	80	98	0
2016-12-13	2654	2674	2642	2666	88	100	0
2016-12-14	2664	2686	2638	2663	62	122	0
2016-12-15	2653	2705	2652	2665	82	124	0
2016-12-16	2675	2718	2672	2673	78	92	0
2016-12-19	2677	2677	2663	2671	22	92	0
2016-12-20	2648	2670	2648	2670	70	78	0
2016-12-21	2655	2672	2655	2669	34	78	0
2016-12-22	2667	2674	2667	2674	14	70	0
2016-12-23	2674	2694	2674	2691	32	62	0
2016-12-26	2693	2698	2661	2664	28	62	0
2016-12-27	2670	2676	2669	2676	8	62	0
2016-12-28	2673	2673	2673	2673	2	62	0
2016-12-29	2674	2674	2663	2663	12	54	0
2016-12-30	2659	2662	2659	2662	4	54	0
2017-01-02	2662	2662	2662	2662	4	54	0
2017-01-03	2666	2676	2665	2676	30	42	0
2017-01-04	2691	2691	2661	2673	64	46	0
2017-01-05	2672	2672	2672	2672	4	46	0
2017-01-06	2681	2681	2681	2681	2	48	0
2017-01-09	2652	2681	2652	2673	14	48	0
2017-01-10	2658	2682	2658	2677	8	46	0
2017-01-17	2692	2692	2672	2672	6	44	0
2017-01-18	2702	2702	2702	2702	2	42	0
2017-01-19	2696	2696	2696	2696	2	44	0
2017-01-20	2688	2701	2688	2699	22	34	0
2017-01-23	2700	2700	2695	2695	24	32	0
2017-01-24	2679	2682	2673	2678	16	36	0
2017-01-25	2675	2675	2652	2652	6	36	0
2017-01-26	2672	2672	2672	2672	4	32	0
2017-02-03	2696	2707	2676	2676	18	20	0
2017-02-06	2694	2701	2694	2701	8	28	0
2017-02-07	2688	2693	2688	2693	8	34	0
2017-02-09	2689	2710	2689	2691	8	36	0
2017-02-10	2704	2713	2689	2704	24	36	0
2017-02-13	2712	2732	2705	2705	18	32	0
2017-02-14	2705	2705	2704	2704	4	32	0
2017-02-15	2697	2710	2697	2702	22	24	0
2017-02-17	2692	2700	2692	2700	4	22	0
2017-02-21	2707	2709	2689	2708	10	24	0
2017-02-22	2740	2740	2706	2714	10	28	0
2017-02-23	2716	2718	2687	2706	30	30	0
2017-02-24	2697	2699	2661	2690	14	34	0
2017-02-27	2699	2713	2686	2709	28	28	0
2017-02-28	2723	2747	2723	2747	16	26	0
2017-03-01	2741	2741	2727	2740	6	26	0
2017-03-02	2731	2731	2731	2731	8	24	0
2017-03-03	2750	2751	2750	2750	6	22	0
2017-03-06	2762	2785	2754	2760	18	26	0
2017-03-07	2758	2769	2758	2769	4	22	0
2017-03-08	2749	2749	2730	2747	20	20	0
2017-03-13	2752	2752	2740	2752	12	20	0
2017-03-14	2748	2757	2748	2757	8	22	0
2017-03-16	2758	2758	2746	2746	4	22	0
2017-03-17	2750	2750	2750	2750	2	20	0
2017-03-20	2736	2736	2736	2736	2	22	0
2017-03-22	2743	2750	2730	2738	10	22	0
2017-03-23	2743	2750	2648	2738	40	22	0
2017-03-24	2699	2710	2694	2704	16	22	0
2017-03-27	2764	2764	2738	2738	6	22	0
2017-03-28	2728	2749	2728	2749	4	20	0
2017-04-05	2749	2749	2724	2724	10	18	0
2017-04-06	2725	2725	2725	2725	4	20	0
2017-04-07	2725	2725	2718	2718	4	24	0
2017-04-10	2723	2723	2701	2701	16	28	0
2017-04-11	2726	2726	2677	2698	10	28	0
2017-04-12	2702	2739	2700	2700	16	24	0
2017-04-13	2711	2711	2711	2711	2	22	0
2017-04-20	2743	2743	2697	2724	8	22	0
2017-04-21	2722	2724	2706	2724	8	20	0
2017-04-28	2718	2749	2718	2738	12	18	0
2017-05-02	2738	2749	2712	2745	12	18	0
2017-05-03	2745	2745	2709	2713	12	20	0
2017-05-08	2690	2690	2680	2680	8	26	0
2017-05-09	2737	2737	2694	2707	20	32	0
2017-05-10	2692	2710	2688	2700	14	30	0
2017-05-11	2699	2703	2690	2695	16	26	0
2017-05-15	2703	2717	2703	2717	10	20	0
2017-05-19	2722	2723	2722	2723	4	18	0
2017-05-22	2722	2726	2719	2719	14	20	0
2017-05-23	2717	2739	2710	2719	28	22	0
2017-05-24	2712	2719	2712	2713	6	26	0
2017-05-25	2711	2718	2711	2718	4	26	0
2017-05-26	2744	2744	2706	2715	14	28	0
2017-05-31	2715	2715	2698	2698	6	30	0
2017-06-01	2708	2737	2708	2708	28	30	0
2017-06-02	2703	2744	2667	2725	32	18	0
2017-06-06	2729	2734	2714	2717	34	18	0
2017-06-07	2721	2735	2721	2735	22	30	0
2017-06-08	2737	2797	2724	2745	36	36	0
2017-06-09	2734	2755	2724	2741	40	34	0
2017-06-12	2735	2744	2709	2709	10	38	0
2017-06-13	2721	2751	2708	2720	22	40	0
2017-06-14	2735	2736	2735	2736	6	34	0
2017-06-16	2734	2734	2726	2729	24	34	0
2017-06-19	2731	2747	2719	2719	24	36	0
2017-06-20	2723	2746	2716	2716	14	36	0
2017-06-21	2709	2715	2708	2715	6	36	0
2017-06-22	2706	2713	2706	2713	4	36	0
2017-06-23	2709	2709	2708	2708	4	36	0
2017-06-26	2705	2711	2705	2711	4	34	0
2017-06-28	2757	2757	2715	2715	12	36	0
2017-06-30	2716	2722	2716	2722	4	34	0
2017-07-03	2712	2773	2712	2742	32	42	0
2017-07-04	2743	2743	2732	2732	16	40	0
2017-07-05	2738	2738	2719	2734	50	44	0
2017-07-06	2709	2742	2709	2730	28	42	0
2017-07-07	2729	2729	2729	2729	2	44	0
2017-07-10	2741	2741	2729	2731	28	48	0
2017-07-11	2735	2737	2733	2734	22	52	0
2017-07-12	2734	2734	2734	2734	2	50	0
2017-07-13	2731	2743	2731	2739	12	48	0
2017-07-14	2737	2746	2737	2742	26	64	0
2017-07-17	2734	2740	2734	2740	8	66	0
2017-07-18	2744	2744	2727	2734	14	66	0
2017-07-19	2733	2737	2733	2735	14	62	0
2017-07-20	2733	2747	2733	2747	30	52	0
2017-07-21	2741	2751	2735	2736	22	44	0
2017-07-24	2739	2739	2739	2739	2	42	0
2017-07-25	2741	2741	2741	2741	2	40	0
2017-07-26	2740	2745	2734	2744	18	44	0
2017-07-27	2739	2739	2735	2735	16	44	0
2017-07-28	2737	2738	2737	2738	4	40	0
2017-08-01	2736	2740	2736	2736	10	42	0
2017-08-02	2739	2751	2739	2745	22	40	0
2017-08-03	2748	2756	2740	2756	18	44	0
2017-08-04	2759	2767	2753	2764	14	50	0
2017-08-07	2763	2763	2763	2763	2	50	0
2017-08-08	2749	2760	2731	2731	30	48	0
2017-08-09	2737	2741	2727	2741	10	48	0
2017-08-10	2732	2732	2730	2730	4	44	0
2017-08-11	2731	2732	2731	2732	2	42	0
2017-08-14	2742	2749	2730	2730	14	42	0
2017-08-18	2732	2732	2732	2732	4	42	0
2017-08-22	2707	2739	2707	2732	10	40	0
2017-08-23	2707	2717	2707	2710	14	38	0
2017-08-24	2710	2710	2710	2710	2	38	0
2017-08-30	2671	2671	2671	2671	2	38	0
2017-08-31	2668	2695	2581	2670	36	30	0
2017-09-01	2703	2703	2703	2703	6	26	0
2017-09-04	2854	2854	2709	2709	20	6	0
2017-09-15	2746	2746	2682	2682	4	4	0
2017-09-18	2776	2790	2663	2729	22	8	0
2017-09-19	2738	2794	2704	2794	12	12	0
2017-09-20	2714	2765	2714	2734	10	10	0
2017-09-21	2801	2809	2743	2749	28	10	0
2017-09-22	2772	2787	2772	2787	10	16	0
2017-09-25	2770	2809	2770	2774	10	14	0
2017-09-26	2753	2802	2749	2752	78	16	0
2017-09-27	2796	2796	2773	2773	6	12	0
2017-09-28	2721	2749	2717	2749	6	10	0
2017-09-29	2861	2861	2732	2750	8	10	0
2017-10-09	2598	2817	2598	2758	6	10	0
2017-10-13	2779	2779	2674	2757	10	8	0
2017-10-18	2711	2739	2709	2716	10	8	0
2017-10-19	2708	2708	2708	2708	2	8	0
2017-10-23	2663	2697	2663	2697	8	8	0
2017-10-26	2695	2695	2695	2695	2	6	0
2017-10-27	2712	2727	2712	2727	4	4	0
2017-10-30	2743	2743	2743	2743	2	4	0
2017-11-01	2760	2760	2752	2752	4	4	0
2017-11-02	2777	2777	2777	2777	2	4	0
2017-11-08	2853	2853	2853	2853	2	6	0
2017-11-09	2826	2826	2826	2826	2	6	0
2017-11-10	2776	2776	2750	2774	8	4	0
2017-11-14	2794	2794	2727	2741	10	4	0
2017-11-22	2833	2851	2745	2759	50	6	0
2017-11-30	2763	2763	2763	2763	2	4	0
2017-12-13	2828	2828	2744	2744	4	4	0
2017-12-22	2843	2843	2777	2777	6	4	0
2017-12-26	2727	2769	2727	2769	2	2	0
2018-01-25	2658	2867	2658	2806	28	2	0
2018-02-26	2869	2869	2823	2823	4	4	0
2018-03-01	2788	2792	2788	2792	2	2	0
2018-03-21	2900	2900	2835	2835	4	4	0
2018-03-28	2808	2818	2808	2818	10	10	0
2018-03-29	2807	2807	2699	2743	20	14	0
2018-03-30	2718	2740	2701	2740	8	14	0
2018-04-02	2753	2753	2750	2750	6	10	0
2018-04-03	2763	2778	2763	2778	10	8	0
2018-04-11	2722	2722	2722	2722	2	6	0
2018-04-27	2665	2702	2641	2702	8	6	0
2018-05-16	2690	2692	2618	2675	36	30	0
2018-05-17	2633	2664	2613	2661	12	34	0
2018-05-18	2644	2644	2644	2644	2	32	0
2018-05-22	2646	2646	2646	2646	4	28	0
2018-05-23	2727	2727	2610	2679	40	26	0
2018-05-24	2641	2649	2633	2633	10	28	0
2018-05-25	2635	2645	2635	2645	18	22	0
2018-05-28	2581	2598	2581	2598	6	22	0
2018-05-29	2550	2574	2550	2560	8	22	0
2018-05-31	2462	2462	2462	2462	2	22	0
2018-06-01	2422	2422	2422	2422	2	22	0
2018-06-04	2512	2513	2425	2425	22	30	0
2018-06-06	2522	2522	2522	2522	6	30	0
2018-06-07	2500	2532	2476	2490	38	66	0
2018-06-08	2469	2473	2420	2473	26	56	0
2018-06-11	2449	2450	2447	2448	14	60	0
2018-06-12	2465	2512	2440	2512	8	64	0
2018-06-15	2464	2553	2431	2553	22	68	0
2018-06-19	2518	2544	2461	2544	26	68	0
2018-06-20	2425	2517	2425	2514	14	76	0
2018-06-21	2457	2526	2457	2526	8	80	0
2018-06-22	2471	2524	2471	2521	14	76	0
2018-06-25	2519	2519	2471	2500	48	96	0
2018-06-26	2510	2510	2510	2510	2	98	0
2018-06-27	2519	2529	2519	2529	4	102	0
2018-06-28	2535	2535	2462	2479	34	106	0
2018-07-02	2474	2476	2474	2476	4	104	0
2018-07-03	2465	2465	2465	2465	2	102	0
2018-07-04	2458	2512	2458	2512	10	100	0
2018-07-05	2483	2483	2483	2483	2	98	0
2018-07-06	2480	2511	2480	2508	8	100	0
2018-07-09	2529	2529	2480	2519	14	106	0
2018-07-10	2489	2491	2480	2480	14	104	0
2018-07-11	2503	2503	2491	2495	10	106	0
2018-07-12	2488	2492	2488	2492	4	104	0
2018-07-13	2501	2501	2501	2501	2	106	0
2018-07-16	2515	2515	2485	2514	16	104	0
2018-07-17	2515	2528	2502	2521	44	126	0
2018-07-18	2506	2617	2492	2592	636	316	0
2018-07-19	2613	2613	2558	2581	840	396	0
2018-07-20	2590	2688	2565	2688	3824	1646	0
2018-07-23	2734	2737	2611	2611	7872	1748	0
2018-07-24	2605	2645	2575	2575	6136	2116	0
2018-07-25	2584	2593	2550	2586	5150	1348	0
2018-07-26	2589	2606	2568	2575	3112	1546	0
2018-07-27	2583	2583	2540	2542	3480	1456	0
2018-07-30	2554	2556	2470	2486	2110	1384	0
2018-07-31	2476	2512	2452	2489	2702	1456	0
2018-08-01	2491	2519	2488	2508	2074	1342	0
2018-08-02	2499	2526	2499	2512	1544	1226	0
2018-08-03	2526	2549	2506	2525	1862	1208	0
2018-08-06	2553	2629	2425	2594	8656	2234	0
2018-08-07	2615	2618	2563	2568	5092	1718	0
2018-08-08	2569	2586	2555	2566	2064	1684	0
2018-08-09	2570	2599	2538	2572	2506	1836	0
2018-08-10	2578	2584	2554	2555	1318	1658	0
2018-08-13	2540	2556	2531	2533	838	1574	0
2018-08-14	2543	2550	2507	2509	870	1338	0
2018-08-15	2519	2552	2506	2508	956	1274	0
2018-08-16	2483	2515	2483	2503	730	1088	0
2018-08-17	2506	2515	2491	2509	364	1002	0
2018-08-20	2500	2513	2497	2512	374	994	0
2018-08-21	2506	2506	2498	2498	392	982	0
2018-08-22	2498	2559	2498	2516	1952	1160	0
2018-08-23	2518	2526	2499	2506	548	1116	0
2018-08-24	2510	2527	2502	2512	310	1088	0
2018-08-27	2517	2525	2503	2523	466	1012	0
2018-08-28	2530	2536	2516	2521	368	998	0
2018-08-29	2515	2526	2503	2524	232	902	0
2018-08-30	2526	2529	2512	2512	146	866	0
2018-08-31	2517	2529	2508	2516	206	756	0
2018-09-03	2514	2520	2514	2516	118	714	0
2018-09-04	2514	2517	2510	2512	56	678	0
2018-09-05	2511	2515	2505	2506	64	650	0
2018-09-06	2506	2509	2467	2486	256	566	0
2018-09-07	2497	2528	2497	2506	80	552	0
2018-09-10	2524	2524	2499	2499	36	552	0
2018-09-11	2491	2511	2482	2510	62	510	0
2018-09-12	2539	2539	2504	2513	212	558	0
2018-09-13	2500	2503	2471	2471	128	604	0
2018-09-14	2493	2493	2464	2464	144	546	0
2018-09-17	2446	2468	2408	2413	614	690	0
2018-09-18	2411	2417	2400	2405	274	726	0
2018-09-19	2392	2408	2370	2370	182	690	0
2018-09-20	2380	2382	2354	2369	166	662	0
2018-09-21	2358	2374	2347	2349	252	718	0
2018-09-25	2349	2358	2346	2352	212	712	0
2018-09-26	2349	2377	2348	2376	186	658	0
2018-09-27	2368	2381	2352	2360	162	608	0
2018-09-28	2371	2371	2359	2359	148	512	0
2018-10-08	2379	2379	2350	2359	80	492	0
2018-10-09	2369	2381	2359	2368	140	476	0
2018-10-10	2376	2383	2370	2370	92	482	0
2018-10-11	2348	2373	2348	2366	124	426	0
2018-10-12	2378	2388	2363	2372	186	416	0
2018-10-15	2370	2386	2369	2371	80	392	0
2018-10-16	2367	2367	2324	2333	244	328	0
2018-10-17	2316	2390	2316	2366	102	298	0
2018-10-18	2355	2359	2347	2347	26	294	0
2018-10-19	2344	2364	2344	2351	50	294	0
2018-10-22	2343	2343	2326	2330	36	284	0
2018-10-23	2335	2337	2315	2315	54	268	0
2018-10-24	2309	2318	2263	2263	76	260	0
2018-10-25	2254	2264	2203	2215	140	252	0
2018-10-26	2185	2314	2185	2312	346	278	0
2018-10-29	2369	2402	2336	2379	440	284	0
2018-10-30	2355	2380	2322	2346	304	246	0
2018-10-31	2323	2343	2255	2300	106	212	0
2018-11-01	2285	2385	2285	2384	18	214	0
2018-11-02	2310	2310	2250	2250	6	216	0
2018-11-08	2460	2460	2460	2460	2	218	0
2018-11-12	2440	2440	2440	2440	2	218	0
2018-11-13	2440	2440	2440	2440	2	218	0
2018-11-16	2430	2430	2430	2430	2	2	0
2019-01-25	2390	2411	2390	2411	28	20	0
2019-02-27	2383	2425	2383	2400	6	22	0
2019-02-28	2383	2387	2383	2387	2	20	0
2019-03-01	2317	2329	2317	2329	4	22	0
2019-03-07	2245	2250	2245	2250	2	20	0
2019-03-12	2318	2334	2318	2325	6	22	0
2019-03-13	2289	2326	2289	2326	8	22	0
2019-03-14	2323	2335	2323	2335	2	20	0
2019-04-23	2328	2341	2328	2341	4	20	0
2019-05-20	2247	2288	2247	2279	90	88	0
2019-05-21	2285	2285	2262	2264	178	194	0
2019-05-22	2274	2277	2258	2263	62	194	0
2019-05-23	2240	2291	2240	2276	150	208	0
2019-05-24	2269	2285	2268	2285	42	218	0
2019-05-27	2317	2317	2317	2317	96	232	0
2019-05-28	2320	2320	2300	2311	66	242	0
2019-05-29	2326	2338	2323	2333	106	270	0
2019-05-30	2296	2338	2296	2338	42	268	0
2019-05-31	2338	2340	2300	2325	48	266	0
2019-06-03	2322	2323	2314	2314	24	266	0
2019-06-04	2311	2330	2311	2326	32	266	0
2019-06-05	2325	2325	2316	2317	32	266	0
2019-06-06	2314	2317	2313	2316	30	268	0
2019-06-10	2307	2408	2307	2408	568	464	0
2019-06-11	2431	2475	2384	2405	1176	378	0
2019-06-12	2407	2414	2366	2385	382	330	0
2019-06-13	2391	2391	2369	2371	58	310	0
2019-06-14	2386	2386	2366	2366	34	304	0
2019-06-17	2382	2382	2354	2354	32	290	0
2019-06-18	2360	2360	2360	2360	2	290	0
2019-06-19	2379	2379	2340	2341	40	276	0
2019-06-20	2336	2340	2336	2336	22	264	0
2019-06-21	2336	2336	2326	2326	20	258	0
2019-06-24	2326	2326	2326	2326	24	256	0
2019-06-25	2317	2345	2317	2328	56	256	0
2019-06-26	2317	2341	2317	2319	86	262	0
2019-06-27	2336	2336	2316	2316	30	250	0
2019-06-28	2370	2370	2321	2335	14	250	0
2019-07-01	2313	2313	2313	2313	6	250	0
2019-07-02	2309	2311	2309	2311	8	250	0
2019-07-03	2290	2321	2251	2299	66	224	0
2019-07-04	2290	2328	2290	2321	18	224	0
2019-07-05	2321	2321	2310	2310	14	224	0
2019-07-09	2307	2310	2306	2306	14	224	0
2019-07-10	2310	2311	2305	2305	16	224	0
2019-07-11	2305	2310	2305	2308	6	226	0
2019-07-12	2310	2335	2308	2335	102	226	0
2019-07-15	2340	2361	2329	2346	38	232	0
2019-07-16	2331	2336	2331	2336	18	226	0
2019-07-17	2363	2363	2326	2355	8	226	0
2019-07-18	2327	2352	2327	2336	8	226	0
2019-07-19	2352	2352	2331	2340	24	214	0
2019-07-22	2332	2395	2332	2387	106	250	0
2019-07-23	2381	2396	2363	2375	114	226	0
2019-07-24	2367	2416	2366	2400	86	238	0
2019-07-25	2372	2413	2362	2396	82	248	0
2019-07-26	2384	2395	2384	2395	58	214	0
2019-07-30	2395	2405	2395	2405	16	204	0
2019-07-31	2438	2438	2387	2408	64	200	0
2019-08-01	2405	2429	2405	2425	90	184	0
2019-08-02	2429	2433	2403	2424	26	178	0
2019-08-05	2405	2518	2333	2423	278	120	0
2019-08-07	2420	2420	2396	2405	12	118	0
2019-08-08	2429	2501	2429	2501	252	146	0
2019-08-09	2523	2553	2522	2553	80	118	0
2019-08-12	2531	2620	2531	2602	80	102	0
2019-08-13	2610	2632	2578	2620	22	102	0
2019-08-14	2616	2618	2540	2611	50	98	0
2019-08-15	2615	2615	2587	2587	8	94	0
2019-08-16	2650	2659	2578	2618	62	90	0
2019-08-19	2586	2602	2574	2589	18	90	0
2019-08-20	2566	2588	2566	2582	28	84	0
2019-08-21	2610	2610	2610	2610	2	82	0
2019-08-22	2577	2577	2572	2572	6	82	0
2019-08-26	2574	2653	2574	2636	78	10	0
2019-08-27	2639	2639	2563	2619	12	8	0
2019-08-28	2535	2536	2535	2536	10	8	0
2019-08-29	2619	2619	2619	2619	2	6	0
2019-08-30	2619	2619	2616	2616	6	2	0
2019-09-02	2723	2723	2723	2723	2	2	0
2019-11-18	2654	2666	2654	2666	10	4	0
2019-11-19	2788	2788	2645	2645	22	12	0
2019-11-20	2595	2678	2581	2600	44	20	0
2019-11-21	2660	2660	2580	2620	32	18	0
2019-11-22	2613	2613	2579	2600	36	8	0
2019-11-26	2614	2653	2530	2577	16	6	0
2019-12-02	2550	2638	2550	2630	6	8	0
2019-12-04	2651	2651	2645	2645	6	8	0
2019-12-11	2590	2590	2590	2590	2	6	0
2019-12-12	2646	2646	2641	2641	6	6	0
2019-12-20	2660	2660	2660	2660	2	6	0
2019-12-23	2591	2661	2591	2660	16	8	0
2019-12-26	2600	2666	2600	2666	10	2	0
2020-02-17	2746	2746	2650	2746	19	10	0
2020-02-18	2668	2668	2668	2668	102	31	0
2020-02-19	2614	2638	2607	2610	25	35	0
2020-02-20	2597	2671	2592	2641	28	38	0
2020-02-21	2559	2644	2559	2644	19	39	0
2020-02-24	2623	2654	2565	2610	40	42	0
2020-02-25	2601	2601	2588	2588	3	41	0
2020-02-26	2563	2563	2563	2563	1	41	0
2020-02-27	2472	2587	2472	2575	11	40	0
2020-02-28	2630	2642	2559	2620	84	38	0
2020-03-02	2620	2637	2558	2608	29	42	0
2020-03-03	2608	2615	2575	2585	5	42	0
2020-03-04	2616	2616	2581	2590	7	40	0
2020-03-05	2608	2677	2583	2634	30	38	0
2020-03-06	2635	2659	2619	2659	9	38	0
2020-03-09	2685	2685	2610	2621	18	38	0
2020-03-10	2630	2666	2627	2655	17	38	0
2020-03-11	2538	2714	2538	2634	19	39	0
2020-03-12	2614	2626	2585	2585	4	37	0
2020-03-13	2636	2636	2636	2636	1	36	0
2020-03-16	2619	2624	2611	2619	5	34	0
2020-03-17	2607	2624	2605	2612	17	25	0
2020-03-18	2622	2622	2622	2622	10	26	0
2020-03-19	2613	2623	2594	2623	3	25	0
2020-03-20	2615	2615	2615	2615	3	25	0
2020-03-23	2616	2627	2593	2615	10	21	0
2020-03-24	2648	2648	2610	2613	7	18	0
2020-03-25	2615	2615	2615	2615	1	18	0
2020-03-26	2636	2671	2622	2671	4	18	0
2020-03-27	2701	2702	2630	2635	29	31	0
2020-03-30	2728	2728	2648	2702	73	45	0
2020-03-31	2680	2705	2679	2686	20	45	0
2020-04-01	2587	2682	2587	2681	29	43	0
2020-04-02	2660	2692	2660	2669	15	43	0
2020-04-03	2658	2670	2644	2657	25	35	0
2020-04-07	2685	2688	2645	2677	22	36	0
2020-04-08	2672	2742	2672	2713	59	50	0
2020-04-09	2662	2746	2617	2708	79	39	0
2020-04-10	2691	2773	2691	2708	60	44	0
2020-04-14	2630	2643	2606	2610	140	106	0
2020-04-15	2610	2616	2554	2555	57	120	0
2020-04-16	2552	2576	2545	2570	23	121	0
2020-04-17	2561	2570	2561	2566	13	119	0
2020-04-20	2560	2592	2559	2572	58	119	0
2020-04-21	2559	2587	2550	2582	45	91	0
2020-04-22	2593	2611	2560	2574	100	31	0
2020-04-23	2571	2618	2541	2618	22	31	0
2020-04-24	2570	2579	2570	2579	5	32	0
2020-04-27	2542	2609	2542	2562	8	31	0
2020-04-28	2588	2608	2588	2598	23	20	0
2020-04-29	2601	2618	2589	2601	17	16	0
2020-05-06	2590	2590	2590	2590	1	16	0
2020-05-11	2626	2626	2591	2615	3	15	0
2020-05-21	2650	2650	2570	2625	5	15	0
2020-05-22	2581	2581	2581	2581	1	15	0
2020-06-01	2550	2570	2550	2570	2	16	0
2020-06-02	2640	2640	2591	2605	16	20	0
2020-06-03	2623	2625	2623	2623	8	23	0
2020-06-04	2630	2641	2612	2617	7	27	0
2020-06-05	2605	2613	2605	2613	2	28	0
2020-06-08	2611	2611	2611	2611	2	26	0
2020-06-09	2580	2584	2573	2584	9	26	0
2020-06-10	2584	2584	2584	2584	2	24	0
2020-06-12	2573	2573	2570	2570	6	24	0
2020-06-15	2568	2568	2568	2568	1	23	0
2020-06-17	2560	2560	2555	2555	2	25	0
2020-06-18	2554	2554	2554	2554	2	26	0
2020-06-19	2615	2615	2550	2594	18	15	0
2020-06-22	2596	2596	2596	2596	1	15	0
2020-06-24	2562	2604	2535	2604	3	14	0
2020-06-30	2587	2587	2587	2587	1	13	0
2020-07-02	2588	2588	2588	2588	1	13	0
2020-07-08	2541	2606	2541	2596	8	16	0
2020-07-09	2607	2627	2605	2614	10	18	0
2020-07-10	2636	2636	2592	2592	9	20	0
2020-07-13	2632	2650	2552	2635	22	28	0
2020-07-14	2634	2655	2594	2622	34	28	0
2020-07-15	2606	2654	2600	2640	30	29	0
2020-07-16	2628	2646	2625	2629	13	25	0
2020-07-17	2637	2637	2617	2617	3	25	0
2020-07-20	2646	2646	2615	2643	5	24	0
2020-07-21	2612	2612	2612	2612	2	23	0
2020-07-23	2627	2627	2627	2627	1	23	0
2020-07-24	2616	2616	2616	2616	1	22	0
2020-07-30	2590	2632	2590	2631	5	21	0
2020-08-03	2647	2653	2591	2637	28	21	0
2020-08-05	2625	2626	2625	2625	4	21	0
2020-08-06	2616	2616	2610	2610	2	19	0
2020-08-10	2609	2613	2542	2589	9	17	0
2020-08-12	2596	2596	2596	2596	4	13	0
2020-08-13	2604	2686	2604	2660	4	12	0
2020-08-14	2634	2634	2634	2634	1	11	0
2020-08-17	2567	2629	2567	2629	2	11	0
2020-08-21	2612	2612	2610	2610	3	8	0
2020-08-25	2613	2613	2611	2611	2	6	0
2020-08-26	2604	2604	2582	2582	4	2	0
2020-08-27	2642	2683	2599	2619	5	2	0
2020-08-28	2619	2619	2619	2619	2	2	0
2020-08-31	2646	2660	2646	2660	2	3	0
2020-09-08	2772	2772	2638	2638	2	2	0
2020-09-11	2776	2776	2650	2650	1	1	0
2020-10-12	2656	2656	2656	2656	1	1	0
2021-08-24	2500	2555	2500	2555	8	2	0
2021-08-25	2509	2615	2509	2547	4	2	0
2021-09-02	2639	2682	2550	2564	9	2	0
2021-09-03	2565	2665	2565	2614	10	2	0
2021-09-07	2602	2660	2593	2593	3	1	0
2021-09-08	2603	2603	2603	2603	1	2	0
2021-09-09	2648	2734	2648	2664	35	6	0
2021-09-10	2674	2674	2674	2674	1	5	0
2021-09-13	2652	2652	2652	2652	1	5	0
2021-09-14	2654	2654	2654	2654	1	5	0
2021-09-15	2624	2687	2624	2681	13	1	0
2021-09-22	2701	2701	2701	2701	4	4	0
2021-09-23	2694	2772	2694	2731	13	4	0
2021-09-24	2678	2754	2678	2754	7	3	0
2021-09-27	2735	2758	2661	2752	25	5	0
2021-09-28	2748	2748	2747	2747	3	2	0
2021-10-12	2705	2715	2660	2715	5	2	0
2021-10-13	2792	2792	2661	2661	2	2	0
2021-10-14	2631	2786	2631	2744	13	3	0
2021-10-15	2741	2741	2741	2741	1	2	0
2021-10-18	2681	2681	2681	2681	1	2	0
2021-10-22	2659	2752	2659	2719	5	2	0
2021-11-03	2759	2844	2681	2844	20	9	0
2021-11-04	2844	2898	2773	2787	52	7	0
2021-11-05	2763	2850	2763	2834	6	5	0
2021-11-08	2793	2862	2793	2818	6	5	0
2021-11-09	2815	2815	2815	2815	1	4	0
2021-11-10	2874	2874	2840	2844	3	4	0
2021-11-12	2800	2800	2752	2752	8	4	0
2021-11-15	2741	2787	2741	2745	8	4	0
2021-11-16	2709	2784	2683	2774	9	2	0
2021-11-17	2763	2763	2763	2763	1	2	0
2021-12-02	2801	2801	2801	2801	1	1	0
2022-01-12	2688	2798	2688	2737	8	1	0
2022-01-13	2701	2701	2701	2701	1	2	0
2022-01-14	2783	2783	2672	2736	7	3	0
2022-01-18	2759	2767	2751	2751	4	3	0
2022-01-20	2796	2796	2767	2767	2	3	0
2022-01-21	2761	2774	2751	2774	6	3	0
2022-01-24	2896	2896	2807	2834	56	7	0
2022-01-25	2819	2865	2799	2852	16	8	0
2022-01-26	2823	2823	2823	2823	1	7	0
2022-01-27	2841	2854	2830	2830	11	3	0
2022-02-08	2850	2850	2849	2849	3	3	0
2022-02-10	2840	2840	2840	2840	1	2	0
2022-03-08	2861	2931	2861	2866	3	1	0
2022-03-14	2982	2982	2982	2982	38	3	0
2022-03-15	2886	2980	2886	2954	16	5	0
2022-05-09	2850	3019	2850	3001	8	3	0
数据来源:通达信
