RRL9 粳米指数 日线 前复权
      日期	    开盘	    最高	    最低	    收盘	    成交量	    持仓量	    结算价
2019-08-19	3675	3687	3657	3665	53886	30450	0
2019-08-20	3669	3669	3647	3653	22224	29012	0
2019-08-21	3655	3664	3653	3657	15816	26460	0
2019-08-22	3660	3660	3608	3623	23912	26688	0
2019-08-23	3622	3629	3616	3624	7386	25722	0
2019-08-26	3629	3651	3616	3623	13784	26336	0
2019-08-27	3623	3637	3622	3629	7170	25974	0
2019-08-28	3628	3628	3615	3617	7130	28248	0
2019-08-29	3614	3625	3609	3614	7546	29050	0
2019-08-30	3614	3631	3604	3612	11460	30214	0
2019-09-02	3614	3625	3611	3614	8218	30652	0
2019-09-03	3611	3618	3604	3611	5516	30654	0
2019-09-04	3610	3626	3595	3617	14772	31924	0
2019-09-05	3621	3622	3609	3611	7764	31534	0
2019-09-06	3611	3697	3610	3648	62618	38872	0
2019-09-09	3623	3661	3620	3649	18070	39234	0
2019-09-10	3650	3657	3635	3641	6850	39208	0
2019-09-11	3649	3649	3621	3626	7172	38172	0
2019-09-12	3630	3631	3618	3620	4306	37378	0
2019-09-16	3625	3639	3620	3628	5158	37650	0
2019-09-17	3630	3670	3628	3658	12564	38510	0
2019-09-18	3646	3663	3643	3654	11874	37560	0
2019-09-19	3651	3660	3649	3655	4924	36316	0
2019-09-20	3658	3675	3632	3651	11800	34708	0
2019-09-23	3654	3661	3645	3652	5114	33930	0
2019-09-24	3646	3658	3639	3654	3170	33358	0
2019-09-25	3647	3651	3630	3638	4044	32594	0
2019-09-26	3653	3660	3637	3645	3660	32560	0
2019-09-27	3632	3640	3623	3626	4366	30636	0
2019-09-30	3631	3631	3618	3620	2238	29688	0
2019-10-08	3616	3626	3610	3621	1510	29322	0
2019-10-09	3630	3635	3623	3626	1906	28940	0
2019-10-10	3624	3630	3623	3628	976	28938	0
2019-10-11	3629	3629	3619	3621	1270	28980	0
2019-10-14	3623	3626	3612	3621	1992	28374	0
2019-10-15	3615	3626	3613	3613	1130	28498	0
2019-10-16	3621	3621	3611	3616	1376	28070	0
2019-10-17	3620	3620	3609	3616	922	28034	0
2019-10-18	3612	3617	3611	3615	1418	27812	0
2019-10-21	3613	3619	3606	3606	1188	27426	0
2019-10-22	3601	3611	3590	3596	6776	23826	0
2019-10-23	3593	3603	3588	3594	1462	23636	0
2019-10-24	3606	3606	3589	3598	932	23572	0
2019-10-25	3595	3601	3589	3593	914	23256	0
2019-10-28	3593	3600	3593	3594	812	23062	0
2019-10-29	3594	3598	3590	3596	1040	22910	0
2019-10-30	3597	3597	3592	3596	924	22804	0
2019-10-31	3595	3618	3594	3602	3104	22386	0
2019-11-01	3601	3603	3595	3597	890	22326	0
2019-11-04	3597	3602	3597	3597	1072	22248	0
2019-11-05	3599	3604	3577	3590	5484	20350	0
2019-11-06	3590	3594	3585	3593	1696	19130	0
2019-11-07	3591	3593	3586	3590	1006	18840	0
2019-11-08	3592	3595	3583	3584	1638	18378	0
2019-11-11	3585	3589	3577	3577	796	18350	0
2019-11-12	3580	3584	3577	3578	328	18302	0
2019-11-13	3580	3585	3579	3580	392	18196	0
2019-11-14	3578	3583	3577	3581	332	18180	0
2019-11-15	3581	3590	3577	3579	1356	18082	0
2019-11-18	3579	3588	3579	3584	1090	17700	0
2019-11-19	3575	3591	3575	3581	1538	17230	0
2019-11-20	3574	3582	3574	3581	692	17136	0
2019-11-21	3580	3580	3568	3573	1436	17274	0
2019-11-22	3575	3575	3568	3568	672	17322	0
2019-11-25	3571	3573	3566	3569	1010	17514	0
2019-11-26	3570	3577	3566	3568	1064	17456	0
2019-11-27	3567	3569	3558	3559	1082	17824	0
2019-11-28	3558	3561	3538	3538	2270	17732	0
2019-11-29	3547	3549	3536	3548	1286	17344	0
2019-12-02	3543	3549	3520	3525	2460	17298	0
2019-12-03	3521	3525	3498	3502	1980	17334	0
2019-12-04	3506	3506	3446	3450	6906	18234	0
2019-12-05	3452	3460	3433	3436	6790	19418	0
2019-12-06	3439	3455	3433	3448	3758	18562	0
2019-12-09	3445	3456	3439	3439	2514	18082	0
2019-12-10	3427	3450	3414	3440	3546	18820	0
2019-12-11	3440	3440	3421	3431	1612	18792	0
2019-12-12	3432	3434	3424	3426	1184	18614	0
2019-12-13	3428	3432	3417	3424	1456	18430	0
2019-12-16	3421	3443	3420	3437	2948	17866	0
2019-12-17	3433	3435	3426	3426	1816	17494	0
2019-12-18	3429	3430	3406	3406	2102	17334	0
2019-12-19	3406	3406	3386	3388	5542	16942	0
2019-12-20	3396	3396	3345	3354	11966	18024	0
2019-12-23	3355	3383	3339	3374	7492	17888	0
2019-12-24	3374	3379	3366	3377	3098	17216	0
2019-12-25	3279	3364	3270	3350	30356	19426	0
2019-12-26	3344	3362	3335	3356	5674	19206	0
2019-12-27	3365	3368	3349	3358	5172	18600	0
2019-12-30	3355	3362	3348	3358	3646	18168	0
2019-12-31	3351	3355	3309	3340	6588	17474	0
2020-01-02	3341	3348	3328	3333	1213	8698	0
2020-01-03	3352	3368	3340	3347	1299	8025	0
2020-01-06	3351	3354	3325	3326	1313	8337	0
2020-01-07	3330	3339	3320	3338	1402	8569	0
2020-01-08	3343	3361	3338	3348	1977	8599	0
2020-01-09	3346	3356	3338	3338	1446	8770	0
2020-01-10	3352	3354	3341	3347	822	8753	0
2020-01-13	3349	3360	3341	3359	1491	8820	0
2020-01-14	3358	3370	3351	3360	1521	8905	0
2020-01-15	3359	3364	3340	3341	1320	8952	0
2020-01-16	3341	3351	3340	3347	903	9138	0
2020-01-17	3346	3358	3337	3338	1690	9278	0
2020-01-20	3342	3354	3334	3339	1197	9111	0
2020-01-21	3338	3347	3338	3339	629	8983	0
2020-01-22	3338	3339	3323	3325	1140	8777	0
2020-01-23	3321	3333	3317	3326	954	8624	0
2020-02-03	3323	3402	3282	3367	8477	8816	0
2020-02-04	3384	3394	3361	3381	5154	8619	0
2020-02-05	3383	3393	3357	3381	3698	8738	0
2020-02-06	3382	3400	3376	3396	3970	8823	0
2020-02-07	3410	3423	3393	3411	6104	9853	0
2020-02-10	3415	3421	3365	3404	3075	9877	0
2020-02-11	3407	3413	3384	3388	1747	9866	0
2020-02-12	3385	3403	3385	3390	1693	9859	0
2020-02-13	3393	3402	3389	3393	1881	10205	0
2020-02-14	3400	3401	3352	3377	3059	9345	0
2020-02-17	3382	3501	3382	3499	33799	17791	0
2020-02-18	3465	3478	3435	3438	20025	15655	0
2020-02-19	3446	3464	3442	3446	6020	15253	0
2020-02-20	3433	3446	3428	3433	5017	14972	0
2020-02-21	3438	3447	3428	3430	3069	14865	0
2020-02-24	3430	3517	3430	3454	15705	15327	0
2020-02-25	3452	3461	3428	3447	4464	15229	0
2020-02-26	3451	3472	3434	3443	6438	15696	0
2020-02-27	3453	3453	3434	3434	2948	15252	0
2020-02-28	3436	3437	3402	3407	6004	13573	0
2020-03-02	3410	3442	3390	3426	4923	13930	0
2020-03-03	3429	3446	3423	3431	3732	14124	0
2020-03-04	3433	3450	3423	3427	4608	14563	0
2020-03-05	3437	3440	3425	3434	2322	14323	0
2020-03-06	3438	3446	3429	3431	3251	14411	0
2020-03-09	3428	3428	3373	3392	5257	13247	0
2020-03-10	3406	3407	3380	3390	2041	13152	0
2020-03-11	3394	3394	3372	3374	2333	13050	0
2020-03-12	3365	3370	3349	3362	2408	12300	0
2020-03-13	3357	3360	3339	3344	2452	11829	0
2020-03-16	3345	3361	3340	3341	1897	11793	0
2020-03-17	3350	3350	3316	3341	3431	11238	0
2020-03-18	3334	3358	3324	3341	2395	10649	0
2020-03-19	3341	3353	3319	3348	3031	9912	0
2020-03-20	3345	3358	3335	3352	1835	9781	0
2020-03-23	3360	3428	3352	3413	8418	10078	0
2020-03-24	3398	3435	3384	3397	3342	9868	0
2020-03-25	3399	3433	3399	3427	2995	10217	0
2020-03-26	3428	3517	3426	3508	13967	13075	0
2020-03-27	3514	3557	3473	3497	13623	14163	0
2020-03-30	3527	3636	3515	3623	26216	19227	0
2020-03-31	3616	3628	3570	3583	18385	21796	0
2020-04-01	3583	3595	3511	3525	19450	21551	0
2020-04-02	3529	3577	3484	3544	20741	22239	0
2020-04-03	3553	3578	3521	3540	11286	22921	0
2020-04-07	3549	3574	3518	3564	13583	24385	0
2020-04-08	3551	3561	3528	3532	9785	24457	0
2020-04-09	3538	3542	3524	3528	6510	24216	0
2020-04-10	3529	3561	3512	3531	10614	23839	0
2020-04-13	3518	3518	3457	3462	17969	27355	0
2020-04-14	3472	3472	3446	3461	7306	27742	0
2020-04-15	3473	3479	3452	3458	7185	27851	0
2020-04-16	3465	3475	3452	3462	5939	27441	0
2020-04-17	3461	3476	3447	3449	6057	27515	0
2020-04-20	3459	3490	3452	3474	10859	28603	0
2020-04-21	3476	3480	3423	3463	9437	27939	0
2020-04-22	3478	3484	3449	3468	9050	28578	0
2020-04-23	3474	3501	3471	3495	11720	30051	0
2020-04-24	3498	3509	3474	3477	12067	31845	0
2020-04-27	3485	3485	3434	3446	10577	32605	0
2020-04-28	3448	3450	3428	3431	6807	31601	0
2020-04-29	3426	3443	3418	3429	6366	30755	0
2020-04-30	3430	3441	3425	3426	5368	30608	0
2020-05-06	3432	3438	3418	3431	3977	30035	0
2020-05-07	3436	3449	3428	3436	7079	30834	0
2020-05-08	3411	3436	3410	3431	7733	29292	0
2020-05-11	3428	3436	3419	3420	3652	29481	0
2020-05-12	3421	3427	3406	3408	3526	29016	0
2020-05-13	3406	3416	3404	3410	2853	29005	0
2020-05-14	3407	3414	3389	3405	4136	28193	0
2020-05-15	3404	3431	3398	3423	7039	27377	0
2020-05-18	3418	3429	3400	3412	5651	26977	0
2020-05-19	3416	3433	3412	3430	5546	27573	0
2020-05-20	3431	3447	3423	3443	6467	28464	0
2020-05-21	3441	3446	3429	3432	5568	28132	0
2020-05-22	3432	3437	3400	3403	5768	27638	0
2020-05-25	3407	3418	3405	3409	2443	27265	0
2020-05-26	3409	3418	3409	3412	2249	27225	0
2020-05-27	3413	3426	3403	3424	4985	26780	0
2020-05-28	3436	3479	3424	3452	19030	29076	0
2020-05-29	3453	3460	3437	3447	9629	28772	0
2020-06-01	3454	3466	3442	3445	7964	28674	0
2020-06-02	3447	3463	3445	3451	6636	28814	0
2020-06-03	3449	3451	3440	3443	4761	28247	0
2020-06-04	3443	3445	3433	3434	5935	27465	0
2020-06-05	3437	3456	3437	3447	6382	27447	0
2020-06-08	3448	3459	3437	3458	5260	27351	0
2020-06-09	3465	3466	3435	3442	7070	26666	0
2020-06-10	3441	3450	3441	3446	3260	25688	0
2020-06-11	3448	3467	3447	3451	10825	26238	0
2020-06-12	3448	3448	3434	3441	5078	24946	0
2020-06-15	3446	3457	3442	3457	6674	25311	0
2020-06-16	3456	3461	3448	3454	5016	26043	0
2020-06-17	3456	3456	3442	3446	3552	25279	0
2020-06-18	3448	3451	3443	3447	1832	25098	0
2020-06-19	3448	3450	3436	3436	3204	24511	0
2020-06-22	3439	3447	3425	3427	4793	24324	0
2020-06-23	3419	3424	3410	3414	6424	26239	0
2020-06-24	3413	3417	3396	3401	7309	25778	0
2020-06-29	3406	3436	3406	3425	4863	24930	0
2020-06-30	3425	3425	3415	3421	2148	24692	0
2020-07-01	3423	3424	3416	3418	6775	25946	0
2020-07-02	3420	3428	3420	3425	9188	28336	0
2020-07-03	3426	3436	3421	3423	11027	30689	0
2020-07-06	3422	3434	3421	3430	21468	34177	0
2020-07-07	3429	3444	3429	3432	15110	35925	0
2020-07-08	3433	3437	3430	3431	10868	36564	0
2020-07-09	3437	3443	3432	3439	16339	35211	0
2020-07-10	3443	3450	3431	3443	22457	34883	0
2020-07-13	3441	3466	3436	3465	26410	36516	0
2020-07-14	3472	3472	3455	3460	21686	36911	0
2020-07-15	3461	3461	3446	3456	9951	37113	0
2020-07-16	3457	3457	3438	3442	12464	35917	0
2020-07-17	3441	3446	3438	3442	9024	35217	0
2020-07-20	3445	3463	3443	3458	11611	35159	0
2020-07-21	3460	3460	3447	3455	14732	35099	0
2020-07-22	3453	3462	3447	3456	11187	35474	0
2020-07-23	3456	3469	3454	3468	17435	35516	0
2020-07-24	3471	3493	3466	3482	22119	37092	0
2020-07-27	3460	3496	3449	3485	32194	38987	0
2020-07-28	3488	3599	3488	3526	119841	47216	0
2020-07-29	3524	3543	3505	3520	33794	45484	0
2020-07-30	3523	3546	3513	3530	41599	45603	0
2020-07-31	3530	3541	3514	3530	25114	43819	0
2020-08-03	3534	3537	3519	3534	30179	43951	0
2020-08-04	3527	3531	3504	3513	34878	42970	0
2020-08-05	3516	3519	3491	3497	33490	42582	0
2020-08-06	3496	3500	3481	3490	41294	42292	0
2020-08-07	3486	3503	3486	3490	36296	42895	0
2020-08-10	3490	3512	3489	3499	50580	43106	0
2020-08-11	3504	3505	3460	3461	42806	42994	0
2020-08-12	3454	3463	3426	3436	45746	40196	0
2020-08-13	3435	3459	3434	3448	43085	37842	0
2020-08-14	3447	3468	3443	3467	35487	37253	0
2020-08-17	3466	3472	3457	3465	51065	36961	0
2020-08-18	3456	3469	3456	3460	22716	37399	0
2020-08-19	3459	3463	3455	3458	18596	36835	0
2020-08-20	3459	3469	3457	3463	24689	35710	0
2020-08-21	3465	3472	3463	3466	24837	35683	0
2020-08-24	3467	3471	3460	3469	30034	34499	0
2020-08-25	3466	3473	3466	3470	20313	34572	0
2020-08-26	3475	3487	3474	3486	35682	34572	0
2020-08-27	3485	3491	3479	3480	28343	34327	0
2020-08-28	3485	3490	3469	3471	34376	33859	0
2020-08-31	3464	3465	3448	3454	29373	33072	0
2020-09-01	3452	3457	3451	3455	19400	33497	0
2020-09-02	3456	3463	3455	3460	18592	33793	0
2020-09-03	3459	3463	3424	3428	37124	33077	0
2020-09-04	3420	3457	3418	3449	43035	31819	0
2020-09-07	3437	3463	3436	3458	35500	32187	0
2020-09-08	3463	3464	3447	3454	26541	33060	0
2020-09-09	3453	3480	3436	3437	43475	33366	0
2020-09-10	3436	3452	3431	3440	25814	32359	0
2020-09-11	3458	3462	3440	3448	30405	32275	0
2020-09-14	3447	3471	3447	3470	42645	33077	0
2020-09-15	3470	3482	3458	3464	45580	33645	0
2020-09-16	3466	3474	3460	3469	33412	35366	0
2020-09-17	3471	3475	3452	3454	58833	36501	0
2020-09-18	3454	3478	3452	3470	45350	36731	0
2020-09-21	3473	3474	3460	3465	57863	37898	0
2020-09-22	3456	3475	3445	3466	57091	37039	0
2020-09-23	3462	3476	3454	3455	46980	35385	0
2020-09-24	3455	3461	3453	3461	37254	35064	0
2020-09-25	3459	3466	3452	3462	25141	34282	0
2020-09-28	3467	3473	3461	3462	39137	34202	0
2020-09-29	3462	3464	3455	3462	18501	33595	0
2020-09-30	3464	3469	3457	3467	8370	32648	0
2020-10-09	3494	3494	3467	3471	8758	33788	0
2020-10-12	3477	3479	3444	3470	27328	34743	0
2020-10-13	3470	3485	3452	3456	38666	35601	0
2020-10-14	3457	3465	3452	3461	28520	35727	0
2020-10-15	3462	3469	3460	3463	36936	36836	0
2020-10-16	3462	3466	3453	3462	36437	36468	0
2020-10-19	3466	3490	3463	3489	54588	37530	0
2020-10-20	3486	3489	3463	3470	44671	36215	0
2020-10-21	3468	3489	3465	3489	39225	35812	0
2020-10-22	3485	3500	3483	3486	35657	34727	0
2020-10-23	3489	3553	3483	3548	65525	34110	0
2020-10-26	3534	3553	3520	3533	59197	34921	0
2020-10-27	3538	3601	3535	3541	68152	34265	0
2020-10-28	3535	3560	3535	3560	34460	33683	0
2020-10-29	3550	3568	3541	3557	26036	33628	0
2020-10-30	3557	3565	3539	3551	22279	34701	0
2020-11-02	3548	3585	3540	3569	44160	34090	0
2020-11-03	3567	3584	3566	3580	28913	35382	0
2020-11-04	3576	3585	3568	3579	23056	35645	0
2020-11-05	3582	3598	3582	3587	31377	34549	0
2020-11-06	3570	3594	3567	3585	28731	33157	0
2020-11-09	3587	3610	3586	3604	41214	34799	0
2020-11-10	3600	3605	3593	3603	24038	34387	0
2020-11-11	3603	3607	3599	3603	29850	34080	0
2020-11-12	3603	3603	3596	3601	26942	34929	0
2020-11-13	3599	3608	3598	3604	32909	35515	0
2020-11-16	3602	3606	3588	3588	38647	34141	0
2020-11-17	3587	3598	3577	3580	29504	33436	0
2020-11-18	3582	3600	3568	3598	38289	34492	0
2020-11-19	3598	3604	3589	3597	45965	35547	0
2020-11-20	3597	3600	3590	3590	31026	36164	0
2020-11-23	3589	3597	3583	3583	37123	35674	0
2020-11-24	3585	3599	3568	3572	45371	36125	0
2020-11-25	3567	3577	3563	3568	43864	37407	0
2020-11-26	3564	3572	3552	3569	44325	38053	0
2020-11-27	3565	3589	3565	3588	39968	37039	0
2020-11-30	3588	3601	3569	3575	33300	36157	0
2020-12-01	3573	3586	3568	3578	29417	35353	0
2020-12-02	3581	3594	3576	3584	27855	34177	0
2020-12-03	3580	3618	3576	3616	39328	37097	0
2020-12-04	3627	3664	3623	3632	57536	40408	0
2020-12-07	3635	3652	3613	3623	31554	39954	0
2020-12-08	3625	3634	3618	3630	26776	39474	0
2020-12-09	3632	3633	3610	3614	30770	38830	0
2020-12-10	3616	3623	3613	3618	21519	38226	0
2020-12-11	3618	3620	3605	3609	19790	37825	0
2020-12-14	3609	3617	3604	3612	11198	37781	0
2020-12-15	3613	3616	3595	3612	27061	37643	0
2020-12-16	3613	3614	3599	3601	38734	38725	0
2020-12-17	3599	3605	3597	3601	34622	41238	0
2020-12-18	3605	3645	3595	3620	82436	44868	0
2020-12-21	3622	3631	3608	3628	73022	43735	0
2020-12-22	3630	3639	3620	3636	62802	42597	0
2020-12-23	3643	3647	3627	3635	66295	43563	0
2020-12-24	3633	3635	3622	3622	50679	43980	0
2020-12-25	3622	3632	3615	3617	58443	44487	0
2020-12-28	3621	3637	3612	3637	64027	45616	0
2020-12-29	3639	3654	3616	3619	88463	47300	0
2020-12-30	3618	3632	3615	3629	47093	46425	0
2020-12-31	3629	3642	3626	3641	43729	46820	0
2021-01-04	3649	3654	3640	3644	31622	44380	0
2021-01-05	3646	3650	3637	3639	27785	38430	0
2021-01-06	3642	3645	3635	3639	27586	36853	0
2021-01-07	3636	3678	3635	3662	49718	38005	0
2021-01-08	3667	3678	3648	3669	40723	37957	0
2021-01-11	3682	3736	3678	3708	62845	38412	0
2021-01-12	3716	3718	3671	3703	35187	36518	0
2021-01-13	3705	3729	3702	3705	47181	37188	0
2021-01-14	3703	3719	3697	3702	26987	35973	0
2021-01-15	3701	3708	3693	3693	27019	36055	0
2021-01-18	3697	3729	3694	3728	43145	37160	0
2021-01-19	3723	3726	3706	3711	36663	35810	0
2021-01-20	3716	3721	3689	3702	49252	35344	0
2021-01-21	3700	3702	3680	3697	28496	35816	0
2021-01-22	3693	3694	3637	3637	37926	32447	0
2021-01-25	3635	3656	3634	3637	25285	31803	0
2021-01-26	3640	3654	3639	3646	24313	32210	0
2021-01-27	3649	3654	3644	3645	20565	32243	0
2021-01-28	3646	3646	3629	3634	29260	30680	0
2021-01-29	3636	3656	3634	3646	35281	28148	0
2021-02-01	3645	3662	3644	3660	21355	27578	0
2021-02-02	3660	3662	3647	3653	22778	27415	0
2021-02-03	3652	3665	3650	3658	31634	29766	0
2021-02-04	3659	3661	3648	3654	34970	29048	0
2021-02-05	3659	3664	3655	3660	31031	28313	0
2021-02-08	3661	3662	3652	3653	25147	27196	0
2021-02-09	3648	3656	3636	3644	29178	24530	0
2021-02-10	3646	3658	3631	3657	22460	24455	0
2021-02-18	3652	3684	3639	3645	13671	24806	0
2021-02-19	3647	3655	3645	3646	29818	25885	0
2021-02-22	3649	3654	3645	3645	29436	27111	0
2021-02-23	3646	3654	3645	3653	30326	27133	0
2021-02-24	3652	3654	3645	3645	35512	27698	0
2021-02-25	3647	3651	3638	3642	35745	27013	0
2021-02-26	3647	3667	3642	3663	31160	28163	0
2021-03-01	3661	3669	3658	3659	32392	36532	0
2021-03-02	3659	3659	3620	3623	43004	37224	0
2021-03-03	3629	3645	3626	3643	29211	37913	0
2021-03-04	3635	3645	3628	3631	23208	39200	0
2021-03-05	3635	3635	3614	3616	26132	40433	0
2021-03-08	3618	3632	3613	3625	30332	39582	0
2021-03-09	3632	3641	3626	3635	30455	38972	0
2021-03-10	3633	3643	3631	3637	20561	39934	0
2021-03-11	3637	3645	3635	3644	24808	40403	0
2021-03-12	3644	3644	3637	3639	16710	40590	0
2021-03-15	3639	3649	3634	3647	18156	40310	0
2021-03-16	3646	3651	3639	3649	17285	40583	0
2021-03-17	3647	3660	3645	3651	20557	40475	0
2021-03-18	3652	3661	3651	3653	22414	41037	0
2021-03-19	3653	3671	3652	3668	36172	43061	0
2021-03-22	3665	3666	3629	3644	43724	41251	0
2021-03-23	3641	3662	3637	3661	35272	43361	0
2021-03-24	3657	3657	3610	3610	46154	42432	0
2021-03-25	3615	3624	3606	3616	38927	42777	0
2021-03-26	3615	3620	3592	3602	45209	42367	0
2021-03-29	3604	3618	3598	3615	42114	41591	0
2021-03-30	3612	3613	3591	3592	50427	40865	0
2021-03-31	3575	3598	3575	3587	44699	38131	0
2021-04-01	3595	3595	3575	3585	23527	36752	0
2021-04-02	3585	3603	3580	3602	24753	35546	0
2021-04-06	3596	3610	3583	3593	19155	36515	0
2021-04-07	3594	3600	3587	3594	31493	38076	0
2021-04-08	3594	3611	3593	3602	37464	37928	0
2021-04-09	3604	3609	3597	3605	32469	39058	0
2021-04-12	3608	3628	3605	3618	41685	40226	0
2021-04-13	3628	3631	3615	3620	37108	41944	0
2021-04-14	3619	3630	3617	3624	26150	42434	0
2021-04-15	3625	3637	3624	3636	26241	43891	0
2021-04-16	3634	3645	3633	3637	20521	43481	0
2021-04-19	3640	3640	3627	3629	22076	43086	0
2021-04-20	3627	3639	3627	3637	22459	43817	0
2021-04-21	3636	3646	3635	3640	13784	44878	0
2021-04-22	3642	3648	3639	3647	13380	45741	0
2021-04-23	3649	3654	3645	3648	13905	44871	0
2021-04-26	3648	3649	3641	3641	12107	45003	0
2021-04-27	3642	3642	3634	3634	20619	45045	0
2021-04-28	3633	3641	3633	3635	20557	44367	0
2021-04-29	3635	3637	3632	3634	22017	43698	0
2021-04-30	3636	3637	3629	3633	21260	43052	0
2021-05-06	3633	3663	3633	3637	25156	41442	0
2021-05-07	3640	3649	3635	3644	34418	39656	0
2021-05-10	3644	3645	3635	3638	19904	39040	0
2021-05-11	3629	3634	3627	3629	18926	37207	0
2021-05-12	3625	3637	3625	3631	19459	36401	0
2021-05-13	3633	3641	3628	3636	14935	36395	0
2021-05-14	3635	3641	3635	3639	16110	37451	0
2021-05-17	3643	3643	3614	3629	22350	36667	0
2021-05-18	3630	3633	3626	3630	11837	36537	0
2021-05-19	3629	3633	3623	3623	16012	36408	0
2021-05-20	3621	3626	3608	3610	20609	36701	0
2021-05-21	3608	3615	3606	3609	18112	36475	0
2021-05-24	3611	3611	3585	3593	20821	36486	0
2021-05-25	3594	3608	3589	3595	22753	35473	0
2021-05-26	3601	3602	3595	3597	12616	35427	0
2021-05-27	3597	3602	3593	3598	12165	35444	0
2021-05-28	3596	3603	3596	3598	11401	35877	0
2021-05-31	3598	3600	3592	3595	14191	35287	0
2021-06-01	3598	3599	3577	3578	22792	32321	0
2021-06-02	3579	3579	3544	3548	17952	32021	0
2021-06-03	3547	3563	3545	3550	19025	31516	0
2021-06-04	3552	3562	3551	3554	20439	32483	0
2021-06-07	3555	3559	3546	3553	19477	31848	0
2021-06-08	3549	3550	3537	3546	19986	33126	0
2021-06-09	3546	3548	3538	3540	15201	33523	0
2021-06-10	3538	3539	3528	3529	13090	33183	0
2021-06-11	3532	3547	3532	3546	30056	32341	0
2021-06-15	3542	3546	3538	3542	14404	31708	0
2021-06-16	3542	3544	3539	3541	11878	32048	0
2021-06-17	3541	3545	3539	3545	14248	32317	0
2021-06-18	3545	3556	3542	3549	21131	31203	0
2021-06-21	3548	3551	3544	3544	11862	31148	0
2021-06-22	3546	3546	3539	3541	13259	32029	0
2021-06-23	3541	3543	3539	3541	11473	32390	0
2021-06-24	3544	3544	3533	3536	15667	33195	0
2021-06-25	3534	3539	3528	3531	16780	33081	0
2021-06-28	3532	3540	3527	3539	33663	32304	0
2021-06-29	3537	3544	3533	3539	36071	32209	0
2021-06-30	3537	3539	3533	3534	22854	31672	0
2021-07-01	3537	3541	3530	3539	24078	31132	0
2021-07-02	3538	3550	3537	3543	17036	30184	0
2021-07-05	3546	3549	3542	3545	16658	31504	0
2021-07-06	3545	3546	3538	3538	13775	31387	0
2021-07-07	3540	3540	3527	3529	16347	31987	0
2021-07-08	3528	3537	3528	3532	15922	31613	0
2021-07-09	3528	3529	3515	3522	14274	32625	0
2021-07-12	3520	3522	3511	3517	15294	33319	0
2021-07-13	3514	3522	3511	3518	14040	33192	0
2021-07-14	3519	3536	3518	3533	19360	33018	0
2021-07-15	3531	3535	3526	3530	12156	32648	0
2021-07-16	3529	3531	3521	3525	12344	32732	0
2021-07-19	3525	3538	3523	3534	16989	32982	0
2021-07-20	3539	3554	3534	3538	27402	33803	0
2021-07-21	3536	3542	3522	3524	14460	33951	0
2021-07-22	3528	3539	3527	3533	11980	33845	0
2021-07-23	3530	3538	3530	3532	9928	33653	0
2021-07-26	3534	3540	3525	3537	15585	34186	0
2021-07-27	3535	3537	3523	3528	10881	34383	0
2021-07-28	3526	3532	3525	3527	8870	34170	0
2021-07-29	3527	3538	3525	3536	14237	32987	0
2021-07-30	3535	3543	3532	3535	16081	31839	0
2021-08-02	3537	3538	3523	3525	20582	30707	0
2021-08-03	3527	3535	3526	3534	10879	30625	0
2021-08-04	3533	3543	3533	3539	14867	30668	0
2021-08-05	3542	3543	3537	3539	12972	30107	0
2021-08-06	3540	3542	3537	3540	9287	30481	0
2021-08-09	3540	3550	3539	3547	15306	31014	0
2021-08-10	3549	3552	3541	3545	13659	31213	0
2021-08-11	3546	3550	3542	3546	9763	31155	0
2021-08-12	3547	3552	3546	3552	12633	30465	0
2021-08-13	3556	3556	3547	3549	14184	30418	0
2021-08-16	3550	3558	3547	3556	15453	29883	0
2021-08-17	3559	3562	3553	3562	11709	29678	0
2021-08-18	3561	3564	3552	3555	22625	29409	0
2021-08-19	3557	3557	3543	3543	17554	29158	0
2021-08-20	3542	3545	3535	3535	19402	29503	0
2021-08-23	3529	3542	3526	3534	13879	31233	0
2021-08-24	3536	3547	3534	3545	18064	31854	0
2021-08-25	3544	3549	3540	3542	23725	31408	0
2021-08-26	3543	3548	3537	3538	31415	30497	0
2021-08-27	3538	3539	3522	3535	32288	30830	0
2021-08-30	3534	3535	3525	3526	26542	30408	0
2021-08-31	3527	3531	3524	3531	16923	29657	0
2021-09-01	3530	3531	3526	3530	17010	26537	0
2021-09-02	3530	3532	3521	3530	16483	24841	0
2021-09-03	3532	3536	3528	3534	12775	24951	0
2021-09-06	3535	3535	3526	3529	14482	25466	0
2021-09-07	3529	3530	3510	3511	20032	25971	0
2021-09-08	3507	3510	3490	3493	21259	26441	0
2021-09-09	3494	3503	3491	3501	20586	27787	0
2021-09-10	3493	3506	3493	3505	15607	28265	0
2021-09-13	3505	3506	3497	3499	10594	28113	0
2021-09-14	3500	3504	3491	3503	15055	28481	0
2021-09-15	3499	3501	3496	3496	14277	28251	0
2021-09-16	3499	3500	3494	3495	13438	27920	0
2021-09-17	3494	3503	3493	3503	12428	27626	0
2021-09-22	3499	3513	3485	3486	13327	27840	0
2021-09-23	3488	3490	3476	3478	14552	27362	0
2021-09-24	3474	3477	3466	3468	16035	28433	0
2021-09-27	3470	3470	3460	3464	19713	28196	0
2021-09-28	3464	3473	3463	3472	14498	27006	0
2021-09-29	3469	3513	3462	3468	18078	24990	0
2021-09-30	3470	3470	3429	3463	21119	22502	0
2021-10-08	3462	3467	3449	3449	8182	21676	0
2021-10-11	3449	3455	3448	3449	20004	24350	0
2021-10-12	3443	3449	3421	3427	22610	24659	0
2021-10-13	3432	3433	3423	3424	14576	24832	0
2021-10-14	3417	3423	3410	3411	19997	25514	0
2021-10-15	3412	3421	3399	3420	23651	25417	0
2021-10-18	3414	3426	3413	3426	18059	25553	0
2021-10-19	3422	3424	3416	3422	11061	25449	0
2021-10-20	3422	3430	3417	3420	20911	25496	0
2021-10-21	3418	3424	3412	3413	12029	25227	0
2021-10-22	3411	3431	3407	3431	25766	26299	0
2021-10-25	3433	3478	3429	3475	37956	27386	0
2021-10-26	3479	3499	3467	3477	22926	27823	0
2021-10-27	3478	3481	3448	3452	14878	28142	0
2021-10-28	3456	3469	3453	3460	17380	26378	0
2021-10-29	3466	3469	3455	3463	15431	26148	0
2021-11-01	3467	3467	3434	3435	21135	25937	0
2021-11-02	3439	3478	3433	3478	18859	26275	0
2021-11-03	3500	3593	3488	3548	59852	33037	0
2021-11-04	3545	3570	3498	3505	36187	34219	0
2021-11-05	3512	3514	3479	3493	23028	33126	0
2021-11-08	3492	3501	3473	3480	21626	32901	0
2021-11-09	3487	3523	3486	3507	23885	34324	0
2021-11-10	3514	3515	3481	3499	22827	33540	0
2021-11-11	3493	3498	3482	3489	19230	33874	0
2021-11-12	3485	3514	3478	3496	26871	33280	0
2021-11-15	3502	3502	3487	3498	15078	32549	0
2021-11-16	3495	3505	3487	3497	14588	32816	0
2021-11-17	3494	3496	3484	3484	8988	31968	0
2021-11-18	3489	3489	3461	3462	13305	31108	0
2021-11-19	3462	3474	3458	3461	10151	30843	0
2021-11-22	3455	3463	3412	3435	20317	30476	0
2021-11-23	3440	3448	3433	3437	15855	30435	0
2021-11-24	3432	3441	3431	3440	12414	29993	0
2021-11-25	3438	3455	3435	3446	19111	30135	0
2021-11-26	3450	3464	3448	3452	16756	29686	0
2021-11-29	3454	3455	3440	3443	10438	29685	0
2021-11-30	3445	3449	3433	3434	13038	29007	0
2021-12-01	3437	3456	3437	3455	10596	28290	0
2021-12-02	3457	3460	3435	3445	16274	28124	0
2021-12-03	3447	3447	3424	3443	17901	28152	0
2021-12-06	3441	3447	3427	3432	19862	27824	0
2021-12-07	3432	3434	3421	3422	23382	27905	0
2021-12-08	3419	3422	3388	3392	18603	28587	0
2021-12-09	3391	3395	3372	3388	20554	29937	0
2021-12-10	3384	3389	3364	3381	20281	30951	0
2021-12-13	3378	3387	3376	3382	15447	31132	0
2021-12-14	3384	3387	3374	3378	14100	30898	0
2021-12-15	3378	3379	3370	3373	10998	30940	0
2021-12-16	3374	3375	3355	3373	20590	29886	0
2021-12-17	3372	3388	3370	3381	17198	29680	0
2021-12-20	3381	3387	3376	3378	19367	29338	0
2021-12-21	3377	3381	3364	3365	12669	29659	0
2021-12-22	3367	3368	3359	3361	16850	30368	0
2021-12-23	3363	3383	3361	3372	22077	31067	0
2021-12-24	3380	3399	3379	3390	36951	31674	0
2021-12-27	3392	3397	3380	3384	36760	32644	0
2021-12-28	3381	3384	3368	3371	32617	32979	0
2021-12-29	3375	3376	3353	3359	31326	34456	0
2021-12-30	3358	3367	3352	3363	30547	35814	0
2021-12-31	3365	3373	3363	3373	22247	35598	0
2022-01-04	3374	3379	3359	3365	13151	33965	0
2022-01-05	3365	3381	3365	3381	18279	31974	0
2022-01-06	3385	3386	3372	3373	17645	30200	0
2022-01-07	3372	3376	3369	3371	12561	30369	0
2022-01-10	3372	3376	3362	3362	17487	29298	0
2022-01-11	3365	3369	3362	3367	8935	28995	0
2022-01-12	3369	3392	3368	3392	15717	29388	0
2022-01-13	3393	3395	3380	3385	18494	29699	0
2022-01-14	3387	3400	3383	3385	20776	28776	0
2022-01-17	3386	3393	3383	3391	16183	29357	0
2022-01-18	3393	3393	3370	3371	11992	28844	0
2022-01-19	3371	3379	3371	3379	9834	28425	0
2022-01-20	3376	3378	3373	3377	8692	27738	0
2022-01-21	3378	3378	3371	3374	10215	26379	0
2022-01-24	3373	3377	3372	3376	10116	26058	0
2022-01-25	3377	3395	3376	3395	17747	25817	0
2022-01-26	3401	3403	3387	3401	14146	24434	0
2022-01-27	3404	3404	3390	3397	11054	23203	0
2022-01-28	3397	3410	3396	3409	10479	22607	0
2022-02-07	3411	3426	3409	3425	10973	23372	0
2022-02-08	3430	3442	3429	3440	11856	24453	0
2022-02-09	3441	3468	3440	3448	16676	26019	0
2022-02-10	3452	3458	3433	3436	13119	25967	0
2022-02-11	3439	3441	3425	3433	10306	25765	0
2022-02-14	3435	3469	3433	3467	12469	27209	0
2022-02-15	3468	3470	3451	3464	13017	27536	0
2022-02-16	3462	3462	3450	3455	11483	26514	0
2022-02-17	3450	3475	3445	3450	14279	27049	0
2022-02-18	3454	3460	3448	3454	6345	26943	0
2022-02-21	3450	3458	3446	3448	13741	24995	0
2022-02-22	3451	3456	3447	3455	7324	24521	0
2022-02-23	3453	3456	3437	3442	10550	24286	0
2022-02-24	3443	3474	3437	3472	15292	24310	0
2022-02-25	3502	3502	3450	3459	25688	24865	0
2022-02-28	3460	3491	3455	3488	18022	25398	0
2022-03-01	3496	3509	3491	3506	23839	25198	0
2022-03-02	3505	3520	3498	3516	24453	26749	0
2022-03-03	3512	3541	3507	3540	22728	26182	0
2022-03-04	3533	3541	3517	3526	20415	25756	0
2022-03-07	3533	3538	3512	3517	19158	28747	0
2022-03-08	3520	3520	3500	3504	12417	28732	0
2022-03-09	3502	3510	3501	3505	10378	28770	0
2022-03-10	3490	3498	3480	3484	13528	28189	0
2022-03-11	3491	3493	3486	3487	10897	27738	0
2022-03-14	3485	3488	3471	3472	13599	27098	0
2022-03-15	3473	3475	3454	3458	13313	26983	0
2022-05-18	3465	3475	3464	3470	8174	33985	0
数据来源:通达信
