RSL9 菜籽指数 日线 前复权
      日期	    开盘	    最高	    最低	    收盘	    成交量	    持仓量	    结算价
2012-12-28	5303	5317	5160	5270	128230	9212	0
2012-12-31	5275	5386	5233	5273	145938	9018	0
2013-01-04	5273	5357	5256	5346	84128	13516	0
2013-01-07	5333	5529	5333	5439	206348	22702	0
2013-01-08	5459	5464	5379	5412	96888	19218	0
2013-01-09	5421	5496	5421	5437	100698	20450	0
2013-01-10	5457	5475	5424	5445	54344	20136	0
2013-01-11	5458	5517	5423	5429	92220	22904	0
2013-01-14	5443	5482	5402	5462	77126	23044	0
2013-01-15	5480	5546	5422	5427	143210	24256	0
2013-01-16	5425	5459	5407	5438	62902	21756	0
2013-01-17	5456	5458	5407	5413	42044	21138	0
2013-01-18	5419	5473	5415	5429	64704	20824	0
2013-01-21	5439	5460	5413	5425	41652	20502	0
2013-01-22	5418	5438	5401	5424	22540	19210	0
2013-01-23	5436	5507	5413	5466	182164	28378	0
2013-01-24	5467	5475	5317	5349	153088	27278	0
2013-01-25	5366	5384	5346	5377	66864	20846	0
2013-01-28	5382	5408	5363	5385	25858	18542	0
2013-01-29	5385	5393	5353	5378	18894	18196	0
2013-01-30	5381	5413	5366	5402	18582	17630	0
2013-01-31	5423	5423	5399	5422	10970	17138	0
2013-02-01	5422	5435	5386	5414	17890	15962	0
2013-02-04	5416	5465	5412	5431	18630	15364	0
2013-02-05	5429	5454	5406	5411	19504	15816	0
2013-02-06	5418	5424	5399	5399	9370	15848	0
2013-02-07	5401	5440	5380	5393	17576	14638	0
2013-02-08	5396	5416	5391	5399	5862	13762	0
2013-02-18	5357	5396	5357	5380	4682	13992	0
2013-02-19	5408	5468	5404	5421	27332	13292	0
2013-02-20	5444	5447	5414	5421	17860	13746	0
2013-02-21	5416	5459	5377	5418	48106	16142	0
2013-02-22	5427	5513	5384	5439	89148	20244	0
2013-02-25	5388	5414	5259	5376	46286	14956	0
2013-02-26	5367	5394	5353	5361	19142	14352	0
2013-02-27	5377	5383	5284	5327	55998	18776	0
2013-02-28	5348	5351	5293	5303	24220	21354	0
2013-03-01	5308	5314	5282	5300	17436	21414	0
2013-03-04	5298	5317	5286	5307	13924	19890	0
2013-03-05	5312	5345	5302	5306	10320	19768	0
2013-03-06	5303	5314	5283	5289	11408	20326	0
2013-03-07	5292	5297	5267	5271	11030	21842	0
2013-03-08	5277	5332	5273	5303	26458	23870	0
2013-03-11	5312	5312	5277	5277	8202	22990	0
2013-03-12	5269	5313	5269	5305	14866	23198	0
2013-03-13	5307	5322	5265	5290	20082	22830	0
2013-03-14	5287	5307	5272	5303	9486	22996	0
2013-03-15	5314	5317	5296	5298	9400	22676	0
2013-03-18	5288	5303	5274	5289	7988	22160	0
2013-03-19	5296	5296	5281	5283	2336	22192	0
2013-03-20	5279	5290	5279	5287	3558	21896	0
2013-03-21	5294	5313	5289	5302	7760	20788	0
2013-03-22	5304	5306	5279	5283	4914	21084	0
2013-03-25	5284	5305	5281	5284	4654	21340	0
2013-03-26	5281	5296	5281	5287	2466	20838	0
2013-03-27	5295	5297	5284	5288	1710	20624	0
2013-03-28	5291	5294	5276	5287	3090	20020	0
2013-03-29	5266	5277	5252	5260	6602	20964	0
2013-04-01	5258	5268	5246	5251	4820	20228	0
2013-04-02	5258	5272	5212	5262	4660	19818	0
2013-04-03	5261	5327	5240	5261	4740	19462	0
2013-04-08	5250	5278	5243	5247	3284	20062	0
2013-04-09	5256	5263	5224	5231	5960	21526	0
2013-04-10	5238	5258	5230	5256	3840	21482	0
2013-04-11	5255	5263	5248	5258	1906	21342	0
2013-04-12	5261	5278	5249	5275	5088	21176	0
2013-04-15	5273	5273	5248	5257	3710	20868	0
2013-04-16	5243	5262	5224	5258	2824	20434	0
2013-04-17	5264	5268	5254	5261	1522	19874	0
2013-04-18	5261	5267	5229	5265	2092	19942	0
2013-04-19	5267	5278	5251	5251	1734	19436	0
2013-04-22	5278	5279	5249	5254	1950	19510	0
2013-04-23	5263	5265	5255	5261	1242	19080	0
2013-04-24	5265	5278	5240	5247	4180	19668	0
2013-04-25	5241	5248	5212	5228	5090	20290	0
2013-04-26	5239	5240	5204	5226	6280	19822	0
2013-05-02	5218	5250	5213	5235	5068	19260	0
2013-05-03	5241	5261	5241	5243	1816	19056	0
2013-05-06	5245	5269	5239	5268	2548	18158	0
2013-05-07	5266	5273	5241	5245	1546	17902	0
2013-05-08	5251	5258	5245	5253	996	17710	0
2013-05-09	5253	5253	5245	5245	1298	17176	0
2013-05-10	5254	5257	5243	5254	1156	17106	0
2013-05-13	5248	5250	5230	5231	1564	17218	0
2013-05-14	5237	5250	5235	5239	1234	16614	0
2013-05-15	5240	5251	5238	5239	1148	16280	0
2013-05-16	5240	5241	5221	5233	2946	16776	0
2013-05-17	5237	5242	5229	5229	714	16564	0
2013-05-20	5234	5241	5222	5223	1346	16922	0
2013-05-21	5222	5239	5219	5227	3706	15134	0
2013-05-22	5227	5236	5215	5225	1406	15124	0
2013-05-23	5230	5230	5209	5218	2522	15122	0
2013-05-24	5219	5221	5207	5218	1970	15398	0
2013-05-27	5214	5218	5203	5205	2166	16404	0
2013-05-28	5199	5209	5189	5199	2952	16690	0
2013-05-29	5206	5221	5195	5197	1828	16016	0
2013-05-30	5203	5205	5169	5181	4350	14596	0
2013-05-31	5189	5190	5182	5184	946	14336	0
2013-06-03	5183	5191	5169	5185	1480	13956	0
2013-06-04	5185	5185	5100	5130	3970	13944	0
2013-06-05	5121	5161	5121	5154	3652	13794	0
2013-06-06	5155	5176	5130	5130	1814	13098	0
2013-06-07	5131	5142	5111	5121	2774	12630	0
2013-06-13	5121	5139	5120	5133	1418	12258	0
2013-06-14	5125	5138	5120	5135	2590	12026	0
2013-06-17	5135	5150	5131	5143	486	11786	0
2013-06-18	5145	5168	5139	5165	1194	11512	0
2013-06-19	5160	5180	5155	5180	898	11650	0
2013-06-20	5177	5200	5168	5182	1564	11436	0
2013-06-21	5170	5217	5152	5208	1984	11110	0
2013-06-24	5199	5216	5195	5197	776	11038	0
2013-06-25	5193	5217	5193	5217	580	10938	0
2013-06-26	5215	5224	5200	5209	448	10770	0
2013-06-27	5202	5212	5112	5179	1350	10546	0
2013-06-28	5179	5186	5175	5181	1326	10430	0
2013-07-01	5179	5192	5178	5185	346	10300	0
2013-07-02	5185	5201	5180	5185	424	10272	0
2013-07-03	5195	5202	5176	5200	236	10166	0
2013-07-04	5201	5202	5181	5182	126	10156	0
2013-07-05	5173	5189	5173	5184	114	10146	0
2013-07-08	5185	5185	5112	5167	2452	10688	0
2013-07-09	5180	5180	5160	5170	332	10516	0
2013-07-10	5166	5177	5166	5177	136	10436	0
2013-07-11	5179	5185	5162	5183	642	10232	0
2013-07-12	5164	5194	5164	5185	510	10178	0
2013-07-15	5179	5188	5162	5172	312	10130	0
2013-07-16	5185	5185	5150	5168	568	10088	0
2013-07-17	5167	5184	5130	5150	222	10150	0
2013-07-18	5139	5165	5138	5152	198	10186	0
2013-07-19	5143	5159	5137	5146	192	10208	0
2013-07-22	5138	5152	5137	5150	286	10030	0
2013-07-23	5150	5156	5130	5150	730	10118	0
2013-07-24	5146	5178	5146	5155	178	10006	0
2013-07-25	5158	5174	5150	5165	224	9830	0
2013-07-26	5160	5180	5127	5148	2122	9782	0
2013-07-29	5146	5155	5140	5150	230	9704	0
2013-07-30	5155	5155	5121	5121	742	9254	0
2013-07-31	5121	5140	5121	5140	2518	9232	0
2013-08-01	5127	5128	5120	5121	106	9226	0
2013-08-02	5120	5144	5117	5131	88	9196	0
2013-08-05	5131	5146	5120	5146	72	9192	0
2013-08-06	5120	5149	5115	5149	160	9110	0
2013-08-07	5153	5167	5147	5167	550	9030	0
2013-08-08	5173	5184	5168	5181	794	8892	0
2013-08-09	5194	5219	5193	5208	320	8690	0
2013-08-12	5201	5219	5199	5216	626	8096	0
2013-08-13	5312	5312	5224	5240	176	7966	0
2013-08-14	5229	5249	5224	5224	50	7930	0
2013-08-15	5223	5223	5172	5173	30	7916	0
2013-08-16	5199	5199	5143	5150	1062	6926	0
2013-08-19	5165	5165	5086	5145	2666	4556	0
2013-08-20	5111	5127	5098	5106	74	696	0
2013-08-21	5073	5142	4982	5142	284	686	0
2013-08-22	5119	5138	5119	5134	40	680	0
2013-08-23	5100	5111	5097	5111	34	676	0
2013-08-26	5101	5176	5010	5107	58	666	0
2013-08-27	5148	5148	5012	5059	94	662	0
2013-08-28	5143	5143	5028	5108	50	658	0
2013-08-29	5133	5140	5026	5122	202	658	0
2013-08-30	5103	5155	5103	5133	44	658	0
2013-09-02	5119	5119	5113	5119	8	660	0
2013-09-03	5118	5118	5118	5118	2	658	0
2013-09-04	5118	5118	5116	5116	4	656	0
2013-09-06	5120	5120	5120	5120	2	656	0
2013-09-09	5117	5120	5107	5120	62	656	0
2013-09-10	5119	5119	5113	5113	12	654	0
2013-09-11	5116	5116	5115	5116	8	650	0
2013-09-16	5091	5138	5080	5109	78	68	0
2013-09-17	5118	5118	5092	5092	6	62	0
2013-09-18	5089	5130	5089	5130	8	60	0
2013-09-23	5113	5121	5092	5121	14	60	0
2013-09-25	5094	5113	5092	5094	16	50	0
2013-09-26	5092	5123	5088	5111	34	46	0
2013-09-27	5076	5076	5028	5048	10	46	0
2013-09-30	5063	5127	5024	5093	30	40	0
2013-10-09	5120	5131	5097	5097	22	40	0
2013-10-10	5067	5067	5042	5048	10	36	0
2013-10-11	5013	5013	4985	4985	8	32	0
2013-10-14	5013	5056	5007	5043	18	28	0
2013-10-15	5026	5054	5026	5054	8	28	0
2013-10-17	5062	5062	5002	5002	20	28	0
2013-10-18	4969	5016	4912	5005	58	28	0
2013-10-21	5009	5009	4952	4952	8	30	0
2013-10-22	5004	5012	4986	5012	8	30	0
2013-10-25	5011	5011	5001	5001	4	28	0
2013-10-30	4968	5019	4968	5006	8	28	0
2013-11-04	5133	5133	4979	4979	8	30	0
2013-11-06	5030	5035	5030	5035	4	30	0
2013-11-07	5045	5045	5017	5017	12	20	0
2013-11-13	5083	5090	5045	5056	62	28	0
2013-11-15	5044	5044	5044	5044	2	26	0
2013-11-19	5001	5043	5001	5043	4	24	0
2013-11-20	5000	5050	5000	5050	4	24	0
2013-11-21	5094	5094	5016	5017	20	20	0
2013-11-25	5080	5087	5012	5061	48	20	0
2013-11-26	5053	5053	5016	5018	8	18	0
2013-11-28	5047	5050	4977	4990	30	26	0
2013-11-29	5018	5018	4978	4989	12	26	0
2013-12-02	4989	4992	4989	4992	4	26	0
2013-12-04	5018	5018	4992	4992	12	26	0
2013-12-05	5015	5016	5003	5003	26	26	0
2013-12-10	4982	5008	4982	4987	6	26	0
2013-12-11	4973	4974	4973	4974	6	26	0
2013-12-12	5035	5035	4987	4987	10	26	0
2013-12-13	5007	5007	5007	5007	2	26	0
2013-12-17	4970	4990	4970	4983	10	28	0
2013-12-18	4973	4974	4942	4973	16	40	0
2013-12-19	4972	4972	4972	4972	8	44	0
2013-12-20	4955	4973	4954	4956	20	32	0
2013-12-23	4953	5049	4953	4989	16	32	0
2013-12-24	4968	4968	4968	4968	6	30	0
2013-12-25	4999	5000	4927	4973	44	38	0
2013-12-26	4981	4981	4955	4955	6	40	0
2013-12-27	4978	4978	4953	4954	12	40	0
2013-12-30	4957	5009	4938	4953	94	44	0
2013-12-31	5002	5022	4893	4934	78	32	0
2014-01-02	4922	4970	4922	4934	26	32	0
2014-01-03	4933	4964	4861	4904	42	34	0
2014-01-06	4930	4977	4890	4965	122	60	0
2014-01-07	4990	4990	4907	4943	32	42	0
2014-01-08	4848	4962	4848	4932	122	30	0
2014-01-09	4934	4934	4901	4912	30	28	0
2014-01-10	4919	4919	4812	4820	146	78	0
2014-01-13	4852	4859	4762	4810	110	82	0
2014-01-14	4834	4893	4817	4884	74	110	0
2014-01-15	4849	4853	4840	4849	40	104	0
2014-01-16	4800	4802	4742	4780	102	98	0
2014-01-17	4776	4781	4749	4755	42	98	0
2014-01-20	4797	4817	4797	4802	22	94	0
2014-01-21	4839	4870	4809	4809	10	96	0
2014-01-22	4854	4874	4811	4811	108	152	0
2014-01-23	4855	4855	4855	4855	2	152	0
2014-01-24	4820	4854	4767	4815	150	214	0
2014-01-27	4802	4802	4769	4771	10	208	0
2014-01-28	4831	4831	4773	4773	18	204	0
2014-01-29	4755	4755	4755	4755	2	202	0
2014-01-30	4843	4843	4762	4818	18	200	0
2014-02-07	4795	4825	4795	4825	12	200	0
2014-02-11	4839	4839	4826	4826	14	204	0
2014-02-12	4833	4834	4822	4826	10	202	0
2014-02-13	4828	4829	4778	4789	20	200	0
2014-02-14	4835	4840	4813	4833	58	202	0
2014-02-17	4829	4829	4802	4828	6	204	0
2014-02-18	4832	4832	4812	4820	50	168	0
2014-02-19	4842	4842	4804	4832	22	168	0
2014-02-20	4792	4823	4792	4823	8	164	0
2014-02-21	4743	4836	4743	4811	18	170	0
2014-02-24	4838	4841	4812	4814	32	152	0
2014-02-25	4827	4829	4818	4826	14	160	0
2014-02-26	4803	4833	4803	4813	20	160	0
2014-02-27	4837	4837	4816	4816	6	162	0
2014-02-28	4815	4829	4814	4829	14	156	0
2014-03-03	4811	4819	4791	4819	18	154	0
2014-03-04	4792	4837	4792	4836	54	170	0
2014-03-05	4865	4960	4865	4941	140	206	0
2014-03-06	4935	4970	4899	4914	210	242	0
2014-03-07	4901	4949	4901	4922	220	334	0
2014-03-10	4918	4919	4826	4883	80	322	0
2014-03-11	4917	4978	4882	4962	102	332	0
2014-03-12	4988	5045	4926	4976	460	342	0
2014-03-13	4940	4983	4922	4957	66	340	0
2014-03-14	4980	4980	4917	4957	80	326	0
2014-03-17	4953	4984	4933	4948	36	324	0
2014-03-18	4932	4949	4932	4938	32	322	0
2014-03-19	4932	4951	4925	4941	30	316	0
2014-03-20	4940	4940	4840	4882	116	292	0
2014-03-21	4724	5060	4724	4942	142	294	0
2014-03-24	4949	4965	4908	4935	64	290	0
2014-03-25	4951	4965	4925	4955	58	300	0
2014-03-26	4954	4963	4942	4950	12	298	0
2014-03-27	4963	4975	4948	4956	34	296	0
2014-03-28	4919	4971	4919	4962	60	294	0
2014-03-31	4990	4990	4936	4964	52	320	0
2014-04-01	4988	5140	4955	5039	418	372	0
2014-04-02	5054	5055	5032	5035	52	352	0
2014-04-03	5027	5027	4952	4952	110	324	0
2014-04-04	4964	4988	4903	4966	56	326	0
2014-04-08	5066	5066	4962	4976	22	324	0
2014-04-09	4976	4996	4919	4942	110	314	0
2014-04-10	4939	4980	4936	4951	46	322	0
2014-04-11	4921	4955	4921	4941	26	324	0
2014-04-14	4961	4969	4934	4949	50	320	0
2014-04-15	4954	4954	4913	4913	72	352	0
2014-04-16	4932	4938	4904	4930	34	362	0
2014-04-17	4930	4930	4872	4916	60	368	0
2014-04-18	4915	4915	4854	4854	280	376	0
2014-04-21	4863	4877	4819	4821	264	546	0
2014-04-22	4821	4821	4792	4810	142	608	0
2014-04-23	4799	4812	4783	4799	136	668	0
2014-04-24	4819	4826	4789	4807	330	852	0
2014-04-25	4821	4848	4781	4794	276	976	0
2014-04-28	4806	4810	4781	4799	232	1052	0
2014-04-29	4804	4878	4798	4865	1010	1408	0
2014-04-30	4887	4936	4850	4850	1294	1842	0
2014-05-05	4854	5000	4854	4902	684	1940	0
2014-05-06	4932	4975	4910	4929	680	2134	0
2014-05-07	4926	4941	4898	4914	304	2186	0
2014-05-08	4907	4934	4895	4920	588	2056	0
2014-05-09	4922	4972	4920	4945	342	2038	0
2014-05-12	4959	4964	4889	4935	1410	2026	0
2014-05-13	4934	4934	4915	4922	232	2068	0
2014-05-14	4922	4934	4922	4931	516	2094	0
2014-05-15	4928	4998	4928	4975	1104	2476	0
2014-05-16	4977	4987	4956	4970	384	2496	0
2014-05-19	4971	4985	4956	4970	240	2510	0
2014-05-20	4976	4976	4959	4972	246	2500	0
2014-05-21	4979	4979	4905	4938	320	2512	0
2014-05-22	4926	4963	4925	4944	226	2454	0
2014-05-23	4940	4945	4918	4922	590	2286	0
2014-05-26	4920	4927	4892	4895	550	2274	0
2014-05-27	4903	4922	4886	4910	420	2160	0
2014-05-28	4948	4948	4917	4920	282	2140	0
2014-05-29	4942	4942	4851	4912	432	2142	0
2014-05-30	4930	4930	4900	4909	332	2100	0
2014-06-03	4877	4931	4877	4902	378	2042	0
2014-06-04	4903	4915	4903	4906	170	2024	0
2014-06-05	4892	4905	4888	4888	96	2002	0
2014-06-06	4897	4897	4850	4855	152	2058	0
2014-06-09	4831	4900	4800	4843	362	2028	0
2014-06-10	4824	4853	4824	4849	188	1906	0
2014-06-11	4837	4896	4837	4895	340	1666	0
2014-06-12	4893	4914	4880	4901	562	1670	0
2014-06-13	4916	4920	4892	4920	272	1662	0
2014-06-16	4920	4977	4897	4938	502	1664	0
2014-06-17	4924	4956	4917	4920	308	1658	0
2014-06-18	4918	4946	4861	4940	364	1660	0
2014-06-19	4941	4954	4926	4945	120	1660	0
2014-06-20	4951	4951	4939	4949	130	1654	0
2014-06-23	4935	4955	4922	4945	152	1698	0
2014-06-24	4929	4985	4929	4961	268	1724	0
2014-06-25	4956	4956	4937	4946	108	1704	0
2014-06-26	4961	4978	4951	4968	96	1710	0
2014-06-27	4980	4986	4950	4982	196	1720	0
2014-06-30	4976	4997	4976	4993	42	1712	0
2014-07-01	4998	5070	4879	4903	512	1700	0
2014-07-02	4932	4985	4931	4985	170	1716	0
2014-07-03	4978	4985	4958	4972	84	1716	0
2014-07-04	4980	4980	4961	4964	72	1710	0
2014-07-07	4973	4973	4965	4968	16	1706	0
2014-07-08	4969	4969	4957	4958	24	1698	0
2014-07-09	4938	4938	4904	4912	30	1698	0
2014-07-10	4928	4928	4909	4919	10	1694	0
2014-07-11	4926	4933	4904	4912	24	1692	0
2014-07-14	4901	4937	4853	4899	288	1694	0
2014-07-15	4896	4906	4877	4896	50	1692	0
2014-07-16	4908	4920	4902	4907	46	1692	0
2014-07-17	4931	4931	4881	4885	26	1694	0
2014-07-18	4872	4898	4872	4892	40	1694	0
2014-07-21	4871	4891	4871	4890	18	1692	0
2014-07-23	4868	4873	4823	4837	26	1690	0
2014-07-24	4831	4849	4831	4836	18	1686	0
2014-07-25	4829	4829	4735	4824	266	1710	0
2014-07-28	4864	4864	4817	4826	34	1704	0
2014-07-29	4819	4850	4810	4841	48	1704	0
2014-07-30	4846	4870	4840	4840	82	1682	0
2014-07-31	4851	4909	4850	4906	74	1690	0
2014-08-01	4873	4916	4872	4893	100	1720	0
2014-08-04	4881	4932	4881	4922	124	1722	0
2014-08-05	4924	4956	4913	4941	218	1748	0
2014-08-06	4956	4965	4936	4960	56	1746	0
2014-08-07	4966	4993	4958	4966	350	1744	0
2014-08-08	4979	4979	4932	4936	36	1734	0
2014-08-11	4914	4977	4914	4965	40	1730	0
2014-08-12	4978	5014	4978	4999	86	1754	0
2014-08-13	4999	5057	4999	5057	86	1790	0
2014-08-14	5083	5136	4842	4871	644	2220	0
2014-08-15	4882	4906	4815	4850	172	2196	0
2014-08-18	4824	4852	4824	4851	126	2082	0
2014-08-19	4862	4901	4828	4899	424	1866	0
2014-08-20	4839	4940	4839	4940	286	1786	0
2014-08-21	4867	4959	4867	4942	456	1806	0
2014-08-22	4905	4958	4891	4943	180	1888	0
2014-08-25	4923	5032	4910	4987	300	1906	0
2014-08-26	5025	5042	4917	5042	178	1852	0
2014-08-27	4953	5012	4920	4968	112	1902	0
2014-08-28	4949	5013	4939	5013	26	1900	0
2014-08-29	5007	5015	4549	4596	1666	298	0
2014-09-01	4576	4641	4562	4638	128	346	0
2014-09-02	4652	4692	4621	4624	68	360	0
2014-09-03	4675	4687	4661	4676	50	364	0
2014-09-04	4658	4695	4651	4651	54	362	0
2014-09-05	4646	4678	4594	4670	68	382	0
2014-09-09	4662	4662	4455	4457	424	642	0
2014-09-10	4383	4466	4383	4461	518	642	0
2014-09-11	4448	4462	4433	4457	58	640	0
2014-09-12	4442	4467	4437	4445	148	644	0
2014-09-15	4453	4459	4445	4459	8	644	0
2014-09-16	4367	4405	4349	4349	20	528	0
2014-09-17	4275	4363	4275	4341	32	526	0
2014-09-18	4384	4384	4290	4347	68	498	0
2014-09-19	4322	4370	4322	4356	34	486	0
2014-09-22	4320	4370	4214	4258	114	516	0
2014-09-23	4261	4308	4253	4281	50	504	0
2014-09-24	4333	4409	4292	4341	74	488	0
2014-09-25	4402	4402	4327	4327	8	484	0
2014-09-26	4372	4372	4311	4337	40	486	0
2014-09-29	4366	4376	4339	4360	40	480	0
2014-09-30	4363	4420	4363	4388	12	480	0
2014-10-09	4440	4505	4440	4489	130	436	0
2014-10-10	4481	4497	4438	4438	16	432	0
2014-10-13	4397	4447	4391	4447	112	426	0
2014-10-14	4412	4505	4412	4501	72	442	0
2014-10-15	4507	4509	4473	4504	62	432	0
2014-10-16	4501	4501	4473	4473	54	378	0
2014-10-17	4489	4489	4479	4479	8	378	0
2014-10-20	4322	4471	4322	4465	20	380	0
2014-10-22	4432	4432	4432	4432	2	382	0
2014-10-23	4495	4495	4446	4447	44	380	0
2014-10-24	4524	4524	4471	4471	16	370	0
2014-10-27	4427	4496	4420	4481	52	370	0
2014-10-28	4454	4488	4454	4463	14	370	0
2014-10-29	4467	4467	4439	4439	8	368	0
2014-10-30	4448	4499	4448	4489	24	372	0
2014-10-31	4476	4476	4474	4475	6	372	0
2014-11-04	4437	4450	4430	4450	10	372	0
2014-11-05	4431	4499	4431	4494	46	346	0
2014-11-06	4513	4549	4485	4491	20	336	0
2014-11-07	4501	4520	4462	4509	20	334	0
2014-11-12	4529	4529	4517	4527	256	96	0
2014-11-14	4482	4551	4482	4551	8	92	0
2014-11-19	4492	4492	4492	4492	2	90	0
2014-11-20	4546	4556	4546	4556	4	94	0
2014-11-21	4540	4540	4528	4528	4	92	0
2014-11-24	4576	4576	4492	4492	4	92	0
2014-11-26	4535	4535	4500	4500	4	92	0
2014-11-27	4500	4500	4489	4489	10	92	0
2014-11-28	4516	4578	4490	4490	20	88	0
2014-12-01	4477	4477	4456	4465	36	64	0
2014-12-02	4448	4525	4448	4478	18	64	0
2014-12-03	4479	4479	4362	4463	84	62	0
2014-12-04	4415	4420	4367	4420	78	72	0
2014-12-05	4378	4417	4335	4370	32	80	0
2014-12-08	4377	4397	4314	4397	14	78	0
2014-12-09	4384	4385	4384	4385	4	76	0
2014-12-10	4404	4405	4368	4380	22	76	0
2014-12-15	4408	4408	4377	4393	40	76	0
2014-12-17	4407	4407	4367	4370	14	76	0
2014-12-19	4386	4386	4386	4386	4	76	0
2014-12-22	4358	4389	4358	4368	30	76	0
2014-12-23	4395	4409	4395	4402	28	74	0
2014-12-24	4413	4413	4399	4407	12	76	0
2014-12-25	4398	4398	4398	4398	2	78	0
2014-12-26	4388	4388	4388	4388	2	80	0
2014-12-29	4408	4483	4408	4483	6	80	0
2014-12-30	4488	4488	4416	4418	14	74	0
2014-12-31	4463	4466	4463	4466	4	78	0
2015-01-05	4460	4482	4460	4472	8	76	0
2015-01-06	4499	4499	4471	4484	6	76	0
2015-01-07	4479	4486	4479	4486	4	76	0
2015-01-09	4458	4468	4458	4468	4	72	0
2015-01-12	4467	4467	4467	4467	2	70	0
2015-01-13	4559	4559	4505	4507	22	54	0
2015-01-15	4511	4600	4454	4535	42	70	0
2015-01-16	4515	4515	4514	4514	6	70	0
2015-01-19	4515	4595	4475	4531	14	72	0
2015-01-20	4515	4515	4515	4515	2	72	0
2015-01-21	4569	4569	4522	4522	6	74	0
2015-01-22	4537	4537	4496	4536	16	74	0
2015-01-27	4525	4526	4515	4523	16	72	0
2015-01-29	4525	4525	4509	4509	4	74	0
2015-02-03	4408	4408	4399	4399	4	74	0
2015-02-04	4492	4492	4330	4330	6	74	0
2015-02-05	4433	4454	4410	4423	38	74	0
2015-02-06	4338	4589	4338	4520	10	74	0
2015-02-09	4572	4572	4541	4541	4	76	0
2015-02-10	4490	4511	4490	4511	4	72	0
2015-02-11	4516	4521	4498	4508	14	74	0
2015-02-12	4591	4592	4591	4592	8	82	0
2015-02-13	4603	4603	4603	4603	4	78	0
2015-02-16	4728	4758	4706	4757	34	78	0
2015-02-17	4746	4746	4746	4746	4	74	0
2015-02-26	4726	4761	4726	4748	18	72	0
2015-02-27	4744	4744	4708	4708	4	70	0
2015-03-02	4711	4715	4706	4715	10	70	0
2015-03-05	4722	4732	4722	4732	4	72	0
2015-03-06	4719	4719	4719	4719	2	70	0
2015-03-09	4737	4737	4737	4737	2	70	0
2015-03-12	4860	4896	4860	4896	6	70	0
2015-03-13	4948	5045	4851	4878	16	62	0
2015-03-16	4899	4899	4899	4899	2	62	0
2015-03-17	4729	4818	4729	4818	6	60	0
2015-03-20	4848	4865	4676	4788	34	60	0
2015-03-24	4849	4948	4813	4948	32	74	0
2015-03-25	4898	4898	4846	4846	6	68	0
2015-03-27	4713	4940	4713	4824	18	62	0
2015-03-30	4743	4773	4743	4752	6	64	0
2015-03-31	4773	4773	4718	4745	32	70	0
2015-04-01	4782	4782	4748	4748	12	66	0
2015-04-02	4737	4775	4696	4696	38	66	0
2015-04-07	4736	4799	4658	4683	78	66	0
2015-04-08	4756	4808	4749	4808	34	56	0
2015-04-09	4819	4821	4791	4809	38	58	0
2015-04-13	4787	4796	4784	4791	10	56	0
2015-04-14	4811	4811	4789	4789	8	56	0
2015-04-15	4754	4754	4754	4754	2	56	0
2015-04-16	4758	4758	4722	4726	18	54	0
2015-04-21	4741	4742	4717	4728	10	54	0
2015-04-23	4736	4736	4719	4719	4	56	0
2015-04-24	4742	4742	4727	4727	4	56	0
2015-05-04	4718	4733	4718	4728	22	56	0
2015-05-05	4729	4771	4729	4767	44	68	0
2015-05-06	4880	4911	4880	4898	30	62	0
2015-05-07	4919	4919	4884	4901	32	60	0
2015-05-08	4899	4917	4890	4903	52	60	0
2015-05-13	4898	4913	4821	4881	82	56	0
2015-05-14	4857	4871	4734	4752	74	58	0
2015-05-15	4621	4680	4603	4603	60	64	0
2015-05-18	4628	4696	4486	4542	124	104	0
2015-05-19	4579	4581	4533	4559	46	80	0
2015-05-20	4558	4561	4540	4550	12	82	0
2015-05-21	4539	4560	4447	4447	18	86	0
2015-05-22	4464	4530	4464	4511	38	92	0
2015-05-25	4501	4576	4499	4518	46	76	0
2015-05-26	4521	4569	4517	4529	46	74	0
2015-05-27	4539	4566	4538	4566	10	84	0
2015-05-28	4576	4576	4539	4548	26	80	0
2015-05-29	4583	4583	4520	4520	6	78	0
2015-06-01	4532	4540	4526	4530	44	90	0
2015-06-02	4531	4531	4454	4503	46	92	0
2015-06-03	4499	4499	4457	4486	24	96	0
2015-06-04	4474	4483	4473	4481	16	94	0
2015-06-05	4485	4494	4485	4494	12	98	0
2015-06-08	4498	4498	4334	4344	266	226	0
2015-06-09	4316	4348	4305	4312	270	270	0
2015-06-10	4287	4359	4264	4271	336	440	0
2015-06-11	4265	4270	4123	4163	476	568	0
2015-06-12	4175	4175	4009	4022	1202	1140	0
2015-06-15	3955	4000	3904	3904	1920	1530	0
2015-06-16	3909	3923	3864	3877	2222	2096	0
2015-06-17	3859	3898	3855	3883	1466	2278	0
2015-06-18	3893	3893	3851	3855	1862	2694	0
2015-06-19	3852	3862	3785	3807	2270	3202	0
2015-06-23	3815	3821	3790	3801	1624	3462	0
2015-06-24	3803	3821	3784	3798	1196	3580	0
2015-06-25	3808	3812	3796	3799	1254	3974	0
2015-06-26	3822	3822	3774	3774	1426	4194	0
2015-06-29	3786	3796	3643	3691	2178	4318	0
2015-06-30	3670	3677	3581	3636	3130	3768	0
2015-07-01	3683	3731	3652	3689	3286	3756	0
2015-07-02	3691	3701	3638	3663	1522	3832	0
2015-07-03	3684	3748	3681	3747	2574	3652	0
2015-07-06	3716	3750	3657	3669	3162	3776	0
2015-07-07	3628	3726	3614	3664	2154	3778	0
2015-07-08	3563	3597	3538	3542	4192	3288	0
2015-07-09	3667	3702	3603	3669	2536	2826	0
2015-07-10	3729	3756	3688	3732	3804	3392	0
2015-07-13	3726	3754	3701	3754	1908	3096	0
2015-07-14	3765	3780	3722	3728	3002	4024	0
2015-07-15	3717	3735	3603	3653	2812	4058	0
2015-07-16	3642	3658	3614	3645	1488	3974	0
2015-07-17	3631	3639	3619	3633	732	3956	0
2015-07-20	3639	3666	3636	3662	908	3966	0
2015-07-21	3673	3685	3666	3673	692	4004	0
2015-07-22	3681	3687	3638	3685	790	4114	0
2015-07-23	3689	3702	3675	3694	512	4126	0
2015-07-24	3688	3698	3620	3685	766	4206	0
2015-07-27	3651	3681	3647	3652	1010	4454	0
2015-07-28	3658	3702	3658	3699	580	4512	0
2015-07-29	3712	3744	3691	3723	744	4524	0
2015-07-30	3737	3742	3718	3737	1006	4554	0
2015-07-31	3719	3739	3719	3728	720	4536	0
2015-08-03	3739	3802	3717	3802	1654	4570	0
2015-08-04	3825	3909	3769	3890	2438	4858	0
2015-08-05	3904	3937	3866	3869	1970	4978	0
2015-08-06	3864	3914	3824	3884	2796	5426	0
2015-08-07	3902	3929	3844	3866	2958	5680	0
2015-08-10	3895	3908	3862	3881	686	5498	0
2015-08-11	3882	3907	3851	3872	1036	5524	0
2015-08-12	3856	3965	3840	3843	1238	5390	0
2015-08-13	3828	3883	3828	3839	586	5362	0
2015-08-14	3870	3882	3864	3880	400	3302	0
2015-08-17	3869	3881	3864	3881	168	3264	0
2015-08-18	3867	3880	3866	3866	158	3188	0
2015-08-19	3864	3865	3846	3854	656	3228	0
2015-08-20	3853	3853	3748	3772	406	3100	0
2015-08-21	3751	3808	3740	3778	226	3022	0
2015-08-24	3781	3890	3775	3832	286	2198	0
2015-08-25	3840	3893	3812	3847	520	1898	0
2015-08-26	3868	3897	3838	3885	218	1812	0
2015-08-27	3933	3939	3868	3895	120	1782	0
2015-08-28	3954	3985	3809	3809	304	1722	0
2015-08-31	3796	3986	3783	3910	596	1570	0
2015-09-01	3785	3858	3774	3827	312	1258	0
2015-09-08	3875	3875	3821	3821	4	1258	0
2015-09-09	3897	3897	3822	3857	36	1256	0
2015-09-10	3875	3875	3837	3839	14	1254	0
2015-09-11	3888	3888	3835	3846	8	1254	0
2015-09-15	3881	3881	3842	3842	22	1246	0
2015-09-16	3826	3863	3826	3845	30	1242	0
2015-09-17	4200	4252	4193	4193	46	458	0
2015-09-18	4206	4211	4187	4187	18	456	0
2015-09-21	4069	4249	4069	4162	80	456	0
2015-09-22	4141	4220	4141	4220	4	458	0
2015-09-24	4188	4189	4188	4189	4	458	0
2015-09-25	4191	4200	4180	4194	24	446	0
2015-09-28	4198	4198	4195	4195	4	446	0
2015-09-29	4195	4195	4132	4151	14	448	0
2015-09-30	4170	4196	4131	4131	16	450	0
2015-10-08	4160	4188	4143	4180	16	456	0
2015-10-09	4161	4161	4159	4160	8	448	0
2015-10-12	4142	4175	4141	4175	8	448	0
2015-10-13	4170	4170	4170	4170	2	446	0
2015-10-20	4167	4171	4167	4171	4	448	0
2015-10-21	4168	4168	4168	4168	2	448	0
2015-10-22	4167	4170	4167	4170	4	448	0
2015-10-23	4110	4227	4108	4160	16	448	0
2015-10-26	4187	4188	4165	4166	12	450	0
2015-10-27	4179	4180	4179	4180	8	446	0
2015-10-28	4189	4189	4189	4189	2	446	0
2015-10-29	4169	4169	4169	4169	2	444	0
2015-10-30	4172	4190	4172	4189	6	446	0
2015-11-02	4222	4222	4032	4061	122	456	0
2015-11-03	4148	4149	3969	3995	170	462	0
2015-11-04	3964	4031	3964	4020	20	462	0
2015-11-05	3943	4028	3943	4028	28	456	0
2015-11-06	4077	4103	4003	4056	22	452	0
2015-11-09	4083	4083	4040	4042	10	452	0
2015-11-10	4042	4042	4039	4039	8	446	0
2015-11-11	3957	4051	3957	4051	34	446	0
2015-11-12	4024	4024	4012	4012	4	444	0
2015-11-13	4003	4060	4002	4002	10	446	0
2015-11-16	4033	4033	4033	4033	2	446	0
2015-11-18	4127	4129	4002	4023	42	450	0
2015-11-19	4092	4092	3905	4005	138	452	0
2015-11-20	4020	4059	4005	4038	116	444	0
2015-11-23	4093	4097	4019	4053	92	448	0
2015-11-24	4124	4124	4024	4069	56	446	0
2015-11-25	4069	4097	4069	4097	14	446	0
2015-11-26	4104	4171	4075	4137	26	442	0
2015-11-27	4150	4151	4086	4093	156	520	0
2015-11-30	4067	4102	4067	4102	4	520	0
2015-12-02	4122	4122	4041	4082	20	522	0
2015-12-07	4094	4142	4094	4118	20	522	0
2015-12-08	4088	4094	4088	4094	10	520	0
2015-12-11	4115	4115	3934	4072	158	536	0
2015-12-14	4072	4089	4042	4086	40	534	0
2015-12-15	4160	4160	4080	4080	6	536	0
2015-12-16	4246	4246	4056	4071	74	566	0
2015-12-17	4090	4090	4090	4090	2	566	0
2015-12-18	4093	4122	4021	4025	344	746	0
2015-12-21	4010	4043	3974	4020	110	734	0
2015-12-22	4005	4013	4005	4011	12	734	0
2015-12-23	3960	3992	3960	3988	14	738	0
2015-12-24	4005	4009	3986	3986	28	732	0
2015-12-28	3963	3994	3963	3981	8	730	0
2015-12-29	3980	4001	3977	3999	24	728	0
2015-12-30	3998	3999	3982	3982	10	728	0
2015-12-31	4001	4003	3962	3971	64	728	0
2016-01-04	3932	3986	3854	3916	146	770	0
2016-01-05	4039	4043	3881	3948	218	704	0
2016-01-06	3916	3986	3916	3957	28	702	0
2016-01-07	3984	3985	3957	3957	18	698	0
2016-01-08	3918	3935	3865	3906	58	722	0
2016-01-11	3909	3909	3884	3884	14	720	0
2016-01-12	3803	3879	3803	3879	6	720	0
2016-01-13	3901	3901	3847	3872	18	730	0
2016-01-14	3998	3998	3840	3889	56	702	0
2016-01-15	3903	3903	3871	3871	28	714	0
2016-01-18	3882	3882	3882	3882	4	710	0
2016-01-19	3886	3893	3858	3872	20	706	0
2016-01-20	3875	3882	3875	3882	8	706	0
2016-01-22	3934	3934	3875	3916	78	710	0
2016-01-25	3941	3941	3879	3879	14	708	0
2016-01-26	3923	3923	3923	3923	2	710	0
2016-01-27	3924	3934	3883	3919	38	708	0
2016-01-28	3998	3998	3904	3927	122	758	0
2016-02-01	3907	3917	3907	3917	8	754	0
2016-02-04	3871	3921	3871	3921	6	754	0
2016-02-05	3879	3903	3879	3886	8	756	0
2016-02-16	3899	3914	3883	3883	16	756	0
2016-02-17	3899	3900	3871	3891	16	758	0
2016-02-18	3904	3936	3904	3914	22	756	0
2016-02-22	3929	3934	3910	3934	10	756	0
2016-02-23	3805	3952	3805	3935	22	756	0
2016-02-24	3920	3927	3892	3927	12	752	0
2016-02-25	3898	3898	3893	3893	6	750	0
2016-03-01	3928	3928	3928	3928	4	748	0
2016-03-03	3898	3898	3898	3898	2	746	0
2016-03-04	3949	3957	3878	3899	14	748	0
2016-03-07	3893	3992	3893	3961	54	748	0
2016-03-08	3940	4049	3873	4001	158	776	0
2016-03-09	3907	3963	3907	3958	16	772	0
2016-03-10	4038	4038	3942	3965	32	772	0
2016-03-11	3937	4010	3937	3993	12	776	0
2016-03-14	3983	3990	3955	3955	78	798	0
2016-03-15	3972	3997	3929	3933	72	768	0
2016-03-16	3911	3952	3911	3936	36	754	0
2016-03-17	3936	3936	3936	3936	2	754	0
2016-03-18	3936	3969	3905	3942	100	724	0
2016-03-21	3925	3946	3915	3936	92	690	0
2016-03-22	3931	3945	3925	3945	40	686	0
2016-03-23	3940	3977	3940	3948	58	682	0
2016-03-24	3891	3938	3890	3922	46	678	0
2016-03-25	3924	4013	3902	4000	1030	766	0
2016-03-28	3987	3998	3972	3973	62	766	0
2016-03-29	3973	3973	3921	3958	52	752	0
2016-03-30	3941	3947	3941	3947	8	750	0
2016-03-31	3932	3932	3904	3917	48	748	0
2016-04-01	3912	3932	3888	3932	88	724	0
2016-04-05	3981	3981	3916	3964	44	726	0
2016-04-06	3922	3959	3913	3923	32	722	0
2016-04-07	3913	3915	3911	3915	10	722	0
2016-04-08	3890	3912	3890	3902	16	722	0
2016-04-11	3905	3982	3905	3932	46	726	0
2016-04-12	3950	3958	3907	3915	66	730	0
2016-04-13	3908	4020	3908	3970	236	702	0
2016-04-14	3935	3968	3933	3933	114	696	0
2016-04-15	3931	3948	3888	3912	114	698	0
2016-04-18	3930	3935	3900	3926	154	694	0
2016-04-19	3914	3930	3880	3905	146	696	0
2016-04-20	3928	4007	3906	3915	800	700	0
2016-04-21	3978	4116	3978	4052	2726	2104	0
2016-04-22	3952	4051	3902	3950	1394	2114	0
2016-04-25	3967	3967	3923	3943	416	1990	0
2016-04-26	3976	4031	3891	3952	1426	1922	0
2016-04-27	3956	3968	3938	3952	432	1734	0
2016-04-28	3944	3967	3933	3950	388	1594	0
2016-04-29	3956	3956	3944	3954	338	1372	0
2016-05-03	3944	3996	3944	3961	542	1382	0
2016-05-04	3969	3972	3948	3959	276	1384	0
2016-05-05	3961	3977	3950	3974	522	1410	0
2016-05-06	3938	3953	3920	3950	312	1406	0
2016-05-09	3960	3990	3944	3970	416	1418	0
2016-05-10	3963	3975	3945	3962	174	1396	0
2016-05-11	4015	4054	3982	3988	1872	1446	0
2016-05-12	3966	4012	3966	3987	554	1454	0
2016-05-13	3967	3978	3906	3917	568	1446	0
2016-05-16	3930	3942	3925	3935	222	1454	0
2016-05-17	3943	3949	3933	3949	204	1458	0
2016-05-18	3952	3993	3945	3945	506	1448	0
2016-05-19	3944	3967	3922	3934	244	1450	0
2016-05-20	3917	3936	3912	3933	228	1444	0
2016-05-23	3921	3996	3856	3967	846	1430	0
2016-05-24	3951	4016	3947	4014	700	1454	0
2016-05-25	4013	4036	4005	4014	326	1398	0
2016-05-26	4052	4078	4017	4075	614	1554	0
2016-05-27	4063	4074	4039	4060	446	1472	0
2016-05-30	4079	4136	4073	4103	844	1228	0
2016-05-31	4080	4128	4048	4071	702	1156	0
2016-06-01	4044	4156	4044	4137	438	1232	0
2016-06-02	4156	4274	4134	4265	886	1264	0
2016-06-03	4352	4352	4227	4250	836	1372	0
2016-06-06	4251	4269	4184	4207	456	1334	0
2016-06-07	4207	4232	4172	4206	306	1338	0
2016-06-08	4187	4248	4178	4199	186	1306	0
2016-06-13	4199	4284	4180	4207	866	1350	0
2016-06-14	4216	4220	4114	4162	1450	1152	0
2016-06-15	4167	4230	4141	4174	290	1144	0
2016-06-16	4150	4162	4130	4139	118	1146	0
2016-06-17	4145	4190	4141	4190	156	1124	0
2016-06-20	4183	4194	4145	4174	134	1142	0
2016-06-21	4164	4194	4154	4178	64	1118	0
2016-06-22	4164	4201	4162	4183	68	1094	0
2016-06-23	4160	4181	4159	4163	58	1092	0
2016-06-24	4176	4179	4127	4161	48	1090	0
2016-06-27	4161	4288	4109	4233	278	1086	0
2016-06-28	4204	4241	4204	4237	130	1084	0
2016-06-29	4211	4229	4190	4197	142	1090	0
2016-06-30	4144	4311	4076	4311	230	1094	0
2016-07-01	4232	4303	4232	4298	64	1106	0
2016-07-04	4266	4282	4265	4276	120	1168	0
2016-07-05	4262	4271	4262	4267	48	1158	0
2016-07-06	4207	4217	4207	4217	6	1160	0
2016-07-07	4153	4156	4110	4111	54	878	0
2016-07-08	4119	4119	4074	4091	172	812	0
2016-07-11	4077	4092	4073	4092	34	812	0
2016-07-12	4088	4092	4080	4084	88	810	0
2016-07-13	4086	4159	4086	4131	840	982	0
2016-07-14	4123	4144	4117	4131	96	960	0
2016-07-15	4163	4245	4163	4175	24	338	0
2016-07-18	4192	4260	4181	4258	70	356	0
2016-07-19	4274	4287	4194	4258	102	344	0
2016-07-20	4256	4256	4200	4240	32	344	0
2016-07-21	4251	4296	4074	4127	558	334	0
2016-07-22	4048	4157	4048	4157	164	282	0
2016-07-25	4154	4155	4120	4138	38	266	0
2016-07-26	4084	4153	4084	4150	230	90	0
2016-07-27	4127	4152	4088	4148	56	78	0
2016-07-28	4153	4209	4141	4189	20	76	0
2016-07-29	4188	4188	4116	4161	22	66	0
2016-08-01	4204	4204	4146	4198	10	66	0
2016-08-02	4102	4184	4102	4181	42	48	0
2016-08-04	4115	4115	4115	4115	2	46	0
2016-08-08	4122	4122	4122	4122	2	46	0
2016-08-09	4160	4169	4065	4115	42	42	0
2016-08-11	4101	4114	4076	4084	8	40	0
2016-08-12	4052	4123	4019	4101	20	36	0
2016-08-16	3969	4137	3969	4072	22	36	0
2016-08-17	4127	4175	4100	4131	36	24	0
2016-08-18	4217	4305	4217	4305	50	20	0
2016-08-19	4410	4410	4261	4261	54	8	0
2016-08-22	4261	4443	4261	4399	12	6	0
2016-08-23	4338	4338	4259	4259	4	2	0
2016-08-25	4299	4299	4299	4299	2	2	0
2016-11-16	4220	4377	4220	4377	242	112	0
2016-11-17	4580	4664	4436	4663	424	240	0
2016-11-18	4745	4748	4660	4732	1160	376	0
2016-11-21	4755	4755	4677	4722	312	304	0
2016-11-22	4742	4742	4681	4691	228	258	0
2016-11-23	4696	4739	4696	4700	76	236	0
2016-11-24	4699	4720	4695	4695	92	216	0
2016-11-25	4714	4754	4707	4745	42	204	0
2016-11-28	4720	4911	4714	4814	136	214	0
2016-11-29	4828	4896	4766	4862	78	230	0
2016-11-30	4802	4984	4801	4844	404	188	0
2016-12-01	4786	4909	4786	4815	64	164	0
2016-12-02	4854	4860	4805	4822	30	164	0
2016-12-05	4791	4988	4705	4845	152	162	0
2016-12-06	4876	4978	4850	4881	132	164	0
2016-12-07	4856	4936	4856	4936	60	136	0
2016-12-08	4901	4901	4901	4901	4	136	0
2016-12-09	4890	4890	4887	4887	12	132	0
2016-12-12	4878	4972	4878	4972	28	146	0
2016-12-13	4989	4996	4921	4979	48	136	0
2016-12-14	4932	4979	4932	4965	44	168	0
2016-12-15	4978	5158	4968	5002	48	176	0
2016-12-16	5009	5009	5009	5009	2	176	0
2016-12-20	4939	4950	4939	4950	8	176	0
2016-12-22	5001	5001	4968	4968	4	176	0
2016-12-23	4969	4969	4892	4968	26	174	0
2016-12-26	5016	5018	4882	4882	28	176	0
2016-12-27	4806	4980	4806	4942	26	182	0
2016-12-28	5100	5104	4968	4968	34	180	0
2016-12-29	4990	4990	4990	4990	2	180	0
2016-12-30	4855	5086	4855	4969	106	178	0
2017-01-02	4969	4969	4969	4969	106	178	0
2017-01-03	4904	4904	4812	4882	26	190	0
2017-01-04	4942	4997	4896	4927	40	180	0
2017-01-06	4872	4914	4818	4890	60	198	0
2017-01-09	4812	4911	4812	4906	20	194	0
2017-01-10	4901	4901	4853	4853	10	194	0
2017-01-11	4879	4979	4879	4979	24	198	0
2017-01-12	4943	4943	4943	4943	6	196	0
2017-01-13	4989	4990	4853	4867	78	200	0
2017-01-16	4889	5080	4869	4969	52	186	0
2017-01-17	4991	5000	4976	4976	10	182	0
2017-01-18	4981	4981	4981	4981	2	184	0
2017-01-19	4992	4992	4992	4992	2	186	0
2017-01-23	5044	5047	4918	4918	20	186	0
2017-01-24	4974	5031	4886	4891	344	172	0
2017-01-25	4941	4941	4847	4895	14	170	0
2017-01-26	4919	4969	4919	4969	34	162	0
2017-02-06	4990	4999	4970	4970	14	166	0
2017-02-07	4985	4985	4978	4978	6	160	0
2017-02-08	4872	4968	4870	4933	46	166	0
2017-02-09	4926	4947	4926	4941	8	164	0
2017-02-13	5178	5178	4863	4897	100	162	0
2017-02-14	4895	4961	4868	4961	40	152	0
2017-02-15	4953	4953	4946	4946	6	150	0
2017-02-16	4907	4943	4907	4943	8	148	0
2017-02-17	4939	4940	4939	4940	4	146	0
2017-02-20	4929	4929	4888	4915	16	146	0
2017-02-21	4949	4949	4879	4879	10	148	0
2017-02-23	4924	4960	4905	4959	34	146	0
2017-02-24	4959	4959	4864	4878	38	148	0
2017-02-27	4890	4903	4890	4902	20	138	0
2017-02-28	4921	4943	4921	4943	6	138	0
2017-03-01	4964	5006	4964	4966	20	130	0
2017-03-02	4981	4988	4906	4975	86	144	0
2017-03-03	4965	4965	4804	4890	44	134	0
2017-03-06	4949	4949	4816	4859	46	118	0
2017-03-07	4860	5030	4860	4952	104	64	0
2017-03-08	4863	4905	4863	4890	12	64	0
2017-03-09	4947	5012	4940	4998	82	108	0
2017-03-10	5019	5019	5002	5004	42	94	0
2017-03-13	5025	5055	4951	4990	78	68	0
2017-03-14	4975	4985	4936	4971	24	66	0
2017-03-15	5006	5006	4980	5001	14	64	0
2017-03-16	4989	4998	4989	4996	6	64	0
2017-03-20	4951	5070	4951	4994	114	64	0
2017-03-21	4973	4995	4954	4954	36	64	0
2017-03-22	4984	4989	4978	4989	16	64	0
2017-03-24	4978	5008	4964	4987	32	76	0
2017-03-27	4993	5001	4993	5001	6	80	0
2017-03-29	5009	5009	4992	4992	14	80	0
2017-03-31	4975	5021	4975	5007	46	86	0
2017-04-07	5020	5040	5014	5040	24	80	0
2017-04-10	5033	5033	5032	5032	6	76	0
2017-04-11	5008	5008	5008	5008	4	72	0
2017-04-12	5026	5026	5026	5026	4	70	0
2017-04-13	5076	5076	5000	5000	4	68	0
2017-04-14	5003	5068	4983	5065	20	58	0
2017-04-17	5022	5061	5007	5007	16	50	0
2017-04-18	5027	5027	5000	5000	16	50	0
2017-04-19	5017	5017	5004	5004	6	48	0
2017-04-20	4987	4987	4987	4987	2	48	0
2017-04-21	4947	4976	4913	4957	20	54	0
2017-04-24	4906	4932	4865	4932	12	56	0
2017-04-25	4907	4908	4907	4908	4	60	0
2017-04-26	4909	4912	4902	4902	8	62	0
2017-04-27	5008	5008	4769	4922	26	64	0
2017-04-28	5013	5013	4791	4921	20	60	0
2017-05-02	4921	4921	4903	4903	2	60	0
2017-05-03	4925	4925	4900	4900	8	62	0
2017-05-04	4928	4928	4894	4894	14	54	0
2017-05-05	4881	4917	4881	4917	4	56	0
2017-05-08	4903	4923	4903	4907	16	60	0
2017-05-09	4891	4891	4796	4887	28	60	0
2017-05-10	5064	5077	4901	4923	30	52	0
2017-05-11	4889	4895	4854	4895	24	48	0
2017-05-12	4699	4801	4699	4796	40	42	0
2017-05-15	4848	4848	4782	4782	14	34	0
2017-05-16	4788	4788	4788	4788	2	34	0
2017-05-17	4804	4804	4804	4804	2	34	0
2017-05-19	4825	4839	4822	4839	18	32	0
2017-05-22	4831	4831	4831	4831	2	30	0
2017-05-25	4843	4876	4843	4876	6	34	0
2017-05-26	4877	4927	4877	4925	64	44	0
2017-05-31	4925	4925	4925	4925	64	44	0
2017-06-01	4881	5011	4881	4985	44	48	0
2017-06-02	5031	5055	5011	5055	22	56	0
2017-06-05	5044	5065	5044	5052	10	60	0
2017-06-06	5060	5060	5004	5004	10	62	0
2017-06-07	5057	5100	4988	5062	82	90	0
2017-06-08	5063	5116	5062	5062	30	84	0
2017-06-09	5095	5119	5059	5067	22	82	0
2017-06-12	5111	5111	5039	5039	12	80	0
2017-06-13	5083	5094	5066	5084	12	78	0
2017-06-14	5080	5559	4943	5096	136	50	0
2017-06-15	5031	5195	5031	5096	46	56	0
2017-06-16	5079	5175	5079	5175	20	64	0
2017-06-19	5172	5265	5164	5238	34	62	0
2017-06-20	4775	5312	4775	5196	46	62	0
2017-06-21	5167	5243	5059	5066	76	50	0
2017-06-22	5064	5130	5024	5088	22	50	0
2017-06-23	5191	5191	5191	5191	2	50	0
2017-06-26	5180	5182	5097	5098	52	54	0
2017-06-27	5048	5183	5048	5169	16	56	0
2017-06-28	5191	5281	5191	5191	8	58	0
2017-06-29	5296	5318	5171	5318	16	56	0
2017-06-30	5266	5391	4994	5188	78	4	0
2017-07-03	5219	5220	5219	5220	4	8	0
2017-07-04	5258	5260	5253	5253	8	12	0
2017-07-06	5310	5379	5185	5271	54	10	0
2017-07-07	5279	5300	5257	5297	16	18	0
2017-07-10	5338	5338	5264	5270	18	16	0
2017-07-11	5289	5366	5233	5291	30	26	0
2017-07-12	5290	5290	5290	5290	2	26	0
2017-07-13	5291	5294	5288	5294	10	26	0
2017-07-14	5181	5318	5181	5275	48	20	0
2017-07-17	5293	5293	5199	5199	26	8	0
2017-07-18	5350	5350	4900	5249	46	4	0
2017-07-20	5001	5236	5001	5156	30	8	0
2017-07-21	5230	5231	5229	5229	6	12	0
2017-07-24	5229	5246	5156	5235	16	10	0
2017-07-25	5455	5455	5288	5288	8	14	0
2017-07-27	5201	5348	5158	5270	38	16	0
2017-07-28	5234	5300	5112	5260	12	12	0
2017-08-01	5203	5276	5161	5272	18	16	0
2017-08-02	5271	5289	5270	5289	6	12	0
2017-08-03	5271	5292	5201	5292	50	16	0
2017-08-04	5279	5279	5277	5277	6	10	0
2017-08-09	5287	5287	5287	5287	2	10	0
2017-08-11	5199	5428	5199	5327	18	12	0
2017-08-14	5367	5396	5296	5296	8	10	0
2017-08-17	5347	5347	5347	5347	2	8	0
2017-08-18	5362	5362	5362	5362	2	8	0
2017-08-21	5387	5536	5153	5355	12	4	0
2017-08-25	5530	5530	5530	5530	2	4	0
2017-08-28	5012	5550	5012	5550	6	4	0
2017-08-31	5335	5335	5001	5001	12	2	0
2017-09-01	5444	5444	5444	5444	2	2	0
2017-09-25	5448	5448	5448	5448	2	2	0
2017-10-09	4972	5496	4972	5307	18	2	0
2017-10-12	5179	5179	5179	5179	2	2	0
2017-10-18	5519	5519	4857	5022	12	6	0
2017-10-19	5123	5123	5119	5119	4	2	0
2017-10-20	4854	5197	4854	5197	4	2	0
2017-11-10	5286	5459	5086	5229	12	2	0
2017-11-20	5738	5738	5738	5738	4	6	0
2017-11-21	5342	5342	5192	5192	8	2	0
2017-12-01	5196	5196	5196	5196	6	2	0
2017-12-07	5551	5551	5003	5003	6	2	0
2017-12-22	4645	5189	4645	5101	8	2	0
2018-01-29	5376	5503	5360	5376	28	22	0
2018-01-30	5286	5314	5286	5308	12	24	0
2018-02-05	5265	5275	5265	5272	16	12	0
2018-02-06	5258	5330	5258	5330	4	12	0
2018-02-12	5244	5317	5169	5299	24	14	0
2018-03-02	5294	5310	5292	5310	6	10	0
2018-03-09	5432	5432	5256	5256	10	6	0
2018-03-13	5258	5401	5226	5304	8	6	0
2018-03-14	5240	5302	5240	5293	14	12	0
2018-03-21	5394	5394	5290	5290	6	10	0
2018-03-22	5355	5540	4933	5090	48	18	0
2018-03-28	5147	5219	5147	5171	6	18	0
2018-03-29	5239	5349	5185	5201	14	14	0
2018-03-30	5208	5239	5208	5239	20	10	0
2018-04-02	5292	5292	5135	5289	14	2	0
2018-04-04	5205	5280	5183	5278	14	4	0
2018-04-09	5577	5577	5257	5412	152	16	0
2018-04-10	5405	5435	5329	5435	20	22	0
2018-04-11	5403	5403	5350	5377	20	14	0
2018-04-12	5359	5359	5296	5347	6	12	0
2018-04-13	5547	5547	5327	5329	14	10	0
2018-04-16	5469	5469	5351	5351	14	12	0
2018-04-17	5297	5297	4982	5290	26	14	0
2018-04-18	5229	5253	5229	5253	10	10	0
2018-04-19	5279	5279	5191	5191	4	10	0
2018-04-20	4983	5279	4983	5195	10	12	0
2018-04-23	5078	5388	5078	5252	74	14	0
2018-04-24	5247	5247	5246	5246	4	14	0
2018-04-26	5261	5261	5216	5259	6	12	0
2018-05-02	5259	5272	5181	5181	12	14	0
2018-05-07	5003	5364	5003	5226	22	14	0
2018-05-08	5314	5314	4965	5162	30	14	0
2018-05-09	5209	5274	5155	5218	16	14	0
2018-05-10	5167	5170	5167	5170	4	14	0
2018-05-11	5162	5267	5156	5156	8	12	0
2018-05-14	5220	5227	5216	5216	6	12	0
2018-05-16	5227	5279	5218	5279	6	10	0
2018-05-17	5240	5240	5240	5240	2	8	0
2018-05-18	5020	5194	5020	5180	12	8	0
2018-05-24	5245	5552	5139	5240	70	8	0
2018-05-25	5201	5201	5201	5201	2	8	0
2018-05-30	5234	5234	5186	5234	6	8	0
2018-05-31	5175	5175	5175	5175	2	10	0
2018-06-01	5175	5299	5173	5173	14	10	0
2018-06-05	5239	5245	5239	5245	4	10	0
2018-06-06	5240	5240	5240	5240	2	8	0
2018-06-07	5184	5269	5184	5269	4	8	0
2018-06-08	5321	5387	5214	5222	78	20	0
2018-06-11	5223	5223	5223	5223	12	10	0
2018-06-13	5193	5488	5141	5294	58	20	0
2018-06-14	5266	5271	5257	5271	10	14	0
2018-06-15	5748	5748	5225	5226	36	16	0
2018-06-19	5274	5349	5248	5300	84	12	0
2018-06-20	5307	5340	5260	5260	24	8	0
2018-06-21	5349	5576	5349	5576	224	96	0
2018-06-22	5541	5677	5479	5514	150	68	0
2018-06-25	5570	5681	5461	5461	198	44	0
2018-06-26	5440	5481	5440	5462	24	36	0
2018-06-27	5440	5743	5440	5541	64	48	0
2018-06-28	5559	5560	5496	5544	22	40	0
2018-06-29	5450	5466	5403	5438	64	22	0
2018-07-03	5417	5420	5417	5420	6	20	0
2018-07-04	5391	5411	5380	5382	12	16	0
2018-07-05	5389	5389	5389	5389	2	18	0
2018-07-06	5410	5490	5410	5490	26	24	0
2018-07-09	5430	5490	5430	5471	10	20	0
2018-07-10	5494	5494	5451	5451	24	16	0
2018-07-11	5452	5452	5452	5452	2	16	0
2018-07-12	5466	5466	5466	5466	2	16	0
2018-07-13	5420	5459	5262	5426	26	12	0
2018-07-17	5331	5378	5331	5368	6	14	0
2018-07-18	5438	5438	5334	5359	14	14	0
2018-07-24	5383	5408	5353	5353	6	12	0
2018-07-31	5381	5381	5381	5381	2	10	0
2018-08-01	5318	5339	5317	5339	6	10	0
2018-08-03	5301	5301	5301	5301	2	12	0
2018-08-06	5271	5271	5271	5271	2	12	0
2018-08-07	5544	5544	5284	5465	40	12	0
2018-08-08	5369	5495	5369	5495	4	12	0
2018-08-09	5289	5487	5289	5458	8	12	0
2018-08-15	5472	5472	5304	5402	14	12	0
2018-08-16	5369	5370	5357	5370	6	12	0
2018-08-17	5320	5320	5320	5320	2	10	0
2018-08-20	5364	5442	5364	5442	10	6	0
2018-08-22	4890	5400	4890	5400	20	6	0
2018-08-23	5460	5460	5460	5460	2	4	0
2018-08-24	5286	5522	4914	5391	38	8	0
2018-08-27	5409	5409	5317	5330	10	6	0
2018-08-28	5499	5499	5499	5499	2	4	0
2018-08-29	4879	5694	4613	5346	22	12	0
2018-08-30	5157	5456	5157	5358	108	28	0
2018-08-31	5422	5467	5364	5400	82	20	0
2018-09-03	5466	5466	5372	5412	24	18	0
2018-09-04	5411	5417	5380	5380	10	20	0
2018-09-05	5413	5413	5413	5413	2	20	0
2018-09-06	5425	5425	5395	5395	4	20	0
2018-09-10	5416	5480	5415	5480	12	12	0
2018-09-13	5348	5501	5348	5465	54	22	0
2018-09-17	5440	5457	5415	5457	10	24	0
2018-09-18	5444	5444	5444	5444	2	26	0
2018-09-21	5441	5441	5441	5441	2	24	0
2018-09-28	5436	5436	5433	5433	4	22	0
2018-10-08	5469	5474	5469	5474	6	26	0
2018-10-09	5467	5473	5336	5452	40	30	0
2018-10-11	5488	5488	5488	5488	2	30	0
2018-10-12	5496	5496	5457	5457	4	30	0
2018-11-08	5379	5379	5379	5379	2	30	0
2018-11-13	5475	5475	5453	5469	26	32	0
2018-11-14	5521	5521	5521	5521	2	32	0
2018-11-15	5480	5480	5480	5480	2	32	0
2018-11-19	5549	5549	5368	5493	6	32	0
2018-11-21	5485	5485	5454	5466	8	32	0
2018-11-23	5514	5514	5514	5514	4	32	0
2018-11-26	5476	5481	5453	5453	16	24	0
2018-11-30	5506	5506	5462	5463	12	16	0
2018-12-03	5488	5488	5398	5398	12	16	0
2018-12-04	5438	5438	5438	5438	2	14	0
2018-12-10	5470	5470	5408	5408	4	14	0
2018-12-14	5357	5457	5357	5439	10	16	0
2018-12-17	5399	5406	5399	5406	2	14	0
2018-12-25	5332	5440	5332	5411	14	22	0
2018-12-26	5391	5400	5276	5400	16	18	0
2018-12-27	5371	5406	5371	5406	4	14	0
2019-01-07	5321	5411	5321	5391	12	18	0
2019-01-10	5407	5407	5407	5407	2	18	0
2019-01-14	5436	5436	5407	5407	6	18	0
2019-01-16	5390	5390	5390	5390	4	18	0
2019-01-17	5209	5380	5209	5359	20	18	0
2019-01-18	5376	5412	5329	5369	20	18	0
2019-01-21	5352	5439	5334	5360	38	20	0
2019-01-22	5388	5388	5210	5360	44	20	0
2019-01-23	5366	5375	5366	5375	4	20	0
2019-01-24	5209	5349	5209	5349	12	16	0
2019-01-28	5386	5389	5386	5389	4	14	0
2019-01-29	5346	5346	5108	5108	12	18	0
2019-01-30	5397	5407	5265	5343	62	16	0
2019-01-31	5313	5330	5310	5330	8	14	0
2019-02-01	5346	5346	5332	5332	6	10	0
2019-02-20	5344	5344	5101	5110	50	38	0
2019-02-22	5129	5129	5129	5129	2	36	0
2019-02-27	5047	5047	5047	5047	2	36	0
2019-03-01	5049	5085	5020	5085	30	32	0
2019-03-05	5060	5060	4773	4799	154	146	0
2019-03-06	4730	4793	4730	4742	70	156	0
2019-03-07	4737	4737	4705	4733	30	156	0
2019-03-08	4697	4729	4592	4642	152	244	0
2019-03-11	4546	4640	4501	4521	62	248	0
2019-03-12	4434	4479	4406	4454	268	344	0
2019-03-13	4455	4495	4424	4458	60	350	0
2019-03-14	4419	4476	4419	4464	178	346	0
2019-03-15	4443	4545	4443	4486	158	304	0
2019-03-18	4505	4535	4417	4517	124	320	0
2019-03-19	4515	4516	4479	4480	34	314	0
2019-03-20	4505	4511	4474	4480	64	314	0
2019-03-21	4489	4492	4455	4483	64	312	0
2019-03-22	4466	4532	4447	4499	106	310	0
2019-03-25	4528	4726	4472	4548	326	320	0
2019-03-26	4561	4649	4561	4573	214	322	0
2019-03-27	4639	4997	4610	4937	2614	502	0
2019-03-28	4793	4793	4491	4499	4598	1232	0
2019-03-29	4523	4640	4381	4481	3372	1550	0
2019-04-01	4449	4577	4416	4484	1082	1540	0
2019-04-02	4521	4536	4499	4508	646	1578	0
2019-04-03	4514	4622	4495	4504	1362	1628	0
2019-04-04	4514	4523	4486	4505	302	1602	0
2019-04-08	4505	4560	4503	4508	374	1612	0
2019-04-09	4490	4516	4489	4489	224	1596	0
2019-04-10	4496	4498	4408	4421	1192	2078	0
2019-04-11	4433	4433	4402	4409	1310	2704	0
2019-04-12	4412	4413	4388	4390	304	2666	0
2019-04-15	4360	4441	4360	4415	186	2658	0
2019-04-16	4393	4416	4392	4397	164	2696	0
2019-04-17	4389	4411	4385	4398	202	2754	0
2019-04-18	4389	4403	4384	4393	140	2740	0
2019-04-19	4393	4410	4383	4397	216	2708	0
2019-04-22	4428	4428	4391	4404	342	2664	0
2019-04-23	4413	4428	4385	4392	428	2602	0
2019-04-24	4384	4399	4384	4385	184	2554	0
2019-04-25	4397	4397	4375	4376	256	2522	0
2019-04-26	4388	4398	4379	4385	194	2492	0
2019-04-29	4389	4396	4381	4382	138	2484	0
2019-04-30	4396	4396	4383	4396	124	2472	0
2019-05-06	4381	4414	4371	4371	176	2430	0
2019-05-07	4389	4403	4383	4393	110	2446	0
2019-05-08	4395	4398	4352	4383	338	2424	0
2019-05-09	4389	4397	4380	4396	200	2440	0
2019-05-10	4383	4396	4375	4378	128	2448	0
2019-05-13	4357	4399	4357	4393	166	2420	0
2019-05-14	4382	4404	4227	4348	258	2374	0
2019-05-15	4371	4371	4352	4362	78	2378	0
2019-05-16	4372	4384	4370	4376	82	2382	0
2019-05-17	4371	4384	4342	4362	108	2356	0
2019-05-20	4341	4404	4341	4374	104	2360	0
2019-05-21	4381	4393	4368	4368	62	2366	0
2019-05-22	4366	4390	4341	4370	282	2326	0
2019-05-23	4373	4392	4354	4382	244	2320	0
2019-05-24	4385	4390	4351	4366	180	2318	0
2019-05-27	4376	4395	4362	4369	218	2288	0
2019-05-28	4370	4390	4352	4366	198	2308	0
2019-05-29	4385	4434	4368	4373	870	2510	0
2019-05-30	4354	4386	4344	4370	488	2558	0
2019-05-31	4370	4391	4349	4363	616	2726	0
2019-06-03	4380	4387	4331	4332	504	2734	0
2019-06-04	4348	4365	4311	4339	506	2740	0
2019-06-05	4327	4359	4301	4301	486	2806	0
2019-06-06	4302	4321	4243	4246	382	2878	0
2019-06-10	4235	4274	4209	4226	304	2982	0
2019-06-11	4243	4261	4224	4228	276	2978	0
2019-06-12	4239	4259	3825	4174	702	3046	0
2019-06-13	4181	4219	4163	4194	468	3054	0
2019-06-14	4181	4211	4159	4199	220	3044	0
2019-06-17	4205	4206	4161	4187	322	3052	0
2019-06-18	4185	4203	4171	4172	194	3056	0
2019-06-19	4163	4191	4163	4176	96	3054	0
2019-06-20	4131	4189	4131	4155	314	3028	0
2019-06-21	4198	4198	4161	4168	198	3024	0
2019-06-24	4174	4182	4145	4152	238	2962	0
2019-06-25	4162	4171	4150	4169	124	2954	0
2019-06-26	4160	4178	4155	4163	140	2948	0
2019-06-27	4163	4176	4154	4167	146	2940	0
2019-06-28	4160	4171	4151	4171	58	2946	0
2019-07-01	4196	4196	4130	4157	366	2938	0
2019-07-02	4158	4171	4121	4145	246	2988	0
2019-07-03	4140	4158	4106	4129	460	2940	0
2019-07-04	4127	4144	4102	4115	486	2968	0
2019-07-05	4103	4124	4090	4109	354	2964	0
2019-07-08	4114	4124	4102	4112	368	2844	0
2019-07-09	4119	4125	4102	4106	412	2798	0
2019-07-10	4103	4126	4092	4111	380	2810	0
2019-07-11	4113	4118	4106	4110	224	2774	0
2019-07-12	4113	4117	4105	4106	120	2774	0
2019-07-15	4113	4122	4103	4114	224	2722	0
2019-07-16	4126	4126	4103	4108	226	2636	0
2019-07-17	4119	4119	4090	4091	334	2594	0
2019-07-18	4098	4108	3913	4102	144	2580	0
2019-07-19	4099	4124	4073	4101	310	2570	0
2019-07-22	4098	4111	4098	4109	10	2570	0
2019-07-23	4101	4119	4092	4109	48	2560	0
2019-07-24	4110	4110	4062	4098	348	2334	0
2019-07-25	4100	4103	4095	4101	14	2328	0
2019-07-26	4104	4105	4104	4105	8	2320	0
2019-07-29	4099	4101	4078	4078	22	2314	0
2019-07-30	4065	4065	3981	3981	46	2322	0
2019-07-31	3967	3982	3960	3982	86	2324	0
2019-08-01	3940	3967	3940	3953	40	2320	0
2019-08-02	3931	3950	3891	3892	368	2264	0
2019-08-05	3903	3910	3893	3904	84	2260	0
2019-08-06	3904	3915	3856	3877	1166	2258	0
2019-08-07	3876	3901	3870	3897	38	2242	0
2019-08-08	3883	3896	3868	3893	36	2232	0
2019-08-09	3879	3898	3813	3814	120	2260	0
2019-08-12	3850	3850	3755	3772	152	2270	0
2019-08-13	3786	3851	3775	3844	140	2262	0
2019-08-14	3827	3907	3826	3903	410	2266	0
2019-08-15	3871	3932	3825	3891	454	2272	0
2019-08-16	3866	3884	3832	3852	230	2268	0
2019-08-19	3829	3882	3823	3856	246	2294	0
2019-08-20	3851	3872	3849	3850	80	2292	0
2019-08-21	3841	3875	3841	3849	208	2294	0
2019-08-22	3855	3861	3829	3830	144	2288	0
2019-08-23	3824	3857	3820	3825	222	2292	0
2019-08-26	3844	3852	3756	3815	670	2300	0
2019-08-27	3810	3810	3761	3780	522	2304	0
2019-08-28	3770	3790	3756	3774	390	2306	0
2019-08-29	3769	3771	3629	3630	830	2344	0
2019-08-30	3658	3824	3557	3688	2268	1174	0
2019-09-02	3756	3772	3638	3653	68	1180	0
2019-09-03	3647	3647	3645	3646	12	1180	0
2019-09-04	3650	3661	3650	3652	114	1204	0
2019-09-05	3651	3655	3651	3654	24	1214	0
2019-09-06	3651	3652	3650	3650	22	1222	0
2019-09-09	3650	3650	3648	3649	22	1236	0
2019-09-10	3647	3652	3644	3649	78	1248	0
2019-09-11	3647	3650	3647	3648	12	1248	0
2019-09-12	3648	3651	3486	3486	628	1292	0
2019-09-16	3499	3538	3499	3532	634	1314	0
2019-09-17	3748	3748	3657	3668	444	468	0
2019-09-18	3676	3920	3657	3789	5120	1484	0
2019-09-19	3801	4000	3801	3976	11410	2900	0
2019-09-20	3983	4077	3888	3958	15300	2960	0
2019-09-23	3969	4030	3900	3920	4848	2764	0
2019-09-24	3905	3940	3846	3853	2868	2646	0
2019-09-25	3870	3905	3803	3869	1388	2660	0
2019-09-26	3843	3920	3826	3826	1822	2524	0
2019-09-27	3839	3839	3749	3749	1166	2352	0
2019-09-30	3825	3876	3763	3846	1386	2350	0
2019-10-08	3932	3999	3880	3904	2162	2356	0
2019-10-09	3921	3939	3884	3886	672	2326	0
2019-10-10	3901	3928	3873	3885	770	2400	0
2019-10-11	3889	3931	3851	3861	998	2292	0
2019-10-14	3853	3886	3791	3797	710	2266	0
2019-10-15	3821	3821	3741	3750	936	2248	0
2019-10-16	3764	3793	3731	3733	880	2336	0
2019-10-17	3722	3770	3702	3729	1398	2334	0
2019-10-18	3745	3745	3691	3697	1054	2304	0
2019-10-21	3715	3749	3694	3694	816	2258	0
2019-10-22	3703	3714	3594	3610	2656	1954	0
2019-10-23	3611	3651	3587	3613	1598	2044	0
2019-10-24	3609	3614	3559	3569	1356	2108	0
2019-10-25	3568	3591	3546	3547	1706	1934	0
2019-10-28	3541	3556	3210	3531	4568	2120	0
2019-10-29	3561	3682	3509	3625	4420	1944	0
2019-10-30	3649	3661	3544	3545	2228	1578	0
2019-10-31	3535	3554	3492	3518	2766	1034	0
2019-11-01	3516	3627	3515	3627	40	1030	0
2019-11-04	3671	3722	3635	3715	164	1070	0
2019-11-05	3727	3766	3727	3759	78	1070	0
2019-11-06	3711	3719	3699	3719	72	1044	0
2019-11-07	3720	3742	3720	3742	234	810	0
2019-11-08	3743	3748	3743	3748	420	392	0
2019-11-12	3666	3666	3666	3666	10	390	0
2019-11-13	3722	3722	3722	3722	38	390	0
2019-11-15	4381	4404	4236	4256	64	28	0
2019-11-18	4225	4313	4225	4301	8	24	0
2019-11-19	4262	4309	4262	4309	4	24	0
2019-11-22	4347	4362	4318	4321	18	26	0
2019-11-26	4395	4418	4271	4352	20	30	0
2019-11-27	4330	4330	4303	4303	8	24	0
2019-12-02	4357	4357	4267	4267	4	26	0
2019-12-03	4289	4297	4287	4294	8	26	0
2019-12-23	4389	4389	4282	4355	32	30	0
2019-12-24	4341	4341	4330	4330	8	26	0
2019-12-25	4326	4326	4326	4326	2	24	0
2019-12-30	4346	4346	4338	4338	4	26	0
2020-01-02	4341	4341	4341	4341	1	12	0
2020-01-03	4357	4404	4282	4298	5	11	0
2020-01-08	4359	4359	4332	4332	2	10	0
2020-01-16	4626	4651	4201	4457	17	17	0
2020-01-17	4460	4476	4436	4436	15	14	0
2020-01-21	4432	4432	4427	4427	3	12	0
2020-01-22	4421	4421	4421	4421	1	11	0
2020-01-23	4293	4466	4293	4389	12	10	0
2020-02-03	4328	4332	4097	4302	27	15	0
2020-02-04	4137	4494	4137	4360	31	12	0
2020-02-05	4372	4372	4342	4351	3	11	0
2020-02-07	4359	4359	4359	4359	1	10	0
2020-02-10	4347	4349	4347	4349	2	11	0
2020-02-12	4328	4353	4327	4353	4	10	0
2020-02-13	4479	4479	4323	4365	14	10	0
2020-02-14	4337	4374	4336	4361	18	9	0
2020-02-17	4370	4370	4334	4368	6	9	0
2020-02-18	4344	4344	4344	4344	1	8	0
2020-02-21	4306	4365	4306	4365	9	12	0
2020-02-24	4251	4327	4251	4298	7	10	0
2020-02-26	4344	4344	4317	4331	6	12	0
2020-02-28	4293	4303	4218	4287	12	12	0
2020-03-03	4257	4274	4252	4274	6	14	0
2020-03-04	4269	4298	4269	4298	14	13	0
2020-03-05	4258	4507	4258	4378	82	16	0
2020-03-06	4364	4574	4362	4540	41	20	0
2020-03-09	4648	4662	4556	4633	85	38	0
2020-03-10	4659	4710	4622	4673	33	37	0
2020-03-11	4655	4655	4606	4639	37	29	0
2020-03-12	4515	4608	4515	4594	24	21	0
2020-03-13	4573	4602	4569	4588	14	19	0
2020-03-16	4575	4611	4575	4605	7	20	0
2020-03-17	4569	4569	4569	4569	3	19	0
2020-03-19	4478	4556	4478	4504	17	16	0
2020-03-20	4509	4608	4497	4519	10	12	0
2020-03-23	4557	4566	4557	4566	2	14	0
2020-03-24	4587	4587	4520	4546	4	13	0
2020-03-27	4572	4572	4463	4486	7	12	0
2020-03-30	4439	4442	4328	4390	29	13	0
2020-03-31	4410	4455	4387	4419	15	9	0
2020-04-01	4411	4506	4411	4417	8	7	0
2020-04-02	4442	4444	4383	4444	7	7	0
2020-04-07	4291	4392	4291	4362	9	7	0
2020-04-08	4296	4397	4296	4327	9	6	0
2020-04-16	4406	4454	4365	4365	13	7	0
2020-04-20	4437	4437	4437	4437	1	8	0
2020-04-21	4408	4408	4408	4408	11	10	0
2020-04-22	4361	4441	4361	4441	2	10	0
2020-04-24	4395	4395	4395	4395	4	10	0
2020-04-29	4253	4268	4253	4268	3	8	0
2020-05-15	4304	4304	4238	4287	5	8	0
2020-05-18	4323	4323	4151	4253	6	7	0
2020-05-20	4454	4454	4243	4277	5	8	0
2020-05-22	4383	4575	4383	4533	15	10	0
2020-05-25	4555	4589	4520	4589	7	8	0
2020-05-26	4552	4552	4552	4552	1	8	0
2020-05-27	4516	4516	4509	4509	2	6	0
2020-05-28	4560	4656	4560	4656	10	14	0
2020-05-29	4573	4691	4505	4676	14	9	0
2020-06-01	4673	4684	4625	4684	14	8	0
2020-06-02	4719	4840	4719	4840	19	9	0
2020-06-03	4725	4726	4725	4726	2	7	0
2020-06-09	4805	4805	4717	4717	8	4	0
2020-06-15	4694	4787	4694	4724	51	8	0
2020-06-16	4656	4726	4656	4681	10	4	0
2020-06-17	4627	4705	4627	4705	5	7	0
2020-06-18	4689	4689	4685	4685	3	5	0
2020-06-19	4714	4766	4589	4672	13	7	0
2020-06-22	4786	4786	4721	4725	15	8	0
2020-06-23	4678	4741	4678	4728	10	8	0
2020-06-24	4771	4771	4666	4666	2	9	0
2020-06-29	4781	4924	4702	4845	62	17	0
2020-06-30	4861	4908	4767	4767	22	8	0
2020-07-01	4900	4924	4898	4901	18	14	0
2020-07-02	4957	4984	4832	4870	14	11	0
2020-07-03	4991	4991	4991	4991	1	10	0
2020-07-06	4878	5030	4878	4968	3	10	0
2020-07-13	5063	5066	4952	4990	6	10	0
2020-07-14	4918	4970	4918	4943	5	8	0
2020-07-15	5071	5290	4973	5222	156	25	0
2020-07-16	5281	5301	5183	5210	35	13	0
2020-07-17	5235	5290	5155	5286	12	11	0
2020-07-20	5248	5508	4916	5356	37	9	0
2020-07-21	5515	5515	5377	5377	21	13	0
2020-07-22	5461	5482	5437	5460	13	7	0
2020-07-23	5431	5585	5237	5408	20	11	0
2020-07-24	5388	5408	5388	5396	5	10	0
2020-07-28	5441	5443	5405	5405	15	9	0
2020-07-31	5402	5402	5402	5402	1	8	0
2020-08-03	5787	5787	5607	5607	25	4	0
2020-08-05	5303	5721	5303	5439	6	3	0
2020-08-06	5395	5943	5395	5936	13	8	0
2020-08-07	6022	6247	5657	5900	69	13	0
2020-08-10	5733	6347	5611	5921	27	4	0
2020-08-11	5833	5833	5833	5833	2	6	0
2020-08-12	6049	6142	5850	5966	104	9	0
2020-08-13	6040	6110	5925	5979	13	8	0
2020-08-17	6100	6290	6005	6005	10	11	0
2020-08-18	6200	6200	5638	5638	70	29	0
2020-08-19	5430	5500	5376	5396	38	33	0
2020-08-20	5445	5445	5124	5390	59	24	0
2020-08-21	5250	5419	5250	5326	8	23	0
2020-08-24	5220	5373	5220	5373	22	11	0
2020-08-25	5530	5595	5327	5429	31	5	0
2020-08-26	5756	5756	5380	5499	40	4	0
2020-08-27	5426	5668	5426	5590	5	4	0
2020-08-28	5821	5864	5588	5670	35	2	0
2020-08-31	5574	5574	5574	5574	1	1	0
2020-09-03	5718	5718	5575	5579	6	1	0
2020-09-04	5715	5715	5571	5599	5	3	0
2020-09-07	5714	5714	5519	5681	6	1	0
2020-09-08	5580	5580	5579	5579	4	5	0
2020-09-09	5477	5693	5477	5542	3	6	0
2020-09-10	5683	5683	5673	5673	2	5	0
2020-09-21	5659	5659	5659	5659	4	5	0
2020-09-23	5306	5502	5093	5425	16	10	0
2020-09-25	5395	5395	5227	5300	5	10	0
2020-09-28	5819	5819	5056	5362	68	6	0
2020-09-29	5335	5335	5335	5335	4	2	0
2020-10-12	5857	5857	5255	5595	13	3	0
2020-10-16	5237	5699	5237	5592	14	2	0
2020-10-19	5304	5319	5304	5319	2	2	0
2020-10-20	5299	5299	5299	5299	1	2	0
2020-10-21	5453	5760	5383	5383	5	2	0
2020-10-22	5692	5967	5395	5402	6	2	0
2020-10-23	5367	5636	5050	5499	38	2	0
2020-10-26	5127	5584	5111	5509	39	3	0
2020-10-27	5450	5688	5450	5476	3	2	0
2020-10-28	5401	5988	5401	5700	5	3	0
2020-10-29	5950	5950	5950	5950	1	3	0
2020-10-30	5380	6480	5357	5671	41	1	0
2020-11-20	5202	5499	5202	5364	14	4	0
2020-11-23	5277	5351	5276	5351	5	1	0
2020-11-30	5320	5320	5320	5320	1	1	0
2020-12-23	5407	5419	5312	5327	8	1	0
2021-01-06	5353	5640	5353	5434	14	8	0
2021-01-07	5600	5895	5552	5863	175	30	0
2021-01-08	5646	6216	5646	6198	370	55	0
2021-01-11	6353	6449	6206	6299	293	66	0
2021-01-12	6381	6381	6271	6318	107	74	0
2021-01-13	6369	6369	6171	6246	153	57	0
2021-01-14	6141	6198	5856	5856	200	29	0
2021-01-15	5780	5985	5780	5870	65	19	0
2021-01-18	5919	5919	5872	5908	7	20	0
2021-01-19	5929	5929	5891	5911	14	22	0
2021-01-20	5874	5909	5761	5889	47	22	0
2021-01-21	5935	5960	5891	5953	41	21	0
2021-01-22	5946	5980	5842	5950	47	19	0
2021-01-25	5986	6000	5835	5938	24	15	0
2021-01-26	5958	5973	5958	5971	10	18	0
2021-01-27	5969	6005	5941	5985	33	20	0
2021-01-28	6060	6060	5950	5950	3	19	0
2021-01-29	5971	5989	5944	5989	3	18	0
2021-02-01	5978	5990	5940	5989	24	18	0
2021-02-02	5956	5961	5956	5961	3	16	0
2021-02-03	5943	5988	5943	5978	35	18	0
2021-02-05	5914	6000	5914	5999	16	23	0
2021-02-08	6022	6024	5955	6006	14	22	0
2021-02-09	5962	6000	5961	6000	16	23	0
2021-02-22	6030	6180	6010	6050	16	25	0
2021-02-23	6000	6110	6000	6080	86	35	0
2021-02-24	6072	6170	6069	6139	31	44	0
2021-02-25	6127	6127	5902	6085	26	41	0
2021-02-26	6061	6300	6061	6280	142	52	0
2021-03-01	6205	6267	6010	6160	85	49	0
2021-03-02	6140	6169	6064	6169	22	50	0
2021-03-03	6174	6278	6174	6229	20	66	0
2021-03-04	6215	6285	6215	6285	69	64	0
2021-03-05	6260	6273	6253	6273	13	66	0
2021-03-08	6360	6369	6201	6310	128	55	0
2021-03-09	6343	6366	6306	6348	27	57	0
2021-03-11	6331	6331	6142	6142	59	75	0
2021-03-12	6105	6189	6105	6157	39	87	0
2021-03-15	6095	6096	5990	6029	30	82	0
2021-03-16	6010	6085	6010	6010	24	82	0
2021-03-17	6027	6037	5992	6037	3	81	0
2021-03-18	5986	6005	5985	5999	16	83	0
2021-03-19	6045	6045	5970	5970	6	80	0
2021-03-22	6179	6179	5981	5992	35	73	0
2021-03-23	6019	6022	5961	5961	13	75	0
2021-03-24	5902	5980	5901	5971	18	75	0
2021-03-25	5971	5971	5961	5961	5	73	0
2021-03-26	5929	5989	5803	5828	141	45	0
2021-03-29	5821	5873	5821	5873	4	44	0
2021-03-30	5870	5870	5760	5794	37	43	0
2021-03-31	5789	5792	5738	5780	24	38	0
2021-04-01	5825	5880	5824	5825	35	43	0
2021-04-02	5819	5838	5819	5838	3	44	0
2021-04-06	5801	5801	5706	5760	24	48	0
2021-04-07	5740	5740	5707	5707	2	47	0
2021-04-08	5754	5766	5754	5766	2	48	0
2021-04-09	5739	5747	5680	5739	31	40	0
2021-04-12	5686	5797	5686	5797	19	40	0
2021-04-13	5756	5807	5756	5804	7	41	0
2021-04-14	5779	5833	5777	5833	8	45	0
2021-04-15	5885	5946	5815	5820	30	40	0
2021-04-16	5815	5834	5777	5801	13	36	0
2021-04-19	5761	5767	5745	5767	5	38	0
2021-04-20	5738	5754	5690	5721	9	37	0
2021-04-21	5739	5739	5694	5737	20	31	0
2021-04-22	5798	5809	5771	5807	13	30	0
2021-04-23	5921	5921	5702	5772	23	29	0
2021-04-27	5780	5780	5740	5778	11	26	0
2021-04-28	5751	5751	5751	5751	1	27	0
2021-04-29	5726	5726	5725	5725	3	26	0
2021-04-30	5736	5759	5686	5759	6	22	0
2021-05-06	5944	5946	5704	5860	26	24	0
2021-05-07	5891	5972	5834	5866	13	26	0
2021-05-10	5843	5875	5836	5836	7	28	0
2021-05-11	5801	5868	5801	5806	5	27	0
2021-05-12	5866	5866	5735	5789	16	27	0
2021-05-13	5723	5754	5695	5752	9	26	0
2021-05-14	5715	5801	5699	5727	24	20	0
2021-05-17	5700	5744	5633	5680	12	20	0
2021-05-18	5708	5722	5708	5722	4	16	0
2021-05-19	5680	5769	5680	5751	11	12	0
2021-05-20	5818	5972	5779	5963	67	24	0
2021-05-21	5950	5950	5688	5689	63	19	0
2021-05-24	5695	5695	5548	5569	122	25	0
2021-05-25	5595	5843	5595	5732	224	33	0
2021-05-26	5794	5870	5722	5764	223	26	0
2021-05-27	5769	5859	5741	5799	129	25	0
2021-05-28	5799	5835	5697	5759	48	22	0
2021-05-31	5807	5864	5763	5808	95	23	0
2021-06-01	5783	5841	5753	5822	49	28	0
2021-06-02	5795	5841	5768	5841	20	23	0
2021-06-03	5830	5840	5727	5767	53	13	0
2021-06-04	5775	5815	5773	5815	18	8	0
2021-06-07	5837	5837	5768	5788	21	8	0
2021-06-08	5762	5824	5748	5806	11	5	0
2021-06-09	5755	6031	5755	5855	23	7	0
2021-06-10	5858	5858	5858	5858	6	7	0
2021-06-11	5815	5824	5796	5824	4	7	0
2021-06-15	5795	5795	5720	5720	12	8	0
2021-06-17	5740	5785	5740	5767	17	8	0
2021-06-18	5777	5783	5752	5761	10	7	0
2021-06-21	5747	5747	5745	5745	2	8	0
2021-06-22	5721	5986	5716	5771	12	8	0
2021-06-23	5732	5734	5697	5721	7	4	0
2021-06-29	5762	5961	5549	5917	57	6	0
2021-06-30	5930	5930	5493	5812	7	1	0
2021-07-01	5624	6052	5624	5775	35	6	0
2021-07-02	5750	5781	5710	5781	12	5	0
2021-07-05	5804	5850	5740	5740	9	3	0
2021-07-06	5797	5829	5736	5740	30	11	0
2021-07-07	5730	5763	5720	5763	6	5	0
2021-07-08	5784	5798	5722	5780	25	7	0
2021-07-09	5793	5793	5758	5769	5	6	0
2021-07-12	5799	5809	5727	5773	16	6	0
2021-07-13	5750	5880	5662	5801	149	20	0
2021-07-14	5803	5854	5767	5792	115	9	0
2021-07-15	5774	5845	5766	5824	99	16	0
2021-07-16	5814	5829	5799	5809	13	16	0
2021-07-19	5792	5844	5792	5814	45	16	0
2021-07-20	5812	5849	5712	5815	95	19	0
2021-07-21	5824	5845	5798	5802	32	14	0
2021-07-22	5815	5837	5794	5804	46	9	0
2021-07-23	5828	5848	5772	5821	43	18	0
2021-07-26	5830	5848	5801	5830	46	13	0
2021-07-27	5812	6088	5812	5829	44	21	0
2021-07-29	5813	5857	5812	5857	23	13	0
2021-07-30	5850	5850	5850	5850	1	14	0
2021-08-03	5861	5912	5852	5894	18	13	0
2021-08-04	5922	6029	5890	6029	18	16	0
2021-08-05	6100	6540	6086	6288	322	123	0
2021-08-06	6240	6240	6112	6218	144	152	0
2021-08-09	6218	6218	6100	6135	42	158	0
2021-08-10	6051	6074	5718	5761	380	121	0
2021-08-11	5829	5830	5730	5830	174	83	0
2021-08-12	5770	5925	5770	5891	51	61	0
2021-08-13	5822	5999	5822	5999	11	58	0
2021-08-16	5946	6008	5900	5958	72	20	0
2021-08-17	5909	5989	5901	5910	5	19	0
2021-08-18	5826	6099	5826	6011	34	20	0
2021-08-19	6011	6282	6011	6107	78	26	0
2021-08-20	5922	6126	5922	6119	26	27	0
2021-08-23	6165	6270	5975	6060	50	31	0
2021-08-24	6101	6101	5970	5970	11	35	0
2021-08-25	6000	6189	6000	6189	33	22	0
2021-08-26	6239	6239	5933	6196	15	13	0
2021-08-27	6278	6278	5969	6043	11	11	0
2021-08-30	5820	6255	5788	6167	11	8	0
2021-08-31	6081	6468	5719	6200	20	7	0
2021-09-06	6121	6121	6121	6121	2	9	0
2021-09-07	6040	6177	6040	6177	28	9	0
2021-09-08	6210	6210	6028	6165	12	4	0
2021-09-09	6160	6161	6048	6049	20	5	0
2021-09-10	6088	6150	6037	6037	5	5	0
2021-09-13	6050	6120	5974	6060	6	6	0
2021-09-14	6067	6067	5994	6040	5	5	0
2021-09-16	5991	6020	5991	6020	2	5	0
2021-09-17	5948	5948	5948	5948	1	5	0
2021-09-22	6042	6122	6042	6122	12	3	0
2021-09-23	6050	6158	6050	6085	19	4	0
2021-09-24	6100	6171	6100	6102	29	9	0
2021-09-27	5931	6160	5931	6150	24	8	0
2021-09-28	6071	6149	6070	6145	21	9	0
2021-09-29	6159	6159	6088	6088	5	9	0
2021-09-30	6070	6157	5965	6061	12	6	0
2021-10-11	6196	6425	6148	6357	32	11	0
2021-10-12	6428	6541	6297	6297	53	20	0
2021-10-13	6348	6348	6201	6225	30	15	0
2021-10-14	6203	6271	6203	6271	15	14	0
2021-10-18	6248	6248	6248	6248	2	13	0
2021-10-19	6285	6321	6254	6320	9	14	0
2021-10-20	6365	6376	6261	6292	19	12	0
2021-10-21	6322	6362	6316	6321	9	11	0
2021-10-25	6383	6394	6383	6394	2	13	0
2021-10-26	6303	6367	6303	6357	7	11	0
2021-10-27	6460	6692	6399	6524	39	15	0
2021-10-28	6418	6598	6412	6419	34	15	0
2021-10-29	6275	6391	6275	6334	24	10	0
2021-11-02	6395	6466	6342	6342	11	8	0
2021-11-03	6380	6459	6380	6459	3	11	0
2021-11-04	6419	6470	6265	6401	21	10	0
2021-11-05	6376	6376	6367	6367	2	8	0
2021-11-08	6343	6409	6343	6377	16	10	0
2021-11-09	6359	6359	6323	6357	3	11	0
2021-11-10	6338	6386	6338	6386	7	11	0
2021-11-12	6398	6481	6357	6415	30	14	0
2021-11-15	6377	6408	6337	6368	25	11	0
2021-11-16	6400	6400	6352	6359	6	10	0
2021-11-17	6389	6389	6389	6389	1	10	0
2021-11-22	6376	6378	6350	6350	3	12	0
2021-11-24	6384	6384	6342	6381	3	12	0
2021-11-25	6401	6444	6381	6392	30	18	0
2021-11-26	6387	6387	6380	6380	2	17	0
2021-11-30	6390	6433	6390	6402	9	16	0
2021-12-01	6428	6428	6365	6397	12	17	0
2021-12-02	6408	6408	6390	6390	2	17	0
2021-12-03	6297	6418	6297	6417	13	15	0
2021-12-06	6369	6427	6369	6378	8	12	0
2021-12-07	6416	6416	6389	6400	5	13	0
2021-12-08	6404	6404	6233	6312	8	14	0
2021-12-09	6346	6391	6346	6389	19	14	0
2021-12-10	6359	6381	6271	6290	15	16	0
2021-12-13	6358	6358	5897	6057	67	39	0
2021-12-14	5935	6009	5731	5733	171	51	6148
2021-12-15	5702	5767	5671	5726	72	45	6148
2021-12-16	5774	5821	5688	5772	29	35	6148
2021-12-17	5763	5968	5763	5968	44	21	6148
2021-12-20	5934	6009	5934	5971	19	22	0
2021-12-21	5960	6022	5821	5905	47	15	0
2021-12-22	5887	5914	5885	5885	5	14	0
2021-12-23	5872	5892	5796	5866	13	13	0
2021-12-24	5895	5895	5895	5895	1	13	0
2021-12-29	6010	6010	5940	5987	5	13	0
2021-12-30	5950	5988	5912	5950	9	12	0
2022-01-05	5983	5983	5951	5967	7	11	0
2022-01-06	5975	5975	5962	5962	2	11	0
2022-01-17	5915	5915	5915	5915	5	11	0
2022-01-20	5930	5943	5918	5943	4	9	0
2022-01-28	5941	5941	5941	5941	1	10	0
2022-02-09	6016	6016	5938	5970	8	12	0
2022-02-14	5969	5969	5969	5969	3	11	0
2022-02-15	5869	5869	5869	5869	2	10	0
2022-02-18	5951	5951	5951	5951	31	11	0
2022-02-23	5998	5998	5998	5998	5	10	0
2022-02-25	6039	6119	5989	6012	33	19	0
2022-03-01	6015	6015	6014	6014	3	13	0
2022-03-03	6043	6126	6043	6078	12	12	0
2022-03-08	6012	6055	6012	6055	8	15	0
2022-03-10	6097	6127	6060	6127	6	18	0
2022-03-11	6155	6653	6155	6346	189	24	0
2022-03-14	6325	6437	6325	6371	25	26	0
2022-03-15	6332	6361	6211	6211	64	30	0
2022-03-16	6216	6331	6216	6312	19	24	0
2022-03-18	6321	6373	6302	6358	16	24	0
2022-03-21	6384	6393	6317	6386	20	29	0
2022-03-22	6362	6362	6299	6343	7	25	0
2022-03-23	6369	6391	6306	6369	8	25	0
2022-03-24	6438	6498	6398	6398	8	27	0
2022-03-25	6392	6458	6392	6409	23	28	0
2022-03-28	6393	6432	6385	6385	5	27	0
2022-03-29	6413	6413	6342	6378	16	22	0
2022-03-30	6383	6383	6350	6350	6	19	0
2022-04-01	6346	6381	6203	6320	31	20	0
2022-04-06	6312	6368	6265	6368	20	23	0
2022-04-07	6390	6390	6316	6330	22	17	0
2022-04-08	6330	6330	6284	6291	3	17	0
2022-04-11	6237	6282	6142	6273	24	19	0
2022-04-12	6187	6288	6187	6267	7	19	0
2022-04-13	6287	6319	6242	6242	7	19	0
2022-04-14	6298	6298	6266	6266	3	20	0
2022-04-15	6388	6416	6270	6298	38	20	0
2022-04-18	6259	6305	6235	6286	18	18	0
2022-04-19	6279	6299	6252	6264	12	18	0
2022-04-20	6328	6328	6263	6282	35	19	0
2022-04-21	6261	6283	6247	6265	8	17	0
2022-04-25	6272	6329	6266	6291	19	21	0
2022-04-26	6295	6326	6279	6290	13	24	0
2022-04-27	6315	6426	6289	6391	39	31	0
2022-04-28	6316	6510	6316	6478	143	64	0
2022-04-29	6470	6569	6470	6473	65	57	0
2022-05-05	6522	6547	6460	6484	90	39	0
2022-05-06	6444	6444	6324	6416	46	29	0
2022-05-09	6379	6461	6369	6461	25	31	0
2022-05-10	6434	6460	6417	6423	21	29	0
2022-05-11	6412	6456	6412	6447	25	30	0
2022-05-12	6459	6459	6432	6442	5	30	0
2022-05-13	6469	6477	6469	6477	3	30	0
2022-05-16	6441	6566	6441	6497	40	37	0
2022-05-17	6493	6535	6493	6500	12	36	0
2022-05-18	6534	6535	6514	6517	11	38	0
数据来源:通达信
