SAL9 纯碱指数 日线 前复权
      日期	    开盘	    最高	    最低	    收盘	    成交量	    持仓量	    结算价
2019-12-09	1566	1591	1560	1574	172434	37796	0
2019-12-10	1576	1636	1575	1636	228456	76514	0
2019-12-11	1659	1673	1639	1650	465694	72448	0
2019-12-12	1647	1655	1626	1631	249514	76042	0
2019-12-13	1633	1640	1626	1631	133778	74812	0
2019-12-16	1632	1659	1628	1634	282778	84816	0
2019-12-17	1632	1638	1614	1625	227848	78276	0
2019-12-18	1628	1652	1624	1630	198774	79606	0
2019-12-19	1632	1643	1626	1629	132970	82820	0
2019-12-20	1629	1631	1614	1614	136266	92234	0
2019-12-23	1612	1619	1600	1604	114766	91826	0
2019-12-24	1605	1617	1603	1608	63424	91582	0
2019-12-25	1608	1613	1603	1607	58832	96718	0
2019-12-26	1606	1620	1606	1614	59818	97438	0
2019-12-27	1614	1633	1612	1613	104444	97958	0
2019-12-30	1616	1642	1615	1639	80852	92434	0
2019-12-31	1639	1648	1636	1641	83172	85558	0
2020-01-02	1641	1649	1629	1634	27700	40967	0
2020-01-03	1634	1642	1629	1639	24010	40212	0
2020-01-06	1640	1654	1638	1645	43054	38613	0
2020-01-07	1647	1647	1631	1635	19805	37763	0
2020-01-08	1634	1645	1633	1638	20954	37574	0
2020-01-09	1639	1642	1628	1639	28655	34551	0
2020-01-10	1644	1679	1641	1663	175497	44825	0
2020-01-13	1663	1664	1651	1658	31015	42792	0
2020-01-14	1661	1665	1653	1658	24327	41388	0
2020-01-15	1659	1694	1659	1668	132712	44440	0
2020-01-16	1674	1682	1669	1671	34791	41782	0
2020-01-17	1676	1687	1671	1681	40778	42883	0
2020-01-20	1680	1681	1661	1671	32403	38081	0
2020-01-21	1672	1677	1659	1659	18038	37363	0
2020-01-22	1648	1652	1636	1647	35079	30690	0
2020-01-23	1650	1655	1599	1621	25460	26580	0
2020-02-03	1540	1553	1517	1527	31802	21822	0
2020-02-04	1535	1568	1534	1568	20640	22578	0
2020-02-05	1564	1575	1558	1567	19435	25425	0
2020-02-06	1568	1584	1567	1582	14486	23427	0
2020-02-07	1579	1600	1579	1582	11384	24166	0
2020-02-10	1580	1585	1570	1577	7282	24362	0
2020-02-11	1577	1589	1574	1588	10330	24075	0
2020-02-12	1585	1595	1580	1586	9803	25308	0
2020-02-13	1587	1594	1582	1589	8725	25800	0
2020-02-14	1588	1591	1581	1587	5951	25597	0
2020-02-17	1587	1597	1586	1596	7796	25966	0
2020-02-18	1596	1598	1592	1594	5369	25527	0
2020-02-19	1594	1601	1594	1598	4623	24984	0
2020-02-20	1600	1601	1582	1598	13678	26703	0
2020-02-21	1590	1599	1584	1591	16195	27730	0
2020-02-24	1587	1601	1580	1598	16837	28504	0
2020-02-25	1596	1639	1595	1616	57150	32136	0
2020-02-26	1615	1617	1592	1595	26167	29486	0
2020-02-27	1597	1598	1583	1590	15064	29119	0
2020-02-28	1580	1588	1562	1579	16675	29461	0
2020-03-02	1578	1604	1577	1599	15833	30083	0
2020-03-03	1600	1610	1583	1585	18411	32193	0
2020-03-04	1591	1593	1583	1587	6829	32040	0
2020-03-05	1587	1587	1563	1569	23537	36264	0
2020-03-06	1568	1570	1558	1565	15686	36316	0
2020-03-09	1526	1550	1517	1542	30337	34830	0
2020-03-10	1544	1562	1544	1555	13602	34329	0
2020-03-11	1554	1579	1550	1557	18569	35667	0
2020-03-12	1559	1559	1540	1541	11529	34829	0
2020-03-13	1538	1546	1531	1537	14470	34410	0
2020-03-16	1541	1545	1526	1526	14561	34374	0
2020-03-17	1521	1524	1504	1506	20134	34291	0
2020-03-18	1505	1516	1488	1489	21884	32706	0
2020-03-19	1494	1494	1445	1465	32861	25905	0
2020-03-20	1472	1483	1462	1474	12224	26481	0
2020-03-23	1458	1459	1438	1449	18734	25078	0
2020-03-24	1456	1457	1433	1447	12644	24373	0
2020-03-25	1452	1458	1441	1443	9360	25577	0
2020-03-26	1441	1441	1419	1424	18639	26157	0
2020-03-27	1426	1426	1405	1415	18064	24191	0
2020-03-30	1412	1412	1373	1376	17800	22796	0
2020-03-31	1381	1415	1378	1401	19459	21433	0
2020-04-01	1395	1408	1395	1403	11293	20515	0
2020-04-02	1406	1422	1401	1417	16810	20102	0
2020-04-03	1418	1421	1385	1398	13350	18058	0
2020-04-07	1408	1418	1395	1403	20291	20948	0
2020-04-08	1404	1420	1398	1410	18619	22565	0
2020-04-09	1415	1423	1410	1422	16202	24628	0
2020-04-10	1418	1421	1402	1406	19173	23417	0
2020-04-13	1405	1415	1373	1374	29180	24562	0
2020-04-14	1390	1392	1361	1392	28885	23689	0
2020-04-15	1382	1432	1382	1431	36979	28546	0
2020-04-16	1441	1476	1410	1414	166627	37893	0
2020-04-17	1438	1438	1408	1425	62815	33934	0
2020-04-20	1419	1459	1419	1449	83051	34590	0
2020-04-21	1443	1450	1422	1429	44901	27562	0
2020-04-22	1426	1432	1409	1426	27482	24529	0
2020-04-23	1431	1457	1427	1446	40058	26195	0
2020-04-24	1445	1451	1435	1443	22229	23944	0
2020-04-27	1440	1457	1440	1446	24605	24603	0
2020-04-28	1443	1444	1420	1420	21806	21918	0
2020-04-29	1429	1435	1406	1409	22462	22367	0
2020-04-30	1413	1422	1403	1417	24140	21917	0
2020-05-06	1412	1446	1412	1427	17430	23339	0
2020-05-07	1427	1437	1424	1431	23281	26936	0
2020-05-08	1434	1436	1417	1423	31765	30930	0
2020-05-11	1420	1423	1390	1405	70335	42538	0
2020-05-12	1405	1419	1399	1416	48410	43173	0
2020-05-13	1415	1435	1409	1421	115417	47608	0
2020-05-14	1423	1426	1409	1416	46049	49373	0
2020-05-15	1419	1434	1418	1429	51514	49575	0
2020-05-18	1428	1448	1428	1442	62911	51006	0
2020-05-19	1444	1455	1434	1436	49773	52304	0
2020-05-20	1438	1456	1434	1453	35330	52909	0
2020-05-21	1454	1460	1448	1453	32657	52780	0
2020-05-22	1455	1455	1422	1425	57056	50887	0
2020-05-25	1427	1444	1412	1443	90576	58700	0
2020-05-26	1443	1475	1443	1465	170890	69386	0
2020-05-27	1465	1479	1444	1461	145274	68524	0
2020-05-28	1462	1470	1455	1464	67987	69364	0
2020-05-29	1467	1488	1465	1478	114437	69327	0
2020-06-01	1477	1486	1472	1478	74207	72089	0
2020-06-02	1478	1479	1459	1472	57143	71579	0
2020-06-03	1474	1487	1469	1486	67894	77331	0
2020-06-04	1488	1491	1465	1468	63874	73746	0
2020-06-05	1470	1474	1467	1473	39468	75349	0
2020-06-08	1476	1480	1465	1469	47221	76179	0
2020-06-09	1469	1470	1437	1439	94461	85503	0
2020-06-10	1437	1448	1435	1436	52706	84480	0
2020-06-11	1433	1441	1430	1435	58883	86926	0
2020-06-12	1430	1448	1428	1440	83704	87344	0
2020-06-15	1444	1460	1437	1450	70847	84671	0
2020-06-16	1451	1456	1442	1453	48711	82174	0
2020-06-17	1456	1458	1441	1445	38995	80459	0
2020-06-18	1445	1447	1435	1437	40829	83539	0
2020-06-19	1438	1445	1433	1445	40863	83359	0
2020-06-22	1447	1448	1437	1441	33753	85350	0
2020-06-23	1441	1443	1430	1432	44657	90904	0
2020-06-24	1431	1434	1403	1407	87170	98478	0
2020-06-29	1400	1412	1388	1400	50186	98802	0
2020-06-30	1402	1410	1392	1398	65442	114728	0
2020-07-01	1396	1399	1363	1373	140250	143366	0
2020-07-02	1368	1378	1364	1377	99399	146873	0
2020-07-03	1376	1386	1375	1382	85067	150439	0
2020-07-06	1383	1389	1378	1388	76648	148649	0
2020-07-07	1388	1389	1374	1376	84697	148537	0
2020-07-08	1374	1399	1374	1398	112772	147633	0
2020-07-09	1401	1406	1394	1402	88143	147212	0
2020-07-10	1403	1405	1390	1398	65016	143380	0
2020-07-13	1400	1425	1396	1407	140566	146753	0
2020-07-14	1407	1413	1385	1398	77971	146355	0
2020-07-15	1398	1405	1388	1393	75485	155317	0
2020-07-16	1394	1396	1383	1385	82216	159636	0
2020-07-17	1382	1391	1355	1368	148923	167218	0
2020-07-20	1364	1366	1319	1320	233518	184272	0
2020-07-21	1316	1332	1304	1320	168468	175389	0
2020-07-22	1324	1355	1323	1334	232328	183200	0
2020-07-23	1337	1349	1333	1342	143966	179592	0
2020-07-24	1345	1350	1334	1339	116271	170165	0
2020-07-27	1342	1354	1326	1343	160127	173130	0
2020-07-28	1345	1350	1337	1345	90924	169572	0
2020-07-29	1345	1356	1343	1348	105236	170253	0
2020-07-30	1349	1350	1334	1339	94837	173427	0
2020-07-31	1343	1359	1341	1350	146123	165641	0
2020-08-03	1351	1416	1346	1414	387962	178736	0
2020-08-04	1415	1456	1409	1456	309426	191898	0
2020-08-05	1479	1484	1420	1451	781569	168852	0
2020-08-06	1450	1479	1443	1469	535739	181950	0
2020-08-07	1467	1526	1458	1522	884299	202201	0
2020-08-10	1524	1541	1487	1494	741741	177928	0
2020-08-11	1498	1534	1478	1487	677714	184617	0
2020-08-12	1489	1492	1452	1465	621356	183059	0
2020-08-13	1474	1477	1452	1462	394581	175386	0
2020-08-14	1462	1482	1441	1453	411134	176975	0
2020-08-17	1456	1470	1432	1469	386211	164482	0
2020-08-18	1475	1484	1468	1482	339996	164538	0
2020-08-19	1482	1515	1482	1511	371431	166574	0
2020-08-20	1515	1547	1510	1542	482131	150597	0
2020-08-21	1550	1607	1550	1569	995528	164367	0
2020-08-24	1574	1627	1572	1625	597284	172558	0
2020-08-25	1628	1671	1623	1664	790976	214067	0
2020-08-26	1663	1680	1651	1668	682664	217200	0
2020-08-27	1672	1689	1652	1660	669216	207098	0
2020-08-28	1662	1687	1652	1678	603238	209978	0
2020-08-31	1676	1740	1675	1739	492273	221934	0
2020-09-01	1742	1788	1742	1761	1340099	260667	0
2020-09-02	1764	1801	1755	1800	791311	289900	0
2020-09-03	1803	1824	1775	1793	1315344	286125	0
2020-09-04	1796	1799	1725	1775	1352499	254636	0
2020-09-07	1775	1809	1772	1797	1104084	264140	0
2020-09-08	1795	1801	1762	1768	767005	249056	0
2020-09-09	1757	1768	1726	1741	811305	230536	0
2020-09-10	1749	1772	1740	1752	683638	234400	0
2020-09-11	1753	1792	1747	1791	649397	266945	0
2020-09-14	1795	1796	1736	1743	820390	245107	0
2020-09-15	1744	1751	1676	1681	1079104	237685	0
2020-09-16	1687	1699	1666	1693	690872	211810	0
2020-09-17	1697	1704	1682	1687	474835	208887	0
2020-09-18	1687	1730	1674	1718	810805	205982	0
2020-09-21	1711	1721	1683	1692	638310	195587	0
2020-09-22	1692	1748	1676	1742	922000	214166	0
2020-09-23	1745	1764	1715	1759	1069879	219603	0
2020-09-24	1760	1769	1731	1753	941225	220581	0
2020-09-25	1753	1754	1725	1737	652162	211414	0
2020-09-28	1739	1765	1716	1722	790913	205180	0
2020-09-29	1725	1733	1707	1716	567788	173809	0
2020-09-30	1714	1733	1700	1725	519811	143167	0
2020-10-09	1734	1741	1667	1691	419409	129167	0
2020-10-12	1690	1730	1685	1724	403252	134927	0
2020-10-13	1724	1746	1718	1728	520980	142628	0
2020-10-14	1730	1734	1691	1705	436822	134851	0
2020-10-15	1704	1713	1670	1671	455444	152792	0
2020-10-16	1664	1685	1659	1676	340795	154840	0
2020-10-19	1675	1685	1619	1621	529804	183137	0
2020-10-20	1625	1637	1609	1636	458345	166069	0
2020-10-21	1631	1638	1624	1638	282738	164900	0
2020-10-22	1632	1649	1617	1626	480122	165071	0
2020-10-23	1628	1635	1602	1603	406159	176290	0
2020-10-26	1609	1618	1588	1612	460422	165196	0
2020-10-27	1613	1620	1600	1612	328322	172228	0
2020-10-28	1613	1614	1580	1606	440873	178818	0
2020-10-29	1598	1606	1573	1580	391754	195487	0
2020-10-30	1576	1587	1560	1566	404781	194979	0
2020-11-02	1567	1606	1565	1604	354840	171964	0
2020-11-03	1602	1604	1574	1576	335401	184279	0
2020-11-04	1580	1584	1569	1572	250394	193088	0
2020-11-05	1572	1579	1548	1553	278906	199498	0
2020-11-06	1555	1580	1551	1553	351340	192120	0
2020-11-09	1556	1558	1521	1525	382528	218034	0
2020-11-10	1530	1540	1522	1534	302202	219428	0
2020-11-11	1534	1555	1513	1526	500285	246674	0
2020-11-12	1526	1530	1516	1526	348709	258406	0
2020-11-13	1521	1549	1520	1537	535942	254153	0
2020-11-16	1542	1565	1537	1549	469523	265620	0
2020-11-17	1548	1561	1538	1550	379682	256838	0
2020-11-18	1552	1556	1521	1531	401565	262268	0
2020-11-19	1535	1555	1533	1550	387149	259598	0
2020-11-20	1550	1550	1523	1526	374782	292028	0
2020-11-23	1528	1531	1503	1519	486349	308682	0
2020-11-24	1519	1523	1496	1502	366890	323946	0
2020-11-25	1497	1511	1494	1497	400697	353855	0
2020-11-26	1497	1505	1492	1500	293081	356045	0
2020-11-27	1497	1532	1496	1529	676397	333979	0
2020-11-30	1526	1526	1489	1489	510860	361887	0
2020-12-01	1491	1495	1453	1457	648820	395981	0
2020-12-02	1460	1471	1448	1451	478964	400713	0
2020-12-03	1454	1463	1446	1457	394903	399251	0
2020-12-04	1456	1485	1450	1462	628757	386795	0
2020-12-07	1466	1474	1428	1439	726740	401346	0
2020-12-08	1443	1453	1438	1444	347753	399941	0
2020-12-09	1449	1456	1400	1402	789496	413046	0
2020-12-10	1405	1410	1366	1377	1121678	367327	0
2020-12-11	1381	1402	1366	1374	926264	340923	0
2020-12-14	1379	1446	1366	1441	1026752	311580	0
2020-12-15	1441	1453	1434	1450	696268	307849	0
2020-12-16	1450	1483	1442	1471	736856	313729	0
2020-12-17	1473	1514	1467	1507	626518	299043	0
2020-12-18	1510	1539	1493	1507	680982	270653	0
2020-12-21	1512	1611	1498	1606	868618	261409	0
2020-12-22	1593	1599	1545	1562	696979	241965	0
2020-12-23	1564	1600	1544	1597	746469	247721	0
2020-12-24	1604	1629	1590	1613	609907	234748	0
2020-12-25	1617	1627	1598	1609	418881	218296	0
2020-12-28	1615	1641	1580	1585	581159	225052	0
2020-12-29	1591	1602	1547	1567	558572	222107	0
2020-12-30	1571	1580	1561	1574	267537	221854	0
2020-12-31	1573	1600	1558	1587	397429	203710	0
2021-01-04	1587	1610	1569	1590	313891	232566	0
2021-01-05	1592	1608	1577	1583	404504	230676	0
2021-01-06	1588	1634	1572	1634	624232	269274	0
2021-01-07	1641	1666	1619	1623	668566	275888	0
2021-01-08	1617	1637	1591	1595	534660	268530	0
2021-01-11	1585	1591	1538	1542	706464	254872	0
2021-01-12	1541	1541	1502	1525	474231	215781	0
2021-01-13	1528	1535	1491	1502	440677	253212	0
2021-01-14	1505	1527	1503	1520	407021	235187	0
2021-01-15	1518	1550	1506	1544	390454	241521	0
2021-01-18	1544	1556	1516	1554	412273	232079	0
2021-01-19	1552	1556	1533	1547	279098	222130	0
2021-01-20	1550	1584	1543	1583	403236	244719	0
2021-01-21	1578	1582	1565	1571	347932	234528	0
2021-01-22	1575	1593	1545	1555	499324	240896	0
2021-01-25	1556	1580	1539	1580	387691	234244	0
2021-01-26	1576	1589	1570	1578	315564	235495	0
2021-01-27	1586	1593	1550	1563	433275	233157	0
2021-01-28	1565	1609	1564	1607	441832	254115	0
2021-01-29	1607	1628	1601	1620	395998	253162	0
2021-02-01	1617	1630	1598	1601	377806	239197	0
2021-02-02	1607	1632	1604	1619	352383	243037	0
2021-02-03	1617	1642	1605	1641	485933	289811	0
2021-02-04	1639	1646	1626	1641	412961	264091	0
2021-02-05	1641	1645	1624	1635	299232	252865	0
2021-02-08	1640	1657	1620	1650	378602	265685	0
2021-02-09	1649	1651	1615	1628	298809	224535	0
2021-02-10	1632	1637	1602	1610	241701	208215	0
2021-02-18	1623	1674	1623	1674	246851	233481	0
2021-02-19	1669	1683	1658	1676	320648	267253	0
2021-02-22	1675	1760	1668	1758	464624	305990	0
2021-02-23	1768	1816	1759	1779	677814	295328	0
2021-02-24	1782	1811	1773	1796	523162	310575	0
2021-02-25	1803	1888	1786	1869	758614	305422	0
2021-02-26	1873	1896	1827	1859	659798	286842	0
2021-03-01	1853	1955	1839	1931	945541	341878	0
2021-03-02	1923	1957	1879	1928	1257079	349463	0
2021-03-03	1937	2004	1919	1927	1368012	369035	0
2021-03-04	1920	1924	1872	1877	1020879	378726	0
2021-03-05	1857	1903	1822	1889	1029351	364906	0
2021-03-08	1918	1963	1914	1960	1282618	503138	0
2021-03-09	1962	2022	1954	1991	1236522	531377	0
2021-03-10	1999	2013	1965	2009	1144064	603242	0
2021-03-11	2013	2015	1889	1945	1877010	536234	0
2021-03-12	1943	1969	1916	1936	1208688	522581	0
2021-03-15	1927	1998	1922	1997	1088923	560424	0
2021-03-16	1991	2015	1970	1980	1074172	529628	0
2021-03-17	1977	2049	1970	2049	1161866	620775	0
2021-03-18	2043	2059	2023	2051	1073961	613597	0
2021-03-19	2044	2050	1993	2004	1134200	561794	0
2021-03-22	2008	2059	1987	1989	1227734	570456	0
2021-03-23	1988	2011	1976	1992	957064	553303	0
2021-03-24	1982	2009	1955	2000	1019684	545426	0
2021-03-25	2001	2005	1964	1970	703726	532218	0
2021-03-26	1953	1990	1936	1982	1047043	494567	0
2021-03-29	1982	2013	1935	1949	1189389	497427	0
2021-03-30	1954	1973	1929	1965	844955	445109	0
2021-03-31	1963	1982	1945	1950	771119	459614	0
2021-04-01	1951	2000	1936	1982	748526	448470	0
2021-04-02	1986	2025	1973	1991	790587	455077	0
2021-04-06	1998	2008	1963	1971	491510	446383	0
2021-04-07	1973	1980	1917	1932	874521	492435	0
2021-04-08	1934	1937	1900	1925	626943	461399	0
2021-04-09	1930	1935	1889	1891	671707	449004	0
2021-04-12	1887	1888	1833	1873	1003805	427591	0
2021-04-13	1878	1907	1858	1887	639302	400836	0
2021-04-14	1892	1914	1866	1894	733337	415725	0
2021-04-15	1897	1905	1853	1858	804391	430052	0
2021-04-16	1859	1898	1845	1889	909475	432024	0
2021-04-19	1891	1968	1883	1956	1334919	449576	0
2021-04-20	1954	1974	1946	1965	653018	437169	0
2021-04-21	1964	1969	1922	1927	868032	427178	0
2021-04-22	1930	1959	1903	1925	896042	435713	0
2021-04-23	1928	1939	1910	1916	854234	438878	0
2021-04-26	1914	1951	1905	1941	985543	425741	0
2021-04-27	1935	1998	1927	1995	876686	444021	0
2021-04-28	1991	2006	1982	2001	797963	438211	0
2021-04-29	2010	2054	2007	2045	960450	421942	0
2021-04-30	2060	2090	2027	2090	757362	406606	0
2021-05-06	2095	2201	2090	2193	634312	426729	0
2021-05-07	2182	2195	2148	2165	874768	425454	0
2021-05-10	2153	2230	2080	2174	1954919	430575	0
2021-05-11	2182	2207	2126	2156	1835023	420302	0
2021-05-12	2163	2279	2141	2251	1922635	436282	0
2021-05-13	2240	2330	2165	2217	2523941	422757	0
2021-05-14	2221	2298	2130	2208	3328778	446589	0
2021-05-17	2231	2306	2212	2244	2026489	570204	0
2021-05-18	2235	2255	2194	2236	1232894	534580	0
2021-05-19	2237	2238	2106	2139	1427462	553592	0
2021-05-20	2113	2122	2038	2093	1488234	538631	0
2021-05-21	2100	2137	2074	2103	1113759	551205	0
2021-05-24	2114	2131	2055	2120	944565	537319	0
2021-05-25	2126	2178	2099	2162	826852	526261	0
2021-05-26	2154	2183	2136	2166	680204	530481	0
2021-05-27	2150	2178	2121	2158	825839	540117	0
2021-05-28	2159	2227	2148	2207	760684	537819	0
2021-05-31	2200	2242	2193	2214	574069	529008	0
2021-06-01	2209	2324	2196	2317	656663	547502	0
2021-06-02	2310	2353	2292	2318	670372	550915	0
2021-06-03	2319	2340	2263	2296	693751	532100	0
2021-06-04	2282	2304	2245	2269	615559	504020	0
2021-06-07	2284	2302	2261	2264	534663	491195	0
2021-06-08	2261	2294	2216	2271	674309	531771	0
2021-06-09	2266	2282	2227	2228	560760	520887	0
2021-06-10	2220	2222	2169	2174	735508	564871	0
2021-06-11	2181	2212	2163	2206	475653	519890	0
2021-06-15	2199	2220	2166	2201	326841	541067	0
2021-06-16	2196	2220	2183	2210	373739	530200	0
2021-06-17	2219	2262	2204	2260	617169	531932	0
2021-06-18	2249	2264	2202	2221	602437	510793	0
2021-06-21	2221	2259	2219	2225	410077	491600	0
2021-06-22	2225	2251	2194	2248	517490	509050	0
2021-06-23	2241	2254	2210	2214	516765	513251	0
2021-06-24	2218	2288	2213	2278	644421	510621	0
2021-06-25	2274	2338	2271	2325	527238	535056	0
2021-06-28	2319	2327	2270	2276	442973	517442	0
2021-06-29	2280	2285	2247	2248	371738	521765	0
2021-06-30	2254	2293	2246	2290	329807	528666	0
2021-07-01	2289	2312	2250	2254	458811	542618	0
2021-07-02	2271	2341	2258	2334	527727	550582	0
2021-07-05	2329	2356	2322	2344	362558	561930	0
2021-07-06	2343	2410	2340	2395	563348	599818	0
2021-07-07	2386	2388	2332	2353	558700	559950	0
2021-07-08	2355	2380	2345	2357	448242	535306	0
2021-07-09	2346	2363	2319	2355	449477	515471	0
2021-07-12	2380	2381	2338	2356	453189	526730	0
2021-07-13	2357	2390	2355	2387	382587	528485	0
2021-07-14	2384	2398	2361	2381	381980	522773	0
2021-07-15	2389	2400	2327	2366	555093	516044	0
2021-07-16	2372	2430	2346	2417	576268	547292	0
2021-07-19	2415	2453	2386	2401	563489	516998	0
2021-07-20	2385	2419	2380	2410	399701	502063	0
2021-07-21	2416	2488	2415	2472	720316	564985	0
2021-07-22	2479	2497	2464	2490	448114	561095	0
2021-07-23	2486	2491	2429	2440	545199	540947	0
2021-07-26	2451	2471	2426	2456	463718	532204	0
2021-07-27	2456	2503	2400	2416	655294	527069	0
2021-07-28	2433	2481	2429	2470	406642	530739	0
2021-07-29	2481	2501	2477	2497	339390	531573	0
2021-07-30	2506	2545	2498	2535	524321	532909	0
2021-08-02	2535	2535	2464	2501	611850	513017	0
2021-08-03	2507	2507	2447	2461	568091	513854	0
2021-08-04	2456	2516	2456	2516	460636	508760	0
2021-08-05	2511	2519	2469	2469	438718	518650	0
2021-08-06	2486	2594	2480	2585	753927	563738	0
2021-08-09	2597	2608	2560	2602	541781	558671	0
2021-08-10	2598	2635	2591	2626	437314	562940	0
2021-08-11	2637	2650	2613	2649	411152	562113	0
2021-08-12	2647	2705	2630	2641	757148	549274	0
2021-08-13	2643	2729	2643	2718	809974	599375	0
2021-08-16	2729	2800	2728	2745	966477	613705	0
2021-08-17	2736	2754	2713	2718	782360	594286	0
2021-08-18	2725	2751	2683	2696	705933	585337	0
2021-08-19	2688	2723	2647	2699	925746	570241	0
2021-08-20	2684	2750	2659	2745	845085	590466	0
2021-08-23	2742	2774	2710	2739	860749	562077	0
2021-08-24	2741	2775	2728	2743	692629	550154	0
2021-08-25	2736	2759	2697	2740	937032	545389	0
2021-08-26	2733	2737	2657	2658	998493	544906	0
2021-08-27	2661	2716	2642	2705	799524	551563	0
2021-08-30	2712	2739	2697	2732	705363	532464	0
2021-08-31	2747	2751	2697	2711	671580	523675	0
2021-09-01	2705	2738	2685	2723	704106	528866	0
2021-09-02	2728	2769	2697	2707	794975	514518	0
2021-09-03	2705	2759	2703	2747	659443	518071	0
2021-09-06	2751	2778	2735	2759	652801	521462	0
2021-09-07	2758	2908	2749	2883	1125338	569650	0
2021-09-08	2882	2946	2870	2915	1043853	601335	0
2021-09-09	2909	3032	2906	3001	1202794	591799	0
2021-09-10	3009	3074	2973	2980	1230275	583076	0
2021-09-13	3007	3044	2953	2975	1106039	578557	0
2021-09-14	2975	2983	2888	2899	1240897	540635	0
2021-09-15	2903	2941	2832	2899	1282814	548061	0
2021-09-16	2891	3018	2863	3006	1451372	568540	0
2021-09-17	2999	3044	2845	2896	1665482	506091	0
2021-09-22	2991	3136	2991	3128	965930	524945	0
2021-09-23	3147	3213	3116	3181	1235792	518564	0
2021-09-24	3168	3169	3018	3086	1302944	491269	0
2021-09-27	3103	3344	3081	3329	1148428	535611	0
2021-09-28	3343	3385	3257	3323	1204066	483346	0
2021-09-29	3334	3399	3293	3357	949361	486484	0
2021-09-30	3358	3412	3293	3411	761407	444581	0
2021-10-08	3379	3379	3157	3295	733421	429506	0
2021-10-11	3278	3455	3276	3431	1003437	445293	0
2021-10-12	3401	3585	3392	3530	1344887	427913	0
2021-10-13	3534	3583	3293	3444	1504790	433786	0
2021-10-14	3449	3493	3270	3397	1438856	432715	0
2021-10-15	3407	3422	3291	3382	1224511	427083	0
2021-10-18	3413	3508	3355	3498	1157041	423068	0
2021-10-19	3495	3498	3385	3415	967901	399859	0
2021-10-20	3381	3411	3177	3177	1431673	418541	0
2021-10-21	3183	3326	3041	3104	1406548	421324	0
2021-10-22	3109	3151	2987	2987	498545	406169	0
2021-10-25	2894	2940	2731	2788	1898559	330935	0
2021-10-26	2770	2811	2597	2734	1518014	305096	0
2021-10-27	2758	2804	2660	2763	1713930	327398	0
2021-10-28	2763	2844	2608	2791	2396699	341157	0
2021-10-29	2794	2843	2672	2734	1451518	338599	0
2021-11-01	2694	2717	2544	2556	1638273	441641	0
2021-11-02	2538	2613	2377	2494	1431589	423799	0
2021-11-03	2513	2744	2425	2731	1820027	502562	0
2021-11-04	2722	2736	2551	2579	1763250	472792	0
2021-11-05	2588	2593	2465	2532	1400113	482111	0
2021-11-08	2509	2619	2448	2481	1428372	513767	0
2021-11-09	2467	2558	2435	2520	1190529	484854	0
2021-11-10	2486	2492	2362	2456	1277722	486375	0
2021-11-11	2459	2653	2435	2629	1094476	497662	0
2021-11-12	2605	2626	2462	2486	1061450	470067	0
2021-11-15	2431	2526	2418	2458	975662	479430	0
2021-11-16	2467	2565	2436	2499	874174	453018	0
2021-11-17	2505	2560	2459	2543	921660	480937	0
2021-11-18	2551	2577	2497	2512	805379	472079	0
2021-11-19	2515	2655	2466	2612	1234703	505487	0
2021-11-22	2585	2680	2582	2596	907109	468408	0
2021-11-23	2589	2644	2568	2571	809552	435673	0
2021-11-24	2576	2621	2561	2611	808679	435147	0
2021-11-25	2616	2636	2570	2582	720031	443675	0
2021-11-26	2567	2575	2475	2476	748191	437279	0
2021-11-29	2457	2558	2454	2548	700593	438527	0
2021-11-30	2551	2583	2494	2525	685258	421741	0
2021-12-01	2539	2670	2538	2635	1031475	459164	0
2021-12-02	2648	2675	2573	2583	1131979	436177	0
2021-12-03	2569	2601	2524	2570	1074303	414528	0
2021-12-06	2579	2599	2527	2590	947529	418811	0
2021-12-07	2599	2653	2577	2577	750669	464509	0
2021-12-08	2565	2566	2383	2383	1134648	470427	0
2021-12-09	2342	2346	2247	2253	1084443	507495	0
2021-12-10	2262	2283	2217	2281	818197	493396	0
2021-12-13	2282	2322	2231	2308	917520	482275	0
2021-12-14	2309	2344	2286	2323	702769	432396	0
2021-12-15	2326	2340	2232	2241	819192	468021	0
2021-12-16	2246	2355	2241	2342	861674	416205	0
2021-12-17	2341	2394	2334	2384	708094	421112	0
2021-12-20	2377	2400	2275	2299	851900	411750	0
2021-12-21	2298	2367	2289	2347	852474	394410	0
2021-12-22	2356	2376	2318	2340	755595	403148	0
2021-12-23	2344	2362	2305	2329	712824	409934	0
2021-12-24	2322	2344	2269	2302	898348	447067	0
2021-12-27	2301	2315	2254	2294	687463	423730	0
2021-12-28	2296	2332	2277	2294	601039	415425	0
2021-12-29	2311	2329	2273	2293	632611	435041	0
2021-12-30	2288	2294	2239	2251	698555	466693	0
2021-12-31	2243	2251	2181	2188	807776	509168	0
2022-01-04	2198	2235	2168	2227	588803	477198	0
2022-01-05	2230	2259	2221	2255	553473	454358	0
2022-01-06	2260	2322	2238	2319	682325	446641	0
2022-01-07	2322	2353	2312	2343	581294	442632	0
2022-01-10	2358	2418	2347	2416	777197	470836	0
2022-01-11	2411	2491	2400	2476	865434	532927	0
2022-01-12	2481	2500	2468	2491	633674	516880	0
2022-01-13	2505	2581	2459	2466	1266487	569313	0
2022-01-14	2477	2598	2470	2595	1138882	577718	0
2022-01-17	2581	2603	2526	2557	1010259	568326	0
2022-01-18	2549	2572	2515	2563	871660	555911	0
2022-01-19	2576	2624	2546	2600	1108517	619849	0
2022-01-20	2600	2612	2566	2580	800830	604265	0
2022-01-21	2592	2749	2591	2716	1383748	707111	0
2022-01-24	2715	2747	2677	2689	890044	625282	0
2022-01-25	2675	2733	2647	2704	1052143	649360	0
2022-01-26	2695	2772	2691	2770	965281	681810	0
2022-01-27	2789	2852	2772	2850	869274	651282	0
2022-01-28	2856	2903	2824	2885	818924	583165	0
2022-02-07	2922	3005	2883	2974	585139	591270	0
2022-02-08	2976	3017	2951	2995	809783	627724	0
2022-02-09	2977	2993	2925	2968	976304	652928	0
2022-02-10	2974	3185	2940	3135	1415445	794990	0
2022-02-11	3140	3164	2971	2983	1581111	760470	0
2022-02-14	2990	3008	2885	2972	1892399	767571	0
2022-02-15	2930	2938	2796	2882	1879863	738244	0
2022-02-16	2884	2973	2867	2929	1351444	728954	0
2022-02-17	2922	2926	2776	2777	1556647	723780	0
2022-02-18	2776	2867	2760	2825	1253329	699135	0
2022-02-21	2837	2937	2808	2931	1462444	765463	0
2022-02-22	2915	2967	2874	2880	1506656	752233	0
2022-02-23	2882	2929	2851	2901	1315938	736647	0
2022-02-24	2905	2914	2798	2813	1510446	768964	0
2022-02-25	2825	2844	2629	2631	1609466	738570	0
2022-02-28	2611	2669	2578	2620	1532785	745846	0
2022-03-01	2628	2654	2553	2638	1591703	719811	0
2022-03-02	2643	2776	2630	2705	1692371	729700	0
2022-03-03	2717	2794	2676	2771	1417705	677917	0
2022-03-04	2760	2786	2710	2750	1091910	657338	0
2022-03-07	2763	2891	2756	2800	1244332	708250	0
2022-03-08	2777	2789	2595	2699	1981176	716173	0
2022-03-09	2677	2736	2537	2557	1715621	728216	0
2022-03-10	2548	2730	2541	2688	1646247	673594	0
2022-03-11	2701	2710	2606	2623	1250546	662758	0
2022-03-14	2593	2625	2485	2497	1349484	678075	0
2022-03-15	2504	2579	2490	2499	1299262	683472	0
2022-03-16	2504	2556	2478	2510	1179110	716806	0
2022-03-17	2519	2530	2459	2513	1202032	712870	0
2022-03-18	2520	2586	2494	2585	1047893	710091	0
2022-03-21	2567	2605	2502	2516	1309469	749930	0
2022-03-22	2514	2581	2492	2548	959915	711718	0
2022-03-23	2554	2635	2547	2634	1220322	745113	0
2022-03-24	2656	2742	2656	2692	1322014	744164	0
2022-03-25	2709	2880	2704	2840	1804101	734500	0
2022-03-28	2827	2880	2797	2848	1394234	713603	0
2022-03-29	2846	2933	2820	2914	1809486	776947	0
2022-03-30	2898	2988	2865	2975	1774885	807682	0
2022-03-31	2983	3011	2923	2965	1661069	790694	0
2022-04-01	2966	3013	2912	3001	1614729	915679	0
2022-04-06	2969	3027	2902	2904	1128886	847220	0
2022-04-07	2896	2928	2850	2884	1605287	881677	0
2022-04-08	2889	2916	2856	2912	1152887	862884	0
2022-04-11	2917	2935	2863	2921	1251719	900737	0
2022-04-12	2917	3101	2902	3077	1770580	1007789	0
2022-04-13	3078	3100	3045	3059	1253610	946613	0
2022-04-14	3058	3183	3045	3120	1641607	994131	0
2022-04-15	3128	3174	3095	3115	1205590	918800	0
2022-04-18	3104	3239	3077	3224	1401249	957742	0
2022-04-19	3222	3246	3172	3194	975771	872110	0
2022-04-20	3179	3230	3079	3090	1513571	866412	0
2022-04-21	3086	3115	3052	3094	1057168	842414	0
2022-04-22	3086	3118	3040	3089	1186565	869359	0
2022-04-25	3097	3098	2861	2879	1783703	821064	0
2022-04-26	2886	2934	2812	2869	1453641	831856	0
2022-04-27	2892	2974	2881	2952	1448125	838448	0
2022-04-28	2948	3003	2910	2997	1255425	828869	0
2022-04-29	2990	3011	2943	2991	1070271	760744	0
2022-05-05	2980	3057	2913	3047	1005390	843657	0
2022-05-06	3053	3060	2961	2964	1188318	837424	0
2022-05-09	2950	2993	2897	2904	1497023	896548	0
2022-05-10	2865	2890	2688	2758	1982937	887090	0
2022-05-11	2778	2847	2736	2832	1333378	855820	0
2022-05-12	2810	2848	2723	2753	1555898	886922	0
2022-05-13	2731	2799	2728	2784	1336467	818274	0
2022-05-16	2804	2854	2754	2848	1224689	854841	0
2022-05-17	2848	2888	2811	2825	1120293	827506	0
2022-05-18	2831	2849	2808	2823	804852	829565	0
数据来源:通达信
