SCL9 原油指数 日线 前复权
      日期	    开盘	    最高	    最低	    收盘	    成交量	    持仓量	    结算价
2018-03-27	429.6	430.3	413.1	422.7	41140	4444	0.0
2018-03-28	426.5	426.6	405.8	409.2	68866	7250	0.0
2018-03-29	410.4	410.9	401.0	408.6	67068	8930	0.0
2018-03-30	406.2	419.9	404.3	419.0	58824	8198	0.0
2018-04-02	417.4	419.6	412.8	415.3	24888	7664	0.0
2018-04-03	410.9	410.9	400.0	401.6	53030	9702	0.0
2018-04-04	404.1	404.2	399.2	400.7	44350	10350	0.0
2018-04-09	397.9	402.6	397.5	401.6	15572	10682	0.0
2018-04-10	403.1	414.1	402.8	412.6	61832	10124	0.0
2018-04-11	413.3	420.9	413.2	417.1	66604	13502	0.0
2018-04-12	419.5	429.1	416.6	428.1	110310	15488	0.0
2018-04-13	425.1	427.9	422.9	426.4	63384	14376	0.0
2018-04-16	428.7	430.1	423.0	423.9	65620	14340	0.0
2018-04-17	424.9	426.7	421.1	426.7	55164	13818	0.0
2018-04-18	421.4	430.7	420.2	429.1	80416	15440	0.0
2018-04-19	434.6	440.9	432.7	440.1	84942	16670	0.0
2018-04-20	441.9	442.2	435.0	436.2	68548	16340	0.0
2018-04-23	434.9	440.4	432.1	439.2	70392	16712	0.0
2018-04-24	432.9	448.7	432.5	446.9	91824	19040	0.0
2018-04-25	446.2	448.4	436.3	437.6	99138	16852	0.0
2018-04-26	437.7	444.4	434.3	441.0	109334	16956	0.0
2018-04-27	443.1	445.0	440.5	443.8	80766	17024	0.0
2018-05-02	439.4	443.8	438.6	443.0	33700	18218	0.0
2018-05-03	441.1	447.6	438.9	446.6	111270	22362	0.0
2018-05-04	444.3	448.3	442.6	446.5	100736	21436	0.0
2018-05-07	449.1	461.0	448.2	458.0	135246	23882	0.0
2018-05-08	461.0	462.0	456.7	458.7	111088	24544	0.0
2018-05-09	459.0	466.1	445.2	464.8	244622	26954	0.0
2018-05-10	466.5	477.4	465.6	475.9	166004	32022	0.0
2018-05-11	473.0	473.0	466.8	470.8	166162	29544	0.0
2018-05-14	470.9	472.1	462.6	465.2	168392	25876	0.0
2018-05-15	469.0	474.2	467.6	472.4	150328	29152	0.0
2018-05-16	475.6	476.9	470.2	472.7	194000	27158	0.0
2018-05-17	472.1	484.7	470.2	481.4	220454	32324	0.0
2018-05-18	483.9	488.1	481.6	486.0	179524	31260	0.0
2018-05-21	484.2	485.2	476.9	482.1	175926	28202	0.0
2018-05-22	479.4	486.1	478.7	484.8	133112	30358	0.0
2018-05-23	485.2	493.2	482.4	484.3	218290	32244	0.0
2018-05-24	484.3	487.0	478.1	484.7	217432	31708	0.0
2018-05-25	480.0	483.4	476.4	477.2	180852	32294	0.0
2018-05-28	467.0	470.2	456.6	462.6	245910	31656	0.0
2018-05-29	462.1	465.7	459.2	463.7	145324	31508	0.0
2018-05-30	466.6	467.9	458.6	463.6	224278	32114	0.0
2018-05-31	465.0	476.4	465.0	472.2	234720	35188	0.0
2018-06-01	473.7	483.0	470.9	474.4	275182	35296	0.0
2018-06-04	472.6	472.7	467.4	470.5	202292	32512	0.0
2018-06-05	468.6	471.1	461.4	465.9	212510	31654	0.0
2018-06-06	461.8	466.4	455.7	464.8	238658	34480	0.0
2018-06-07	461.5	465.4	457.9	465.4	251928	34668	0.0
2018-06-08	467.0	473.9	466.4	468.1	228718	35632	0.0
2018-06-11	469.3	472.8	466.6	467.3	192936	34186	0.0
2018-06-12	465.0	472.6	463.8	471.8	235614	35212	0.0
2018-06-13	468.5	471.0	462.9	464.3	218010	33536	0.0
2018-06-14	465.6	471.6	464.2	467.9	223068	32324	0.0
2018-06-15	471.2	471.9	465.3	467.0	182404	29986	0.0
2018-06-19	463.0	465.2	457.9	460.1	75954	33294	0.0
2018-06-20	461.7	465.3	458.8	464.0	223242	34316	0.0
2018-06-21	465.6	468.4	458.7	459.7	312550	35514	0.0
2018-06-22	457.7	461.6	453.6	458.9	271242	36896	0.0
2018-06-25	465.4	471.6	464.5	466.2	254190	35732	0.0
2018-06-26	467.3	471.6	465.2	471.3	184524	37228	0.0
2018-06-27	473.3	485.8	469.5	484.8	295794	40386	0.0
2018-06-28	486.6	494.5	486.3	490.7	260406	37870	0.0
2018-06-29	491.3	497.6	490.9	494.5	253046	37638	0.0
2018-07-02	497.6	508.7	497.6	501.2	283348	37582	0.0
2018-07-03	500.9	504.8	496.6	503.2	255420	37854	0.0
2018-07-04	503.7	504.0	491.1	496.4	319940	35292	0.0
2018-07-05	496.6	501.4	494.3	497.3	212702	35662	0.0
2018-07-06	498.2	501.6	492.7	495.4	330752	35636	0.0
2018-07-09	490.2	498.3	489.1	497.4	219000	40992	0.0
2018-07-10	497.8	504.7	496.1	504.6	240736	45602	0.0
2018-07-11	507.2	511.2	502.5	507.6	293152	47134	0.0
2018-07-12	504.1	508.1	489.7	492.3	348912	38044	0.0
2018-07-13	491.6	495.2	487.5	490.8	265214	37204	0.0
2018-07-16	494.1	499.2	491.5	491.6	225736	34398	0.0
2018-07-17	485.9	488.3	478.3	478.9	293988	36384	0.0
2018-07-18	481.2	484.9	478.4	481.2	218798	35666	0.0
2018-07-19	481.5	488.7	479.2	485.8	264108	33950	0.0
2018-07-20	483.8	494.0	483.7	493.0	319138	34202	0.0
2018-07-23	492.0	494.2	488.9	490.1	211980	32990	0.0
2018-07-24	496.5	499.3	492.9	494.4	231110	32998	0.0
2018-07-25	494.3	503.8	492.7	502.7	236044	34366	0.0
2018-07-26	502.1	504.1	497.1	503.3	268118	32078	0.0
2018-07-27	502.1	508.1	501.0	506.5	195062	33158	0.0
2018-07-30	507.3	509.4	503.5	509.4	188538	34014	0.0
2018-07-31	513.8	514.9	512.1	512.7	154778	35518	0.0
2018-08-01	512.5	512.9	501.0	502.9	244246	31628	0.0
2018-08-02	497.8	503.5	497.6	502.9	244296	34496	0.0
2018-08-03	501.0	514.6	501.0	512.9	240012	35712	0.0
2018-08-06	511.8	519.2	505.8	518.3	254018	37108	0.0
2018-08-07	522.9	537.1	520.7	536.7	239536	40152	0.0
2018-08-08	544.7	544.9	515.1	521.0	410024	35600	0.0
2018-08-09	515.2	524.6	510.8	515.0	325780	39260	0.0
2018-08-10	517.0	520.4	506.0	508.2	281086	39758	0.0
2018-08-13	512.5	518.8	510.2	511.1	250996	39428	0.0
2018-08-14	511.9	520.1	506.9	516.8	367738	37748	0.0
2018-08-15	521.3	522.3	509.6	511.2	310554	39366	0.0
2018-08-16	511.1	512.9	495.2	498.9	395026	35942	0.0
2018-08-17	501.4	502.3	495.2	497.0	267080	38006	0.0
2018-08-20	502.6	503.0	480.2	490.7	336464	36120	0.0
2018-08-21	489.4	501.0	487.8	495.4	342126	39090	0.0
2018-08-22	498.3	506.1	496.3	503.4	305260	39252	0.0
2018-08-23	506.6	512.0	504.0	506.6	314850	38200	0.0
2018-08-24	505.0	512.9	503.5	510.2	287358	34902	0.0
2018-08-27	510.3	512.6	506.3	509.1	259776	34984	0.0
2018-08-28	509.8	514.5	508.4	510.4	258564	34422	0.0
2018-08-29	511.3	513.3	507.2	507.5	250348	33806	0.0
2018-08-30	511.4	521.7	509.2	520.9	318274	36078	0.0
2018-08-31	520.4	523.1	517.9	521.9	224258	36896	0.0
2018-09-03	521.1	522.7	517.0	520.6	242442	34286	0.0
2018-09-04	521.8	526.4	519.8	523.2	233670	33572	0.0
2018-09-05	530.0	531.6	520.0	520.9	348844	35370	0.0
2018-09-06	520.6	523.8	518.4	519.7	280726	36526	0.0
2018-09-07	521.3	521.8	511.9	516.5	332456	35128	0.0
2018-09-10	515.9	525.0	510.9	524.2	305272	36084	0.0
2018-09-11	523.4	524.6	518.3	524.0	292708	35730	0.0
2018-09-12	522.8	539.9	522.7	535.7	353926	38844	0.0
2018-09-13	536.3	540.2	530.1	533.1	332742	39538	0.0
2018-09-14	531.8	533.1	523.5	525.6	293742	38844	0.0
2018-09-17	524.9	530.3	521.1	527.7	335904	40954	0.0
2018-09-18	529.3	529.5	522.4	523.3	272142	44330	0.0
2018-09-19	528.7	532.7	525.9	528.5	307342	42990	0.0
2018-09-20	527.5	537.4	525.6	535.7	340202	49548	0.0
2018-09-21	533.3	534.6	529.1	532.1	267564	44288	0.0
2018-09-25	542.5	552.2	541.8	549.0	114432	47276	0.0
2018-09-26	552.3	555.3	550.5	554.1	272954	49916	0.0
2018-09-27	551.7	559.9	550.1	557.6	302650	47396	0.0
2018-09-28	556.9	564.5	551.3	563.5	247122	44600	0.0
2018-10-08	572.3	573.3	565.8	572.3	91210	43706	0.0
2018-10-09	570.4	597.8	570.0	592.7	366410	44002	0.0
2018-10-10	592.5	598.3	585.1	597.1	350242	43412	0.0
2018-10-11	594.5	597.0	567.3	574.1	422372	40690	0.0
2018-10-12	573.8	576.4	560.8	573.1	388732	39512	0.0
2018-10-15	572.3	575.0	561.3	572.9	336294	38108	0.0
2018-10-16	572.1	572.7	555.3	559.9	370876	36544	0.0
2018-10-17	558.7	566.0	553.3	566.0	341564	35056	0.0
2018-10-18	560.7	561.3	547.4	554.7	408430	34190	0.0
2018-10-19	549.2	559.5	548.9	551.8	337706	33922	0.0
2018-10-22	554.8	561.9	552.5	559.3	342054	38694	0.0
2018-10-23	555.1	557.7	551.1	554.1	339682	38946	0.0
2018-10-24	546.3	546.4	531.3	536.3	399606	40932	0.0
2018-10-25	540.0	543.7	531.1	536.3	406558	42036	0.0
2018-10-26	541.4	542.4	535.4	538.1	314382	42584	0.0
2018-10-29	538.4	545.0	534.9	536.5	339126	45416	0.0
2018-10-30	536.6	543.3	536.1	541.9	265534	46888	0.0
2018-10-31	533.3	537.6	525.6	536.6	353130	45756	0.0
2018-11-01	534.3	535.1	521.5	524.4	354654	48620	0.0
2018-11-02	523.6	525.6	505.9	512.4	414816	49570	0.0
2018-11-05	509.5	512.6	506.2	511.0	294346	52494	0.0
2018-11-06	515.3	518.7	507.6	509.9	290266	52704	0.0
2018-11-07	510.9	513.9	500.2	500.9	366090	55040	0.0
2018-11-08	507.5	508.9	501.4	505.7	342072	55780	0.0
2018-11-09	503.3	504.8	494.9	498.1	335762	56696	0.0
2018-11-12	491.8	503.2	487.0	501.7	364816	58478	0.0
2018-11-13	499.6	503.0	487.4	488.0	317696	61656	0.0
2018-11-14	487.0	489.8	470.7	470.7	350006	62962	0.0
2018-11-15	468.5	472.6	462.0	469.3	439636	63380	0.0
2018-11-16	471.0	475.2	467.1	473.7	369340	67782	0.0
2018-11-19	476.8	479.3	466.5	472.7	373084	63538	0.0
2018-11-20	469.7	471.8	463.0	466.0	418592	62082	0.0
2018-11-21	465.5	465.8	445.0	449.2	492494	61522	0.0
2018-11-22	452.2	455.7	443.2	444.9	529456	64476	0.0
2018-11-23	447.6	450.2	431.4	435.2	494518	66520	0.0
2018-11-26	428.5	428.8	421.0	421.0	161634	66568	0.0
2018-11-27	420.6	428.0	419.2	420.5	481378	61792	0.0
2018-11-28	421.9	432.1	417.4	430.6	604400	64762	0.0
2018-11-29	424.2	426.2	409.6	412.2	679564	67686	0.0
2018-11-30	416.2	421.8	414.1	420.4	603874	65230	0.0
2018-12-03	415.8	441.2	409.0	435.9	688468	61250	0.0
2018-12-04	430.0	437.6	426.8	435.6	475142	64592	0.0
2018-12-05	439.1	439.2	425.0	429.0	512904	68472	0.0
2018-12-06	433.4	438.4	424.8	426.4	529172	66740	0.0
2018-12-07	416.5	423.6	410.9	416.3	719572	70442	0.0
2018-12-10	422.0	440.8	421.4	433.1	649258	59386	0.0
2018-12-11	429.9	431.3	419.6	423.2	454466	65418	0.0
2018-12-12	425.8	429.9	424.1	428.9	387942	71878	0.0
2018-12-13	431.0	431.3	423.7	425.3	478588	71122	0.0
2018-12-14	421.1	430.9	420.1	426.7	457310	67200	0.0
2018-12-17	426.0	429.7	419.1	423.2	455356	67870	0.0
2018-12-18	426.0	426.2	411.5	413.1	412854	71228	0.0
2018-12-19	410.8	414.7	395.1	397.4	471976	73832	0.0
2018-12-20	398.2	404.2	394.0	400.5	442816	76404	0.0
2018-12-21	396.6	398.6	387.3	391.2	518740	75492	0.0
2018-12-24	382.4	390.7	377.2	385.9	530918	78242	0.0
2018-12-25	381.7	384.1	353.5	358.0	477208	80572	0.0
2018-12-26	358.1	365.5	355.5	358.5	291764	73986	0.0
2018-12-27	361.3	387.5	357.9	383.5	665838	63886	0.0
2018-12-28	378.7	382.9	373.3	376.5	491082	59774	0.0
2019-01-02	380.9	383.4	370.3	371.6	159002	59346	0.0
2019-01-03	371.9	397.3	370.9	385.5	624810	56222	0.0
2019-01-04	391.8	401.7	386.6	398.3	673184	58258	0.0
2019-01-07	402.0	411.4	399.3	407.8	712956	58324	0.0
2019-01-08	409.0	415.5	403.1	405.9	607378	58394	0.0
2019-01-09	409.6	420.1	407.7	416.6	564372	56974	0.0
2019-01-10	419.7	429.0	417.0	422.2	647214	55086	0.0
2019-01-11	424.6	427.9	420.5	427.4	515544	60692	0.0
2019-01-14	425.2	425.6	413.4	415.4	615090	61780	0.0
2019-01-15	416.2	420.7	413.8	417.0	512772	65264	0.0
2019-01-16	417.5	424.1	415.2	423.6	473148	65186	0.0
2019-01-17	420.2	425.9	418.9	425.7	554926	63024	0.0
2019-01-18	419.6	433.5	418.8	432.2	523136	63552	0.0
2019-01-21	431.5	441.7	429.9	439.1	551684	65750	0.0
2019-01-22	439.6	442.2	432.7	434.8	364288	65096	0.0
2019-01-23	431.8	433.5	424.5	432.7	462394	63920	0.0
2019-01-24	434.5	435.9	422.2	426.3	539394	64388	0.0
2019-01-25	424.8	433.6	423.7	431.2	507842	63920	0.0
2019-01-28	427.8	431.0	422.5	422.5	410614	67948	0.0
2019-01-29	422.4	423.6	413.6	418.4	388300	69356	0.0
2019-01-30	420.1	428.7	419.2	425.0	378632	65872	0.0
2019-01-31	428.4	433.5	427.1	430.7	330522	65252	0.0
2019-02-01	429.1	436.4	422.4	423.6	331560	59006	0.0
2019-02-11	426.2	431.4	423.8	430.1	85392	57296	0.0
2019-02-12	431.8	435.2	425.5	428.8	259440	59924	0.0
2019-02-13	434.4	439.6	432.1	435.7	352338	67694	0.0
2019-02-14	434.6	445.9	433.3	445.3	336210	75422	0.0
2019-02-15	444.7	450.8	438.0	448.7	356950	73444	0.0
2019-02-18	451.8	465.2	448.8	459.8	352932	68868	0.0
2019-02-19	459.3	461.0	455.4	460.5	182950	71822	0.0
2019-02-20	459.5	460.1	453.5	455.9	260036	66692	0.0
2019-02-21	454.3	462.3	450.6	457.5	301242	65182	0.0
2019-02-22	456.9	457.2	452.7	456.8	245876	64988	0.0
2019-02-25	460.2	460.7	446.8	449.4	287226	63064	0.0
2019-02-26	443.1	443.1	428.4	433.7	342920	63060	0.0
2019-02-27	436.8	440.9	433.8	439.0	263372	59668	0.0
2019-02-28	444.2	445.1	437.6	440.5	273472	63864	0.0
2019-03-01	440.9	451.0	440.9	450.3	254822	58790	0.0
2019-03-04	445.6	448.2	432.5	437.3	355274	63108	0.0
2019-03-05	440.1	444.5	434.4	435.5	270064	69542	0.0
2019-03-06	439.0	440.5	427.8	439.2	352178	67838	0.0
2019-03-07	438.1	446.0	435.7	440.8	381636	64884	0.0
2019-03-08	445.6	445.9	437.8	438.4	303158	61958	0.0
2019-03-11	431.3	442.4	428.7	441.2	312132	61734	0.0
2019-03-12	441.6	450.5	441.5	447.1	322946	66386	0.0
2019-03-13	450.0	450.2	443.8	448.5	257518	62884	0.0
2019-03-14	450.0	455.0	449.5	454.3	293588	65444	0.0
2019-03-15	454.5	456.3	450.2	454.8	297038	62718	0.0
2019-03-18	451.0	454.8	444.0	452.1	281272	60932	0.0
2019-03-19	453.9	461.7	452.3	459.2	243100	57412	0.0
2019-03-20	460.6	461.2	453.8	458.8	230884	56564	0.0
2019-03-21	455.6	465.5	455.5	464.6	316322	62966	0.0
2019-03-22	463.4	463.7	457.4	461.2	261114	55604	0.0
2019-03-25	456.4	456.9	449.1	450.3	299624	49838	0.0
2019-03-26	452.4	456.3	450.5	454.6	244938	48928	0.0
2019-03-27	458.1	460.5	456.6	458.2	221256	53396	0.0
2019-03-28	458.1	460.3	453.1	453.2	296536	55044	0.0
2019-03-29	449.7	459.2	445.7	457.7	308818	51900	0.0
2019-04-01	462.6	463.1	456.0	460.8	250876	47664	0.0
2019-04-02	463.5	472.3	460.5	469.4	323910	54994	0.0
2019-04-03	468.2	474.7	467.7	471.8	265576	58308	0.0
2019-04-04	470.5	471.9	466.9	468.6	294890	56038	0.0
2019-04-08	476.2	479.3	475.9	476.2	96292	59190	0.0
2019-04-09	476.4	481.4	476.1	477.8	287292	61826	0.0
2019-04-10	476.8	478.6	472.7	475.7	281310	60728	0.0
2019-04-11	476.5	482.1	475.7	479.9	271776	62110	0.0
2019-04-12	478.7	479.3	472.5	475.1	268318	59762	0.0
2019-04-15	479.2	479.3	468.2	472.1	277844	60830	0.0
2019-04-16	470.3	473.1	467.1	467.7	296718	60604	0.0
2019-04-17	469.8	475.9	467.7	474.7	266678	58976	0.0
2019-04-18	473.7	474.6	471.5	472.8	299028	54654	0.0
2019-04-19	475.2	476.6	473.1	475.8	191260	56798	0.0
2019-04-22	475.7	494.3	475.1	489.6	227722	58860	0.0
2019-04-23	490.0	498.5	488.2	497.6	262646	60780	0.0
2019-04-24	495.4	499.5	494.8	496.1	251110	60116	0.0
2019-04-25	497.9	506.0	497.3	505.0	312570	59992	0.0
2019-04-26	504.5	507.1	496.8	497.3	245890	58018	0.0
2019-04-29	490.2	494.3	481.0	482.1	416782	52822	0.0
2019-04-30	484.5	489.3	482.2	488.2	249340	50066	0.0
2019-05-06	473.7	474.4	466.1	471.5	105634	43938	0.0
2019-05-07	477.1	486.0	476.3	484.5	271720	46336	0.0
2019-05-08	480.4	482.0	474.6	481.4	321662	47182	0.0
2019-05-09	479.1	485.4	476.3	480.8	336392	48346	0.0
2019-05-10	482.1	490.6	480.6	486.6	349696	48752	0.0
2019-05-13	486.3	496.3	485.7	495.9	278530	54386	0.0
2019-05-14	501.7	510.0	490.4	494.8	420658	56724	0.0
2019-05-15	500.7	501.8	497.0	499.2	276524	59262	0.0
2019-05-16	498.0	508.5	497.9	505.5	299574	60752	0.0
2019-05-17	509.3	513.0	506.2	510.2	299332	58636	0.0
2019-05-20	510.5	519.1	506.9	518.3	285338	61652	0.0
2019-05-21	513.4	513.4	503.5	508.2	347964	50146	0.0
2019-05-22	508.3	508.8	500.7	503.1	229690	52374	0.0
2019-05-23	501.3	504.5	491.1	492.1	265088	53016	0.0
2019-05-24	482.9	483.1	463.8	471.5	424224	48848	0.0
2019-05-27	473.7	476.7	464.7	469.4	339772	49482	0.0
2019-05-28	470.7	479.6	469.3	474.7	241964	51242	0.0
2019-05-29	475.6	478.0	472.5	473.0	272816	54024	0.0
2019-05-30	464.5	476.2	464.5	474.7	341834	55004	0.0
2019-05-31	472.7	472.8	448.1	448.3	403424	61420	0.0
2019-06-03	444.5	446.3	427.8	428.1	335880	57218	0.0
2019-06-04	434.4	434.9	419.9	423.1	378474	60596	0.0
2019-06-05	422.6	430.7	420.2	425.7	397726	62766	0.0
2019-06-06	425.4	426.7	410.4	416.9	454658	60950	0.0
2019-06-10	427.4	437.7	427.4	435.1	103692	60952	0.0
2019-06-11	434.6	436.7	427.0	431.9	382962	61538	0.0
2019-06-12	433.9	434.5	421.0	423.9	334016	62820	0.0
2019-06-13	421.5	435.2	413.9	428.1	454100	64902	0.0
2019-06-14	432.3	433.8	421.6	426.4	382550	64432	0.0
2019-06-17	428.3	431.7	424.9	426.1	319928	69042	0.0
2019-06-18	424.8	426.5	412.0	413.1	335166	65632	0.0
2019-06-19	417.8	431.5	416.7	424.5	405320	64728	0.0
2019-06-20	422.2	435.7	417.9	432.4	485722	65974	0.0
2019-06-21	434.5	444.2	432.2	438.9	456030	61136	0.0
2019-06-24	440.9	448.1	440.7	447.1	332232	60200	0.0
2019-06-25	446.5	446.5	436.5	439.5	377498	57028	0.0
2019-06-26	442.2	450.9	440.7	449.4	364590	59064	0.0
2019-06-27	446.8	454.2	446.0	447.0	380936	60150	0.0
2019-06-28	447.5	451.4	443.3	443.6	292528	59050	0.0
2019-07-01	447.2	453.2	438.7	451.6	326404	59170	0.0
2019-07-02	451.4	451.7	435.4	445.1	394020	60506	0.0
2019-07-03	438.5	443.9	425.6	429.4	459524	67080	0.0
2019-07-04	430.7	438.0	427.9	430.9	396744	60264	0.0
2019-07-05	432.2	434.6	430.4	433.4	215908	58492	0.0
2019-07-08	432.3	443.3	432.0	442.8	314914	59444	0.0
2019-07-09	441.8	449.5	439.7	441.8	319390	60622	0.0
2019-07-10	445.1	445.8	437.9	444.0	268700	60882	0.0
2019-07-11	448.5	462.3	447.7	461.9	354600	68170	0.0
2019-07-12	460.2	462.1	455.1	458.9	269358	65878	0.0
2019-07-15	456.8	458.2	452.2	455.2	237366	64168	0.0
2019-07-16	456.7	460.8	450.5	453.4	303512	65704	0.0
2019-07-17	455.2	457.3	434.7	439.5	320052	68674	0.0
2019-07-18	442.5	444.5	433.1	434.9	334754	70580	0.0
2019-07-19	434.9	435.3	418.7	430.4	409702	71180	0.0
2019-07-22	427.9	435.2	423.3	433.2	295472	68578	0.0
2019-07-23	432.7	436.5	429.5	435.8	225270	68548	0.0
2019-07-24	433.8	441.6	431.4	439.2	235528	61060	0.0
2019-07-25	439.7	445.7	433.0	439.8	314226	56502	0.0
2019-07-26	443.7	444.3	438.6	443.5	232220	52640	0.0
2019-07-29	443.1	444.0	438.5	439.3	228526	57652	0.0
2019-07-30	440.5	445.3	436.8	444.7	241950	57974	0.0
2019-07-31	444.1	450.1	441.1	447.3	217040	55830	0.0
2019-08-01	448.2	449.4	439.6	444.4	260722	54780	0.0
2019-08-02	443.4	444.2	417.8	429.8	356114	60320	0.0
2019-08-05	432.3	438.5	430.8	433.9	320744	60018	0.0
2019-08-06	431.4	433.9	425.8	430.9	289048	58904	0.0
2019-08-07	427.0	428.7	418.1	419.6	235054	62966	0.0
2019-08-08	412.9	415.2	402.4	413.7	440204	64912	0.0
2019-08-09	410.5	412.5	406.3	412.0	248454	64930	0.0
2019-08-12	413.8	423.2	413.7	417.7	267286	62682	0.0
2019-08-13	419.1	422.1	416.5	417.4	202654	63186	0.0
2019-08-14	418.4	433.3	417.5	430.0	324296	61578	0.0
2019-08-15	423.2	424.0	414.7	420.8	314078	63124	0.0
2019-08-16	417.9	420.6	412.3	420.2	294104	62458	0.0
2019-08-19	418.3	427.2	416.0	426.6	260228	61028	0.0
2019-08-20	424.8	429.0	424.4	427.0	246530	54450	0.0
2019-08-21	426.5	428.2	418.4	426.7	260436	50890	0.0
2019-08-22	429.4	432.7	423.3	425.7	259086	47858	0.0
2019-08-23	428.6	429.7	421.6	427.0	235350	48304	0.0
2019-08-26	418.8	424.6	417.6	421.8	330162	47468	0.0
2019-08-27	426.7	428.0	419.4	421.6	229816	46480	0.0
2019-08-28	422.7	429.2	418.1	427.0	226534	45454	0.0
2019-08-29	428.8	435.0	427.7	430.1	266538	43132	0.0
2019-08-30	430.7	439.7	428.5	437.3	275666	48514	0.0
2019-09-02	438.3	439.4	427.5	429.6	265704	45500	0.0
2019-09-03	430.0	431.6	423.8	427.7	177942	46096	0.0
2019-09-04	421.6	427.0	418.9	427.0	218972	48338	0.0
2019-09-05	430.8	442.1	430.8	436.4	251286	47504	0.0
2019-09-06	440.5	448.6	438.2	440.1	267428	47778	0.0
2019-09-09	433.4	446.5	432.2	446.3	265358	47844	0.0
2019-09-10	444.9	450.6	444.1	448.0	236492	45966	0.0
2019-09-11	450.1	455.9	447.4	449.1	242504	46404	0.0
2019-09-12	449.9	450.8	434.8	436.9	300600	46086	0.0
2019-09-16	477.3	477.5	468.6	470.2	121280	50698	0.0
2019-09-17	478.5	494.7	471.2	489.8	423730	51678	0.0
2019-09-18	488.6	489.5	464.4	469.6	506846	55484	0.0
2019-09-19	462.4	466.5	457.3	458.1	311658	58136	0.0
2019-09-20	464.6	466.1	459.2	460.5	245332	57162	0.0
2019-09-23	460.9	466.1	460.0	462.5	248078	55202	0.0
2019-09-24	460.6	463.6	458.1	460.0	211768	50670	0.0
2019-09-25	458.4	461.1	449.0	450.1	240052	48528	0.0
2019-09-26	448.2	451.0	443.4	447.9	254378	48466	0.0
2019-09-27	445.3	450.9	443.0	446.0	215626	46176	0.0
2019-09-30	441.2	449.7	440.6	444.5	210804	42328	0.0
2019-10-08	436.1	438.8	429.8	437.5	57100	50518	0.0
2019-10-09	433.3	458.9	433.1	445.7	305972	55158	0.0
2019-10-10	448.8	453.0	443.7	445.6	250128	58702	0.0
2019-10-11	448.3	465.6	446.9	462.2	278110	64156	0.0
2019-10-14	461.4	471.0	460.7	468.4	275904	63604	0.0
2019-10-15	465.4	466.5	457.4	457.6	202236	62142	0.0
2019-10-16	460.3	462.7	453.3	455.1	227472	62054	0.0
2019-10-17	454.3	455.0	442.1	443.2	249378	61284	0.0
2019-10-18	444.4	446.5	441.3	446.5	179370	59796	0.0
2019-10-21	448.5	449.4	439.5	444.4	173234	57450	0.0
2019-10-22	443.1	443.2	435.6	440.1	143662	55616	0.0
2019-10-23	443.9	445.4	440.5	441.8	172412	57222	0.0
2019-10-24	438.2	448.3	437.1	446.8	194694	56698	0.0
2019-10-25	449.4	453.4	448.8	449.8	157388	50230	0.0
2019-10-28	449.3	455.2	448.9	454.1	155962	49744	0.0
2019-10-29	455.4	460.0	451.7	452.7	147260	46216	0.0
2019-10-30	450.3	455.9	449.1	450.4	146766	46794	0.0
2019-10-31	451.5	453.6	446.7	447.6	182808	48574	0.0
2019-11-01	445.1	445.7	440.7	441.6	144106	49856	0.0
2019-11-04	445.6	452.0	443.8	447.9	156684	48260	0.0
2019-11-05	452.4	458.1	452.0	456.2	169902	50316	0.0
2019-11-06	457.7	459.8	455.5	455.6	129478	51378	0.0
2019-11-07	456.0	460.6	451.7	452.1	207428	53972	0.0
2019-11-08	455.4	456.9	449.6	450.4	172874	53476	0.0
2019-11-11	449.1	456.1	444.6	450.6	196566	51700	0.0
2019-11-12	451.1	457.8	450.1	455.8	171044	54538	0.0
2019-11-13	456.3	457.8	449.3	449.6	188844	56584	0.0
2019-11-14	449.9	457.2	448.5	455.1	187664	56472	0.0
2019-11-15	456.1	457.0	449.5	449.6	173558	55098	0.0
2019-11-18	448.5	456.3	445.6	455.0	200410	52508	0.0
2019-11-19	453.6	454.4	449.9	452.4	162074	48126	0.0
2019-11-20	449.5	451.1	442.2	443.3	170836	53270	0.0
2019-11-21	445.5	453.2	445.2	450.7	185218	48558	0.0
2019-11-22	451.8	457.5	451.5	456.9	177404	50208	0.0
2019-11-25	458.9	462.7	456.2	461.4	189710	49232	0.0
2019-11-26	460.5	460.8	456.7	458.3	174384	48332	0.0
2019-11-27	460.6	463.5	458.1	461.2	160744	47582	0.0
2019-11-28	461.6	462.6	458.0	459.8	157976	49644	0.0
2019-11-29	460.2	461.8	458.7	461.3	109690	49904	0.0
2019-12-02	460.8	461.2	448.6	448.9	230266	46932	0.0
2019-12-03	450.8	451.4	447.3	447.7	179868	47998	0.0
2019-12-04	444.8	449.1	443.5	447.1	190012	50234	0.0
2019-12-05	450.5	457.4	449.2	454.1	221586	48064	0.0
2019-12-06	456.6	459.1	454.3	456.4	194458	49042	0.0
2019-12-09	455.8	465.8	453.6	465.3	261316	54332	0.0
2019-12-10	462.9	468.0	462.5	466.3	183070	54058	0.0
2019-12-11	465.8	468.1	464.3	464.3	144882	54694	0.0
2019-12-12	465.1	466.6	460.3	464.1	184722	56130	0.0
2019-12-13	465.8	468.5	462.9	464.3	192496	55356	0.0
2019-12-16	466.4	471.8	465.4	471.4	232330	59336	0.0
2019-12-17	472.3	473.4	468.3	471.3	127972	58028	0.0
2019-12-18	472.6	477.7	472.4	472.9	161734	62136	0.0
2019-12-19	476.2	479.7	475.0	476.7	174314	65434	0.0
2019-12-20	476.6	480.0	475.5	478.5	128298	65948	0.0
2019-12-23	478.1	479.1	475.0	475.4	146136	56358	0.0
2019-12-24	477.3	480.1	475.9	478.9	101692	56460	0.0
2019-12-25	480.0	487.2	478.9	482.8	112394	57024	0.0
2019-12-26	482.6	484.2	480.1	483.2	57210	58220	0.0
2019-12-27	482.5	490.1	481.5	487.9	149270	66220	0.0
2019-12-30	487.5	491.2	485.7	487.2	172846	63462	0.0
2019-12-31	489.5	491.9	479.8	482.1	204318	58820	0.0
2020-01-02	484.2	484.2	478.9	480.8	17780	28914	0.0
2020-01-03	479.3	499.5	477.8	497.9	134100	32687	0.0
2020-01-06	501.2	516.0	496.8	513.3	130964	32149	0.0
2020-01-07	507.1	510.5	496.8	499.8	98562	32563	0.0
2020-01-08	499.0	523.1	496.0	505.5	148965	33898	0.0
2020-01-09	497.6	499.8	477.2	479.0	158033	33357	0.0
2020-01-10	480.0	480.8	474.2	476.9	107157	31431	0.0
2020-01-13	477.6	478.2	471.8	475.0	88992	32208	0.0
2020-01-14	473.9	474.6	460.5	463.2	105550	34520	0.0
2020-01-15	466.1	468.9	460.8	461.1	78433	36794	0.0
2020-01-16	461.8	463.2	456.8	461.4	81765	36932	0.0
2020-01-17	459.4	465.4	459.4	462.0	79075	35486	0.0
2020-01-20	463.2	467.5	461.7	464.2	72308	33318	0.0
2020-01-21	463.1	464.7	458.9	459.8	54767	31319	0.0
2020-01-22	457.5	463.1	456.8	458.9	64521	29687	0.0
2020-01-23	457.8	458.4	443.4	446.8	78599	26952	0.0
2020-02-03	433.4	433.4	414.1	414.1	2520	26760	0.0
2020-02-04	402.9	402.9	381.6	399.9	45192	28763	0.0
2020-02-05	395.9	402.1	393.8	398.4	39749	35393	0.0
2020-02-06	405.1	409.7	403.3	408.4	43998	41011	0.0
2020-02-07	405.5	405.7	402.1	403.8	32354	45454	0.0
2020-02-10	396.3	401.1	393.4	399.4	34920	50596	0.0
2020-02-11	397.0	399.9	396.1	397.2	43934	58227	0.0
2020-02-12	397.7	402.8	397.7	402.6	51163	63388	0.0
2020-02-13	403.9	409.9	403.9	405.5	46296	64222	0.0
2020-02-14	408.4	409.4	406.0	408.2	34064	63015	0.0
2020-02-17	409.2	411.6	408.7	411.2	33438	64325	0.0
2020-02-18	410.7	411.3	407.3	407.7	33843	64007	0.0
2020-02-19	409.8	415.9	408.8	414.8	45807	63833	0.0
2020-02-20	416.7	423.0	416.7	420.7	38582	61988	0.0
2020-02-21	420.0	420.2	415.0	416.6	32442	61970	0.0
2020-02-24	412.1	412.1	401.9	402.7	42750	60717	0.0
2020-02-25	401.6	402.8	398.2	402.4	44653	62637	0.0
2020-02-26	397.1	397.1	386.3	386.4	60008	66401	0.0
2020-02-27	385.4	385.4	370.6	373.3	74728	70053	0.0
2020-02-28	370.7	370.7	357.8	358.6	79377	70547	0.0
2020-03-02	359.8	370.6	354.3	367.1	117602	75405	0.0
2020-03-03	370.1	383.5	370.1	376.2	82251	72574	0.0
2020-03-04	377.4	377.4	373.1	374.7	61543	76109	0.0
2020-03-05	374.1	375.5	372.2	373.7	52918	81144	0.0
2020-03-06	367.8	367.8	355.5	358.3	91630	85278	0.0
2020-03-09	346.7	346.7	338.9	338.9	752	85112	0.0
2020-03-10	319.4	319.4	308.4	308.7	6265	86586	0.0
2020-03-11	294.7	296.2	277.3	279.5	237670	97437	0.0
2020-03-12	281.4	281.4	260.7	266.7	161548	102109	0.0
2020-03-13	264.9	274.9	256.9	273.0	152628	102948	0.0
2020-03-16	264.6	269.3	253.9	254.2	151216	104486	0.0
2020-03-17	259.2	259.2	247.5	252.6	150619	108830	0.0
2020-03-18	241.2	248.2	240.6	242.5	125350	111835	0.0
2020-03-19	230.2	241.1	221.5	237.3	190213	112165	0.0
2020-03-20	244.3	253.5	244.3	253.5	144528	112150	0.0
2020-03-23	232.1	251.1	226.5	250.6	183803	117308	0.0
2020-03-24	255.5	264.7	255.5	262.8	151392	118039	0.0
2020-03-25	263.4	270.2	263.4	268.0	107966	115580	0.0
2020-03-26	268.9	268.9	261.9	263.3	103340	116982	0.0
2020-03-27	265.0	265.0	257.9	260.0	119838	120000	0.0
2020-03-30	256.9	257.9	249.4	257.6	161038	127681	0.0
2020-03-31	257.2	276.3	257.2	271.4	178465	126905	0.0
2020-04-01	270.2	272.4	266.6	269.1	130223	124423	0.0
2020-04-02	271.3	296.4	270.7	296.3	236701	127538	0.0
2020-04-03	293.4	303.5	283.6	290.7	245842	125673	0.0
2020-04-07	298.4	304.9	298.4	304.5	147103	125178	0.0
2020-04-08	300.6	303.5	293.7	300.4	140931	126392	0.0
2020-04-09	301.9	309.2	301.9	308.2	127799	128657	0.0
2020-04-10	301.2	303.0	294.3	298.2	112380	132012	0.0
2020-04-13	305.8	312.9	293.9	294.4	199777	140370	0.0
2020-04-14	300.5	300.5	289.0	290.8	157955	151761	0.0
2020-04-15	288.7	289.9	281.3	287.1	179702	159853	0.0
2020-04-16	286.6	290.5	275.5	275.6	245072	172246	0.0
2020-04-17	280.2	280.5	260.2	270.6	329119	184680	0.0
2020-04-20	265.3	265.3	252.8	260.6	245870	188352	0.0
2020-04-21	256.3	258.5	247.3	248.7	339412	187159	0.0
2020-04-22	245.9	245.9	229.2	229.6	46196	185398	0.0
2020-04-23	229.5	260.2	227.1	251.9	390325	181377	0.0
2020-04-24	247.0	261.3	247.0	256.1	288590	179898	0.0
2020-04-27	255.2	255.2	242.9	243.5	329901	182933	0.0
2020-04-28	244.6	250.0	235.2	245.9	390364	185863	0.0
2020-04-29	245.2	265.0	245.2	260.0	401718	178305	0.0
2020-04-30	263.9	273.9	262.9	263.6	306327	177989	0.0
2020-05-06	276.7	297.6	275.2	276.8	218525	172376	0.0
2020-05-07	268.8	278.2	268.3	274.8	319364	172197	0.0
2020-05-08	282.3	282.3	266.4	275.6	406002	169041	0.0
2020-05-11	275.3	277.2	269.7	274.3	379840	170031	0.0
2020-05-12	274.6	274.8	267.0	268.9	237654	173281	0.0
2020-05-13	271.2	271.5	265.3	267.4	269379	178904	0.0
2020-05-14	268.5	268.5	257.8	263.0	309974	186426	0.0
2020-05-15	263.5	277.3	262.5	275.0	367845	186838	0.0
2020-05-18	275.3	283.1	271.3	282.1	387096	185926	0.0
2020-05-19	285.6	291.7	278.7	282.0	494794	183832	0.0
2020-05-20	283.2	285.5	280.9	283.6	264947	185175	0.0
2020-05-21	286.4	292.8	286.2	292.4	310613	186997	0.0
2020-05-22	292.9	293.1	277.2	281.9	404413	184415	0.0
2020-05-25	282.1	288.7	281.3	287.1	297887	183561	0.0
2020-05-26	287.6	292.0	286.1	291.6	194898	186721	0.0
2020-05-27	292.7	293.6	287.9	290.9	257246	184166	0.0
2020-05-28	290.1	292.7	288.4	291.0	306945	179336	0.0
2020-05-29	292.0	295.8	291.3	293.2	249678	176872	0.0
2020-06-01	292.6	300.2	292.5	298.7	212364	158860	0.0
2020-06-02	298.7	300.6	297.2	299.5	166228	157497	0.0
2020-06-03	300.0	310.1	299.6	309.4	278174	156064	0.0
2020-06-04	306.0	306.6	298.5	301.6	269822	156800	0.0
2020-06-05	302.6	306.1	300.9	305.9	192308	157516	0.0
2020-06-08	312.6	318.0	307.8	316.1	321949	151537	0.0
2020-06-09	312.2	314.2	307.7	311.0	238203	151113	0.0
2020-06-10	308.8	312.2	307.2	308.2	189391	152293	0.0
2020-06-11	308.8	310.2	301.4	303.6	235319	154578	0.0
2020-06-12	298.4	299.5	285.7	289.5	360644	156683	0.0
2020-06-15	293.7	299.7	284.8	286.6	359642	159685	0.0
2020-06-16	287.1	302.3	286.8	301.5	328473	156004	0.0
2020-06-17	307.1	310.1	302.0	305.2	326642	153050	0.0
2020-06-18	305.6	306.9	302.3	306.0	198352	153974	0.0
2020-06-19	306.5	310.8	304.9	309.7	164851	152773	0.0
2020-06-22	311.5	313.3	305.6	308.7	256558	148931	0.0
2020-06-23	308.1	313.2	308.1	310.2	212503	146446	0.0
2020-06-24	312.1	312.5	308.7	311.1	165057	140826	0.0
2020-06-29	308.4	308.4	296.1	298.3	118558	145818	0.0
2020-06-30	301.9	307.5	301.9	304.8	154293	142149	0.0
2020-07-01	303.6	308.2	301.8	307.6	147574	130712	0.0
2020-07-02	307.5	313.2	305.4	311.7	183114	131558	0.0
2020-07-03	313.7	314.5	310.2	312.0	149790	128727	0.0
2020-07-06	311.6	314.3	308.5	313.7	127531	125830	0.0
2020-07-07	314.0	314.8	310.9	311.6	139390	126038	0.0
2020-07-08	312.8	317.7	311.4	313.9	151448	124683	0.0
2020-07-09	315.2	316.0	313.7	315.0	119039	123464	0.0
2020-07-10	315.1	315.7	307.0	308.7	193722	126972	0.0
2020-07-13	310.4	314.2	310.4	312.8	147834	122101	0.0
2020-07-14	312.8	314.1	305.9	310.0	160672	125067	0.0
2020-07-15	308.4	313.8	308.1	312.6	139331	120874	0.0
2020-07-16	314.5	315.1	304.7	307.1	236626	128093	0.0
2020-07-17	307.6	310.6	306.3	306.9	139860	131750	0.0
2020-07-20	306.8	308.5	299.6	300.4	160605	138647	0.0
2020-07-21	301.2	309.0	300.1	306.4	149578	134085	0.0
2020-07-22	310.7	311.9	307.2	308.5	131954	131562	0.0
2020-07-23	306.9	309.0	305.3	308.4	112536	130786	0.0
2020-07-24	306.6	309.3	302.1	303.4	135615	133018	0.0
2020-07-27	304.7	305.8	301.0	302.5	123553	132380	0.0
2020-07-28	303.2	303.5	297.0	299.9	151654	136658	0.0
2020-07-29	300.1	300.8	297.2	300.1	117302	137559	0.0
2020-07-30	300.2	303.8	299.8	300.2	120812	135498	0.0
2020-07-31	297.2	300.5	289.7	296.1	233110	139585	0.0
2020-08-03	296.1	296.2	291.1	292.8	165746	136247	0.0
2020-08-04	294.3	297.0	293.0	294.6	137599	133856	0.0
2020-08-05	291.0	296.7	290.7	293.4	149330	132195	0.0
2020-08-06	299.4	300.7	291.5	296.0	212480	131069	0.0
2020-08-07	296.4	297.9	293.7	295.6	123355	132241	0.0
2020-08-10	295.4	299.9	293.4	298.1	129886	129846	0.0
2020-08-11	298.2	300.4	296.9	299.3	116624	127169	0.0
2020-08-12	300.6	301.2	293.5	298.5	172524	128990	0.0
2020-08-13	299.5	299.8	297.4	298.0	87026	127398	0.0
2020-08-14	298.3	298.8	295.8	297.5	78162	127684	0.0
2020-08-17	295.9	297.3	295.2	295.9	94589	131414	0.0
2020-08-18	294.7	298.6	291.6	292.0	152130	142732	0.0
2020-08-19	292.2	299.2	291.6	297.1	135221	133816	0.0
2020-08-20	296.8	298.5	296.5	297.4	80629	132623	0.0
2020-08-21	297.4	297.4	293.3	295.3	100900	133550	0.0
2020-08-24	294.3	299.2	291.6	297.8	146880	124226	0.0
2020-08-25	299.0	303.8	298.0	302.8	102949	122101	0.0
2020-08-26	303.9	305.5	302.6	304.2	99720	123918	0.0
2020-08-27	303.8	305.2	303.3	305.0	65217	123517	0.0
2020-08-28	304.6	306.2	302.0	304.1	100784	124806	0.0
2020-08-31	304.7	310.0	304.0	308.8	102262	127475	0.0
2020-09-01	308.8	309.3	305.3	308.3	87796	115683	0.0
2020-09-02	308.8	309.0	305.7	306.4	77106	119538	0.0
2020-09-03	304.2	304.8	298.8	300.3	131565	128645	0.0
2020-09-04	297.8	301.4	297.2	299.2	106348	129023	0.0
2020-09-07	299.7	300.2	288.4	288.7	182422	138155	0.0
2020-09-08	289.5	291.3	285.3	286.2	110979	139774	0.0
2020-09-09	274.4	275.2	267.3	268.0	189030	140177	0.0
2020-09-10	271.3	274.4	266.4	270.7	251398	132834	0.0
2020-09-11	267.6	273.5	267.2	267.9	195734	139803	0.0
2020-09-14	265.1	272.4	265.1	270.0	136763	138187	0.0
2020-09-15	269.1	270.7	267.2	269.1	92737	139417	0.0
2020-09-16	271.7	279.8	270.2	278.4	176169	133191	0.0
2020-09-17	279.0	281.2	276.6	278.3	145543	129447	0.0
2020-09-18	279.0	286.9	278.4	285.8	146313	127264	0.0
2020-09-21	283.9	288.6	283.7	285.0	141243	126095	0.0
2020-09-22	283.5	284.8	267.7	273.9	242478	125340	0.0
2020-09-23	275.9	277.9	271.8	274.6	138727	123292	0.0
2020-09-24	275.8	278.7	271.5	273.3	190747	116541	0.0
2020-09-25	273.8	280.3	273.6	278.5	146525	109051	0.0
2020-09-28	277.4	280.5	271.4	275.3	159415	109915	0.0
2020-09-29	279.0	280.0	275.9	278.9	118062	102120	0.0
2020-09-30	279.1	279.1	267.8	268.8	192947	105402	0.0
2020-10-09	278.0	281.2	276.3	279.3	69176	101567	0.0
2020-10-12	278.9	281.1	274.7	278.0	118800	105023	0.0
2020-10-13	277.0	278.5	272.6	275.5	141143	110465	0.0
2020-10-14	276.2	276.5	272.1	273.5	130568	114032	0.0
2020-10-15	275.5	279.6	275.1	277.4	137670	109211	0.0
2020-10-16	270.0	281.7	268.3	276.4	217352	110834	0.0
2020-10-19	276.2	281.0	275.2	277.3	151825	112093	0.0
2020-10-20	277.5	280.0	273.9	276.9	142910	116207	0.0
2020-10-21	276.1	278.6	275.0	276.5	134288	117658	0.0
2020-10-22	275.7	277.9	271.0	273.7	178523	125161	0.0
2020-10-23	274.1	275.3	272.2	272.8	129019	123630	0.0
2020-10-26	273.5	274.1	263.6	264.0	181006	133692	0.0
2020-10-27	264.5	265.8	261.9	264.9	149167	133579	0.0
2020-10-28	264.4	267.5	258.6	261.0	173288	133145	0.0
2020-10-29	255.5	256.9	245.6	247.5	254767	136369	0.0
2020-10-30	234.6	244.5	230.9	234.8	360414	134730	0.0
2020-11-02	239.5	240.0	227.9	232.3	269404	129443	0.0
2020-11-03	235.5	244.1	235.4	241.7	237113	125356	0.0
2020-11-04	246.6	252.7	244.5	251.8	255901	119968	0.0
2020-11-05	253.0	254.1	245.7	247.2	202514	117096	0.0
2020-11-06	249.0	252.6	241.1	244.5	196561	119265	0.0
2020-11-09	243.7	251.7	243.5	250.2	236789	120508	0.0
2020-11-10	262.1	266.3	256.7	261.6	249560	115220	0.0
2020-11-11	262.6	271.9	261.5	271.3	195739	115311	0.0
2020-11-12	272.0	273.4	265.1	267.6	209633	112783	0.0
2020-11-13	266.0	270.8	263.4	264.3	195320	114895	0.0
2020-11-16	263.2	267.9	261.8	267.2	186035	115243	0.0
2020-11-17	271.8	272.1	265.5	266.8	169091	116577	0.0
2020-11-18	266.4	269.0	263.4	266.8	179997	118992	0.0
2020-11-19	270.5	270.6	264.7	268.0	142368	119400	0.0
2020-11-20	268.1	270.9	266.8	268.2	120247	119128	0.0
2020-11-23	268.4	275.0	267.9	275.0	164704	121962	0.0
2020-11-24	274.8	289.4	272.4	288.7	246021	133072	0.0
2020-11-25	289.0	302.3	287.1	299.0	319525	133453	0.0
2020-11-26	299.4	306.3	296.4	298.7	242947	134738	0.0
2020-11-27	296.3	301.8	296.0	299.3	189404	131896	0.0
2020-11-30	301.0	303.3	289.3	293.2	235392	130469	0.0
2020-12-01	295.4	302.5	294.5	299.6	214399	123549	0.0
2020-12-02	299.8	300.6	292.7	297.1	176697	123232	0.0
2020-12-03	297.8	304.2	296.8	300.0	202008	122157	0.0
2020-12-04	299.2	314.8	295.7	308.7	306110	125828	0.0
2020-12-07	307.3	310.9	304.5	307.9	185396	123235	0.0
2020-12-08	307.0	310.1	296.4	298.3	193776	119165	0.0
2020-12-09	299.6	302.6	296.2	300.2	168804	114071	0.0
2020-12-10	300.8	305.4	297.8	298.8	188254	110727	0.0
2020-12-11	302.2	313.7	301.4	305.6	302082	107269	0.0
2020-12-14	304.5	310.7	304.5	310.3	162165	103719	0.0
2020-12-15	310.7	315.0	301.4	306.6	198674	103744	0.0
2020-12-16	309.2	310.7	305.5	307.4	135847	101570	0.0
2020-12-17	308.8	320.6	307.5	319.0	202441	105804	0.0
2020-12-18	318.3	323.1	315.9	319.2	157631	102668	0.0
2020-12-21	319.6	325.6	310.8	313.8	245322	99169	0.0
2020-12-22	312.5	313.9	299.9	300.6	243483	93757	0.0
2020-12-23	303.2	306.9	292.8	297.2	231482	89043	0.0
2020-12-24	300.5	313.8	299.6	312.7	248464	87334	0.0
2020-12-25	309.7	316.2	307.8	315.2	159315	83876	0.0
2020-12-28	317.0	318.4	309.9	312.5	139518	83573	0.0
2020-12-29	316.8	318.1	307.8	311.3	172316	83680	0.0
2020-12-30	313.4	314.7	307.0	311.6	175906	82481	0.0
2020-12-31	312.5	312.6	308.0	309.8	165060	84680	0.0
2021-01-04	310.3	327.4	309.5	325.9	140157	89184	0.0
2021-01-05	320.1	325.9	314.7	317.5	225466	90161	0.0
2021-01-06	321.2	332.7	317.3	329.7	245435	95983	0.0
2021-01-07	328.1	342.9	327.6	340.8	230610	104022	0.0
2021-01-08	340.5	345.1	334.2	343.4	208562	108336	0.0
2021-01-11	348.8	350.5	332.4	333.0	272508	100161	0.0
2021-01-12	334.5	345.9	331.3	344.1	210534	97131	0.0
2021-01-13	347.6	353.1	342.0	350.1	178099	100629	0.0
2021-01-14	348.2	349.7	340.9	343.6	199175	98334	0.0
2021-01-15	342.3	348.7	338.1	342.2	220572	93911	0.0
2021-01-18	340.6	342.3	330.8	336.6	209781	91922	0.0
2021-01-19	335.5	341.8	335.5	338.1	123262	90540	0.0
2021-01-20	339.5	346.8	339.2	345.4	145742	92877	0.0
2021-01-21	344.9	346.6	340.5	343.2	137533	91600	0.0
2021-01-22	342.4	344.7	335.6	335.7	156267	93808	0.0
2021-01-25	330.0	340.1	328.8	335.9	199538	90044	0.0
2021-01-26	334.7	336.4	331.6	332.1	134867	88773	0.0
2021-01-27	336.2	338.9	334.3	338.5	112891	86559	0.0
2021-01-28	336.1	342.0	332.9	336.9	174110	85193	0.0
2021-01-29	337.6	344.2	336.9	338.8	162896	83403	0.0
2021-02-01	339.3	343.1	334.8	341.1	172971	80394	0.0
2021-02-02	342.9	352.2	339.8	351.7	162773	86786	0.0
2021-02-03	355.0	356.0	349.3	352.0	153578	82035	0.0
2021-02-04	353.3	364.5	353.1	362.4	187376	86549	0.0
2021-02-05	362.9	365.9	357.3	364.0	145114	85717	0.0
2021-02-08	365.3	372.6	364.4	369.5	148811	82985	0.0
2021-02-09	370.0	381.6	369.3	379.4	127842	79294	0.0
2021-02-10	377.4	377.7	368.9	372.9	112538	73245	0.0
2021-02-18	391.6	405.7	391.6	399.7	68636	76507	0.0
2021-02-19	399.3	401.1	381.4	389.6	144443	77392	0.0
2021-02-22	388.7	397.1	386.0	393.6	157532	81414	0.0
2021-02-23	393.0	420.7	391.7	414.6	231606	90334	0.0
2021-02-24	412.7	413.9	402.8	408.0	186368	88082	0.0
2021-02-25	415.2	424.4	410.3	420.7	223893	92821	0.0
2021-02-26	421.7	421.7	406.4	409.7	215036	91354	0.0
2021-03-01	404.4	418.5	402.6	413.8	218983	89808	0.0
2021-03-02	412.3	412.7	391.0	392.5	222500	88796	0.0
2021-03-03	398.9	402.8	392.2	398.1	168028	87068	0.0
2021-03-04	400.7	407.9	396.0	405.2	208898	85719	0.0
2021-03-05	404.2	429.1	402.6	428.3	334439	89879	0.0
2021-03-08	431.3	449.4	428.9	444.4	237789	90003	0.0
2021-03-09	438.2	438.8	426.2	428.3	242845	87192	0.0
2021-03-10	432.2	433.1	412.4	417.7	255815	85319	0.0
2021-03-11	422.3	425.4	416.3	422.0	217169	85011	0.0
2021-03-12	423.8	430.8	423.6	424.3	190331	87117	0.0
2021-03-15	425.0	434.8	422.5	428.9	181174	88846	0.0
2021-03-16	422.3	423.0	416.1	417.1	170804	86495	0.0
2021-03-17	415.1	423.0	411.9	421.7	180742	89569	0.0
2021-03-18	414.9	417.2	409.2	412.9	198475	89093	0.0
2021-03-19	409.8	410.5	381.2	381.2	335177	94238	0.0
2021-03-22	380.5	395.4	380.4	392.1	266814	90462	0.0
2021-03-23	391.9	397.7	390.9	392.7	159205	90545	0.0
2021-03-24	383.7	389.9	375.7	380.7	268482	95523	0.0
2021-03-25	384.3	397.0	383.3	385.8	272846	91575	0.0
2021-03-26	383.8	389.4	377.6	387.1	280339	90423	0.0
2021-03-29	389.2	399.7	389.2	391.1	272452	84115	0.0
2021-03-30	398.6	405.0	393.3	401.1	241220	80179	0.0
2021-03-31	397.2	403.0	394.8	402.2	193629	76656	0.0
2021-04-01	399.2	401.8	387.8	396.6	215597	73832	0.0
2021-04-02	397.6	412.3	391.9	412.2	298537	77131	0.0
2021-04-06	394.3	396.9	388.2	392.0	117722	80594	0.0
2021-04-07	393.5	397.9	388.0	389.7	179951	81649	0.0
2021-04-08	391.0	392.7	384.2	387.1	212413	82787	0.0
2021-04-09	388.1	392.6	386.2	389.5	176864	81358	0.0
2021-04-12	388.6	394.8	385.0	385.6	183184	82875	0.0
2021-04-13	390.4	396.2	388.7	394.2	195586	79624	0.0
2021-04-14	395.5	400.2	391.8	400.1	160542	79838	0.0
2021-04-15	401.0	415.0	400.9	414.4	209014	80533	0.0
2021-04-16	412.8	418.5	411.0	416.6	180975	82064	0.0
2021-04-19	416.0	416.3	409.1	412.4	161279	82673	0.0
2021-04-20	413.7	418.7	411.1	415.1	153916	80361	0.0
2021-04-21	414.2	415.2	401.5	404.1	211067	79150	0.0
2021-04-22	398.7	404.3	393.4	396.7	229238	78751	0.0
2021-04-23	398.8	401.5	395.7	400.4	148585	77120	0.0
2021-04-26	398.3	406.6	396.4	397.8	180149	78586	0.0
2021-04-27	395.5	405.6	393.1	403.5	167867	79238	0.0
2021-04-28	404.2	409.0	401.7	408.7	146454	80644	0.0
2021-04-29	410.9	416.6	408.9	415.1	146224	81641	0.0
2021-04-30	422.7	423.1	414.8	418.9	168820	75207	0.0
2021-05-06	422.8	431.4	422.7	427.8	68325	76072	0.0
2021-05-07	427.7	427.8	420.2	425.9	133757	78525	0.0
2021-05-10	421.0	430.7	418.5	428.3	174984	78759	0.0
2021-05-11	427.3	427.9	417.3	419.9	153254	78682	0.0
2021-05-12	417.5	428.0	416.1	428.0	184940	81787	0.0
2021-05-13	428.5	435.6	422.8	424.6	196760	78318	0.0
2021-05-14	421.4	423.4	410.9	414.5	190263	80623	0.0
2021-05-17	419.3	430.0	419.1	426.5	173705	77085	0.0
2021-05-18	426.0	437.6	425.1	436.4	157634	84700	0.0
2021-05-19	434.9	435.1	419.6	421.1	222694	77134	0.0
2021-05-20	415.1	417.4	405.7	411.7	206813	78017	0.0
2021-05-21	410.7	410.9	400.4	400.6	184067	80470	0.0
2021-05-24	406.5	415.6	406.2	414.1	167765	72915	0.0
2021-05-25	416.7	425.5	415.2	424.5	141048	68184	0.0
2021-05-26	423.0	426.8	422.5	425.1	131217	67829	0.0
2021-05-27	421.7	425.5	419.7	420.2	142327	71042	0.0
2021-05-28	420.6	432.8	420.4	427.6	164888	78841	0.0
2021-05-31	430.1	431.5	423.3	426.8	135772	76483	0.0
2021-06-01	428.8	447.6	425.7	437.9	131920	83291	0.0
2021-06-02	442.8	444.6	433.3	437.2	154070	80799	0.0
2021-06-03	439.1	448.7	438.0	446.0	133504	87741	0.0
2021-06-04	443.1	444.6	436.6	442.8	162842	82125	0.0
2021-06-07	445.6	451.0	438.5	440.5	174100	83332	0.0
2021-06-08	442.9	445.9	435.7	440.4	131680	79009	0.0
2021-06-09	441.4	452.1	439.0	450.3	147280	88017	0.0
2021-06-10	450.2	451.3	440.2	443.6	150988	77313	0.0
2021-06-11	447.4	450.7	437.2	450.3	188566	79580	0.0
2021-06-15	455.0	459.0	449.0	451.7	92477	81343	0.0
2021-06-16	455.1	462.6	453.3	459.6	168162	88965	0.0
2021-06-17	458.1	461.1	452.8	456.2	194417	87782	0.0
2021-06-18	455.4	458.7	440.9	441.2	230275	77854	0.0
2021-06-21	440.1	455.9	440.1	450.5	162064	75759	0.0
2021-06-22	447.1	460.0	445.1	460.0	162612	78246	0.0
2021-06-23	457.7	465.3	455.3	464.2	152238	83126	0.0
2021-06-24	464.8	468.2	460.6	463.7	146191	81777	0.0
2021-06-25	460.0	469.3	459.0	464.6	160302	83824	0.0
2021-06-28	466.0	471.4	458.3	462.8	194580	81571	0.0
2021-06-29	463.7	464.8	454.7	455.6	154568	80006	0.0
2021-06-30	459.2	461.9	457.8	458.6	111521	77536	0.0
2021-07-01	462.0	464.3	455.1	460.2	154027	77856	0.0
2021-07-02	470.7	472.5	464.6	468.8	179789	81701	0.0
2021-07-05	469.9	472.8	465.7	472.4	144248	85408	0.0
2021-07-06	471.4	479.5	467.4	475.3	139917	86014	0.0
2021-07-07	469.9	469.9	451.2	453.8	251076	84703	0.0
2021-07-08	455.3	456.4	440.5	441.6	224975	85890	0.0
2021-07-09	441.7	449.4	439.2	447.9	185260	86077	0.0
2021-07-12	450.6	456.1	449.1	450.4	130992	82434	0.0
2021-07-13	447.6	457.6	447.4	456.7	112996	80206	0.0
2021-07-14	454.8	464.6	454.7	463.7	143638	79007	0.0
2021-07-15	463.5	463.8	442.5	443.2	221615	82478	0.0
2021-07-16	442.7	447.7	436.7	437.9	181268	88161	0.0
2021-07-19	441.2	442.7	431.0	435.4	210487	83012	0.0
2021-07-20	425.4	426.8	410.7	415.4	270829	88293	0.0
2021-07-21	410.2	418.7	408.5	413.9	184616	89791	0.0
2021-07-22	420.3	427.8	419.2	426.7	157186	84432	0.0
2021-07-23	428.1	441.2	428.1	438.6	169088	80856	0.0
2021-07-26	439.2	445.2	437.8	440.0	147772	80423	0.0
2021-07-27	445.9	452.3	443.5	446.4	146195	79501	0.0
2021-07-28	448.1	453.9	444.0	451.0	134469	77713	0.0
2021-07-29	451.5	454.2	449.1	453.4	96998	78266	0.0
2021-07-30	453.1	458.5	450.7	453.0	113721	76639	0.0
2021-08-02	454.8	460.1	445.2	450.5	144961	76040	0.0
2021-08-03	452.3	453.1	436.5	436.8	160857	79373	0.0
2021-08-04	428.1	438.0	426.9	437.6	174841	79660	0.0
2021-08-05	432.8	434.7	422.2	423.2	190276	83933	0.0
2021-08-06	425.2	437.0	424.2	434.9	134387	80455	0.0
2021-08-09	440.0	440.3	417.6	420.0	206206	85271	0.0
2021-08-10	417.9	426.4	415.2	426.0	163505	85857	0.0
2021-08-11	426.9	434.3	424.0	434.2	159830	83624	0.0
2021-08-12	428.4	436.3	423.8	431.8	177209	82815	0.0
2021-08-13	433.4	435.3	426.7	429.9	142797	83536	0.0
2021-08-16	432.4	435.5	422.9	424.4	142238	84921	0.0
2021-08-17	421.2	426.6	417.1	420.6	151845	81358	0.0
2021-08-18	422.8	426.2	417.5	423.2	154620	78000	0.0
2021-08-19	424.2	425.1	406.7	406.9	201291	81215	0.0
2021-08-20	403.9	407.1	399.2	405.9	177164	81196	0.0
2021-08-23	399.6	408.9	396.4	405.7	180652	80887	0.0
2021-08-24	410.8	424.2	409.3	421.5	181568	78728	0.0
2021-08-25	423.3	431.3	421.7	428.1	145650	74128	0.0
2021-08-26	432.4	434.5	428.8	431.9	142764	67442	0.0
2021-08-27	431.6	438.3	427.3	436.6	167200	67779	0.0
2021-08-30	438.6	439.5	435.2	436.7	140178	67327	0.0
2021-08-31	438.6	440.3	435.3	438.8	115332	68078	0.0
2021-09-01	436.1	444.6	435.0	444.6	141212	67230	0.0
2021-09-02	443.1	443.7	432.6	443.5	193157	67116	0.0
2021-09-03	449.2	456.6	449.1	453.7	152533	67630	0.0
2021-09-06	455.7	455.9	443.5	444.8	138577	67419	0.0
2021-09-07	448.8	454.2	447.2	452.8	114428	67417	0.0
2021-09-08	448.1	450.4	443.8	448.7	154710	65355	0.0
2021-09-09	451.8	454.5	448.2	451.5	126636	64323	0.0
2021-09-10	445.5	452.0	439.6	447.2	188822	61379	0.0
2021-09-13	452.9	460.8	451.2	458.9	129638	66194	0.0
2021-09-14	461.2	464.9	456.5	462.4	107513	66861	0.0
2021-09-15	462.7	466.7	456.5	464.6	110380	66811	0.0
2021-09-16	470.5	480.5	469.1	471.1	163116	63013	0.0
2021-09-17	469.7	475.7	466.1	472.0	106940	58845	0.0
2021-09-22	466.8	473.7	465.3	471.4	54297	58447	0.0
2021-09-23	470.6	480.1	469.9	477.5	107534	58560	0.0
2021-09-24	476.7	488.4	475.1	486.3	133678	60810	0.0
2021-09-27	483.8	498.7	481.7	492.5	139161	59787	0.0
2021-09-28	495.2	507.1	494.5	505.4	139314	62606	0.0
2021-09-29	502.9	505.8	485.1	487.9	162054	55396	0.0
2021-09-30	492.3	498.7	489.8	492.7	114292	48741	0.0
2021-10-08	516.9	527.0	516.9	526.0	74345	54772	0.0
2021-10-11	522.2	530.5	519.2	527.9	133921	57827	0.0
2021-10-12	529.3	532.2	525.4	527.7	112306	58313	0.0
2021-10-13	527.4	533.2	520.2	524.3	170921	56025	0.0
2021-10-14	522.2	528.9	515.5	527.9	130970	55893	0.0
2021-10-15	531.1	534.0	522.4	532.4	140390	59951	0.0
2021-10-18	532.4	544.8	527.7	540.9	156938	64626	0.0
2021-10-19	541.3	541.8	524.7	528.7	151193	63529	0.0
2021-10-20	527.1	528.8	519.9	522.7	140564	57820	0.0
2021-10-21	521.3	536.9	518.1	527.7	131632	56583	0.0
2021-10-22	527.1	531.4	516.6	518.7	189455	50717	0.0
2021-10-25	526.1	534.8	521.9	530.8	144230	54578	0.0
2021-10-26	534.4	535.6	528.9	529.9	123791	53581	0.0
2021-10-27	532.1	533.4	525.9	526.8	139641	51791	0.0
2021-10-28	526.2	529.5	504.8	516.5	258262	56970	0.0
2021-10-29	517.3	524.8	512.2	524.1	157024	57033	0.0
2021-11-01	517.6	524.6	515.1	519.2	150752	56866	0.0
2021-11-02	528.7	533.5	526.0	532.6	129790	59747	0.0
2021-11-03	531.0	531.3	518.6	522.4	148669	59028	0.0
2021-11-04	514.5	518.2	505.2	508.4	169138	62177	0.0
2021-11-05	524.3	528.1	500.4	505.6	247241	64247	0.0
2021-11-08	505.5	529.5	504.9	527.6	190917	61268	0.0
2021-11-09	525.3	525.3	519.7	521.8	116886	60434	0.0
2021-11-10	523.5	535.9	520.9	534.2	138787	64569	0.0
2021-11-11	530.1	533.2	515.1	516.4	177043	60516	0.0
2021-11-12	513.6	519.8	511.0	512.0	161148	61342	0.0
2021-11-15	507.6	515.6	503.8	505.1	154715	62607	0.0
2021-11-16	501.8	517.4	500.6	515.6	162848	57975	0.0
2021-11-17	516.4	516.4	507.0	511.3	148434	58242	0.0
2021-11-18	510.9	511.0	490.5	490.6	189974	58749	0.0
2021-11-19	494.2	509.0	493.1	505.8	159094	54982	0.0
2021-11-22	486.8	496.2	484.5	487.1	201763	53390	0.0
2021-11-23	486.3	496.0	484.4	490.6	165386	53602	0.0
2021-11-24	494.6	513.4	494.4	512.2	187089	55362	0.0
2021-11-25	509.9	513.7	506.9	507.4	120694	50296	0.0
2021-11-26	508.7	509.7	493.9	494.6	122647	52418	0.0
2021-11-29	483.6	485.5	462.7	472.7	323784	55692	0.0
2021-11-30	473.7	479.0	445.9	447.2	314077	61270	0.0
2021-12-01	451.1	453.9	428.5	450.9	333901	59524	0.0
2021-12-02	454.1	454.4	435.3	439.9	292291	60924	0.0
2021-12-03	435.1	447.7	417.4	444.8	397304	62512	0.0
2021-12-06	448.6	455.5	441.5	449.3	264847	61564	0.0
2021-12-07	450.8	464.6	446.6	461.6	208253	61961	0.0
2021-12-08	466.8	477.4	464.7	470.7	217151	62223	0.0
2021-12-09	472.9	479.0	468.5	475.4	182389	60465	0.0
2021-12-10	469.7	474.3	463.7	464.0	196732	59414	0.0
2021-12-13	470.4	482.1	467.5	480.7	206014	57927	0.0
2021-12-14	471.5	473.1	463.1	468.3	202827	53252	0.0
2021-12-15	467.7	468.3	456.4	459.6	221323	56413	0.0
2021-12-16	459.4	471.7	456.9	469.3	193641	53872	0.0
2021-12-17	467.0	473.5	466.2	467.8	170067	54731	0.0
2021-12-20	462.9	467.4	446.1	449.6	237966	57077	0.0
2021-12-21	445.4	455.9	437.8	453.5	242656	56319	0.0
2021-12-22	454.6	468.3	454.3	464.5	196537	56496	0.0
2021-12-23	464.0	474.6	461.8	471.5	157269	58197	0.0
2021-12-24	472.4	477.5	470.0	477.4	130128	61163	0.0
2021-12-27	475.3	483.1	470.2	472.0	111456	62040	0.0
2021-12-28	471.9	492.8	471.7	492.4	197604	70271	0.0
2021-12-29	495.6	496.1	487.7	491.2	187267	70386	0.0
2021-12-30	488.8	498.8	487.2	496.5	226469	69748	0.0
2021-12-31	494.1	499.4	488.6	496.9	176035	67512	0.0
2022-01-04	493.2	495.1	489.4	492.3	67841	64796	0.0
2022-01-05	493.7	502.7	493.5	500.8	182269	67187	0.0
2022-01-06	501.9	507.0	496.2	499.3	166658	67872	0.0
2022-01-07	509.9	516.9	509.7	516.8	197648	73193	0.0
2022-01-10	514.4	514.9	504.5	508.6	179382	67713	0.0
2022-01-11	504.6	509.2	501.9	504.1	148909	66381	0.0
2022-01-12	508.9	520.0	505.6	516.9	180858	68827	0.0
2022-01-13	517.6	525.8	517.6	522.6	139975	71703	0.0
2022-01-14	522.8	526.6	519.8	524.9	144998	76484	0.0
2022-01-17	526.3	535.4	522.5	532.3	185355	74304	0.0
2022-01-18	530.4	542.4	527.2	540.8	126166	80228	0.0
2022-01-19	539.3	549.4	536.6	542.1	193040	79495	0.0
2022-01-20	543.0	549.3	537.3	542.9	167990	81422	0.0
2022-01-21	541.1	549.1	525.8	533.9	214879	79632	0.0
2022-01-24	534.9	545.3	532.6	541.4	192292	77899	0.0
2022-01-25	537.6	538.0	521.0	531.7	280833	74103	0.0
2022-01-26	527.5	537.7	526.2	536.9	189692	67200	0.0
2022-01-27	541.1	547.0	538.0	540.7	163659	67457	0.0
2022-01-28	548.0	548.5	533.3	535.2	181756	61565	0.0
2022-02-07	555.8	570.0	555.8	566.2	73504	69112	0.0
2022-02-08	560.6	563.1	554.6	559.9	150652	72688	0.0
2022-02-09	551.6	553.7	545.6	546.8	161718	72939	0.0
2022-02-10	547.2	555.3	544.3	551.7	153268	73576	0.0
2022-02-11	558.1	562.5	546.9	548.1	197651	73564	0.0
2022-02-14	556.7	578.9	554.9	574.1	189913	79979	0.0
2022-02-15	563.2	575.1	561.5	574.8	183915	81733	0.0
2022-02-16	561.5	565.6	551.4	559.0	232449	79683	0.0
2022-02-17	564.6	570.8	548.0	562.8	203599	80300	0.0
2022-02-18	561.9	566.9	556.5	564.0	233463	81320	0.0
2022-02-21	558.1	575.5	553.6	566.2	276741	81614	0.0
2022-02-22	569.1	593.3	569.1	592.5	210323	85888	0.0
2022-02-23	589.1	591.8	580.1	584.9	207853	83291	0.0
2022-02-24	586.2	617.8	583.6	614.5	334786	84963	0.0
2022-02-25	626.8	628.9	600.0	603.5	340195	78828	0.0
2022-02-28	592.4	611.3	579.1	610.7	326327	75117	0.0
2022-03-01	603.4	615.0	599.6	612.7	223680	75017	0.0
2022-03-02	631.7	653.4	621.4	653.1	319533	85201	0.0
2022-03-03	671.8	705.1	653.9	704.7	302766	80224	0.0
2022-03-04	709.7	713.1	668.6	679.8	350366	77400	0.0
2022-03-07	688.7	743.5	687.6	743.2	181022	79705	0.0
2022-03-08	743.2	785.2	718.0	770.9	387128	75485	0.0
2022-03-09	763.1	806.7	754.3	791.6	346919	75570	0.0
2022-03-10	753.8	760.6	685.9	686.7	284127	69997	0.0
2022-03-11	691.7	717.7	651.9	673.6	379174	68345	0.0
2022-03-14	667.4	686.4	659.5	673.6	245448	63781	0.0
2022-03-15	663.7	666.0	611.2	620.9	347818	62150	0.0
2022-03-16	613.2	637.1	602.7	629.6	328466	64871	0.0
2022-03-17	628.4	632.8	603.9	617.3	277351	62756	0.0
2022-03-18	639.7	668.0	636.3	667.8	236066	59870	0.0
2022-03-21	652.6	682.7	647.6	673.7	239483	61191	0.0
2022-03-22	683.5	718.9	678.8	708.0	229884	64462	0.0
2022-03-23	700.1	707.1	686.1	693.2	259598	62127	0.0
2022-03-24	714.0	738.7	713.3	715.4	255823	62071	0.0
2022-03-25	721.5	725.7	702.0	712.3	248093	56465	0.0
2022-03-28	696.9	723.9	691.0	696.7	301991	51561	0.0
2022-03-29	687.3	688.9	666.8	670.0	284207	55415	0.0
2022-03-30	634.2	680.9	633.9	680.9	317466	55088	0.0
2022-03-31	685.3	690.7	652.9	664.6	260729	55224	0.0
2022-04-01	657.2	671.7	642.6	643.9	286306	50244	0.0
2022-04-06	658.4	674.9	656.0	672.3	80118	53084	0.0
2022-04-07	673.9	675.2	624.9	629.0	323835	59029	0.0
2022-04-08	625.8	632.6	604.8	626.7	294032	61607	0.0
2022-04-11	627.1	638.8	616.3	625.2	240427	59022	0.0
2022-04-12	614.3	637.6	609.0	636.5	241223	62685	0.0
2022-04-13	638.4	655.3	636.6	651.2	218594	63278	0.0
2022-04-14	662.9	674.0	653.8	666.0	203905	62926	0.0
2022-04-15	662.2	692.7	661.9	691.1	192622	64839	0.0
2022-04-18	690.2	704.1	684.8	694.9	146223	68364	0.0
2022-04-19	697.1	709.2	690.7	693.2	203383	63909	0.0
2022-04-20	682.6	684.6	664.9	674.9	245790	60840	0.0
2022-04-21	677.6	681.8	658.4	680.4	246313	60946	0.0
2022-04-22	674.1	690.8	666.8	672.6	257845	61234	0.0
2022-04-25	674.5	675.0	632.2	635.4	254713	56860	0.0
2022-04-26	632.6	647.3	620.1	642.8	249500	52778	0.0
2022-04-27	645.9	665.0	644.3	663.4	278325	54402	0.0
2022-04-28	652.7	659.3	639.0	651.1	270176	53498	0.0
2022-04-29	653.9	679.3	653.5	672.4	233624	51237	0.0
2022-05-05	685.4	697.2	685.4	692.7	62539	50467	0.0
2022-05-06	700.8	710.6	682.3	696.6	262752	53661	0.0
2022-05-09	703.1	714.6	691.1	701.6	282028	55102	0.0
2022-05-10	690.8	700.4	645.0	655.4	336637	57789	0.0
2022-05-11	660.2	666.4	640.7	661.6	318093	59605	0.0
2022-05-12	663.9	686.5	663.0	676.8	296240	58684	0.0
2022-05-13	677.2	701.5	675.1	693.0	253622	60922	0.0
2022-05-16	704.5	712.2	691.9	698.8	238158	63068	0.0
2022-05-17	703.0	727.8	702.5	722.0	234434	67641	0.0
2022-05-18	720.5	726.0	703.7	709.9	206658	64881	0.0
数据来源:通达信
