SFL9 硅铁指数 日线 前复权
      日期	    开盘	    最高	    最低	    收盘	    成交量	    持仓量	    结算价
2014-08-11	5768	5882	5768	5832	107394	34066	0
2014-08-12	5810	5956	5808	5912	234376	47330	0
2014-08-13	5920	5946	5880	5926	119426	47400	0
2014-08-14	5918	5936	5710	5740	143398	36004	0
2014-08-15	5742	5780	5730	5774	64034	34098	0
2014-08-18	5776	5796	5730	5748	48504	34318	0
2014-08-19	5740	5780	5690	5776	39738	32920	0
2014-08-20	5766	5766	5696	5730	47612	34130	0
2014-08-21	5764	5778	5722	5742	15614	33624	0
2014-08-22	5726	5752	5706	5716	27884	34100	0
2014-08-25	5702	5742	5676	5738	40218	30192	0
2014-08-26	5744	5766	5726	5752	15466	25024	0
2014-08-27	5760	5788	5754	5766	16106	22134	0
2014-08-28	5760	5780	5736	5780	12030	20998	0
2014-08-29	5770	5810	5756	5800	16408	20344	0
2014-09-01	5806	5828	5778	5778	22756	21796	0
2014-09-02	5764	5798	5718	5762	34932	25286	0
2014-09-03	5772	5792	5752	5754	10796	25174	0
2014-09-04	5748	5788	5722	5766	13060	24934	0
2014-09-05	5778	5784	5738	5752	10662	25368	0
2014-09-09	5738	5752	5648	5662	35450	33182	0
2014-09-10	5652	5786	5638	5710	25318	27886	0
2014-09-11	5706	5714	5686	5698	8212	27634	0
2014-09-12	5690	5736	5690	5728	5194	26184	0
2014-09-15	5718	5786	5716	5776	8818	24670	0
2014-09-16	5790	5808	5758	5764	6632	23086	0
2014-09-17	5778	5786	5762	5778	2510	23068	0
2014-09-18	5782	5782	5754	5758	3986	22556	0
2014-09-19	5752	5756	5694	5700	11902	22146	0
2014-09-22	5676	5680	5510	5540	20988	22620	0
2014-09-23	5552	5592	5522	5562	11390	22696	0
2014-09-24	5570	5640	5556	5590	6294	21352	0
2014-09-25	5618	5634	5444	5468	31008	24120	0
2014-09-26	5452	5536	5450	5500	13182	23416	0
2014-09-29	5516	5540	5462	5538	6678	22258	0
2014-09-30	5558	5586	5534	5572	6990	19122	0
2014-10-08	5618	5624	5536	5556	3120	19266	0
2014-10-09	5538	5646	5532	5636	5928	18912	0
2014-10-10	5614	5640	5584	5594	4890	18230	0
2014-10-13	5630	5696	5616	5630	13556	16480	0
2014-10-14	5622	5630	5564	5580	6474	16066	0
2014-10-15	5582	5608	5532	5536	6656	16100	0
2014-10-16	5532	5580	5524	5570	6804	15106	0
2014-10-17	5618	5622	5566	5588	3240	14488	0
2014-10-20	5582	5620	5570	5620	2096	14272	0
2014-10-21	5616	5616	5602	5610	1426	13868	0
2014-10-22	5612	5620	5534	5540	3926	14134	0
2014-10-23	5532	5596	5532	5580	2340	13682	0
2014-10-24	5616	5622	5576	5618	2080	13038	0
2014-10-27	5604	5620	5588	5598	1120	12902	0
2014-10-28	5608	5610	5572	5606	968	12712	0
2014-10-29	5600	5626	5600	5614	2024	12478	0
2014-10-30	5620	5620	5550	5570	2920	12088	0
2014-10-31	5568	5600	5370	5428	13828	11622	0
2014-11-03	5420	5432	5368	5390	4446	12408	0
2014-11-04	5388	5540	5334	5506	20840	9668	0
2014-11-05	5500	5520	5450	5452	4714	8552	0
2014-11-06	5474	5508	5460	5492	1588	8226	0
2014-11-07	5492	5510	5488	5504	1252	7638	0
2014-11-10	5508	5508	5492	5508	1040	7390	0
2014-11-11	5506	5510	5490	5508	1112	6988	0
2014-11-12	5506	5510	5492	5506	1044	6900	0
2014-11-13	5504	5506	5470	5506	1536	6658	0
2014-11-14	5502	5506	5484	5504	336	6566	0
2014-11-17	5506	5508	5480	5480	496	6346	0
2014-11-18	5478	5488	5448	5472	3030	6316	0
2014-11-19	5456	5510	5456	5510	1724	5758	0
2014-11-20	5498	5508	5470	5506	2048	4306	0
2014-11-21	5498	5508	5496	5498	1148	3324	0
2014-11-24	5514	5522	5508	5512	346	3320	0
2014-11-25	5508	5516	5480	5486	390	3270	0
2014-11-26	5484	5528	5450	5518	1194	3196	0
2014-11-27	5516	5538	5514	5534	2970	1974	0
2014-11-28	5526	5530	5516	5528	724	1450	0
2014-12-01	5524	5524	5480	5524	358	1340	0
2014-12-02	5522	5526	5504	5518	538	1144	0
2014-12-03	5516	5522	5516	5520	256	994	0
2014-12-04	5522	5536	5484	5488	1128	802	0
2014-12-05	5474	5486	5422	5464	1320	762	0
2014-12-08	5412	5476	5412	5462	132	728	0
2014-12-09	5432	5498	5432	5496	244	676	0
2014-12-10	5490	5538	5490	5536	260	584	0
2014-12-11	5572	5578	5518	5518	208	446	0
2014-12-12	5520	5552	5434	5520	144	406	0
2014-12-15	5494	5510	5476	5486	62	370	0
2014-12-16	5466	5506	5466	5506	36	374	0
2014-12-17	5466	5504	5466	5496	40	362	0
2014-12-18	5478	5488	5462	5486	52	342	0
2014-12-19	5482	5488	5464	5486	180	284	0
2014-12-22	5456	5486	5438	5446	62	240	0
2014-12-23	5454	5454	5412	5426	54	208	0
2014-12-24	5400	5434	5400	5406	34	202	0
2014-12-26	5416	5464	5416	5462	48	200	0
2014-12-29	5472	5492	5450	5456	90	170	0
2014-12-30	5466	5470	5372	5396	100	132	0
2014-12-31	5362	5424	5362	5424	42	134	0
2015-01-05	5394	5410	5374	5396	58	146	0
2015-01-06	5374	5434	5374	5394	18	150	0
2015-01-07	5398	5436	5394	5394	26	144	0
2015-01-08	5418	5418	5390	5402	16	142	0
2015-01-09	5376	5430	5376	5396	160	142	0
2015-01-12	5362	5438	5360	5428	252	168	0
2015-01-13	5422	5476	5420	5440	120	168	0
2015-01-14	5434	5460	5428	5442	56	164	0
2015-01-15	5442	5454	5408	5430	114	166	0
2015-01-16	5428	5436	5402	5402	54	152	0
2015-01-19	5376	5388	5342	5342	90	172	0
2015-01-20	5374	5388	5362	5362	58	162	0
2015-01-21	5350	5370	5350	5350	20	158	0
2015-01-22	5370	5396	5342	5366	142	148	0
2015-01-23	5350	5366	5340	5364	16	150	0
2015-01-26	5340	5364	5340	5342	14	150	0
2015-01-27	5378	5378	5212	5220	70	154	0
2015-01-28	5194	5200	5100	5162	280	246	0
2015-01-29	5124	5136	5004	5080	478	272	0
2015-01-30	5044	5144	5044	5116	104	264	0
2015-02-02	5240	5240	5122	5130	44	268	0
2015-02-03	5196	5196	5102	5166	48	284	0
2015-02-04	5164	5196	5102	5140	268	266	0
2015-02-05	5160	5186	5132	5186	38	258	0
2015-02-06	5170	5176	5140	5140	30	256	0
2015-02-09	5140	5158	5140	5154	36	254	0
2015-02-10	5140	5208	5070	5160	108	190	0
2015-02-11	5134	5166	5122	5164	16	186	0
2015-02-12	5166	5166	5116	5156	12	184	0
2015-02-13	5198	5198	5144	5194	22	182	0
2015-02-16	5162	5202	5160	5168	36	172	0
2015-02-17	5160	5176	5160	5160	30	160	0
2015-02-25	5160	5184	5160	5178	10	162	0
2015-02-26	5162	5198	5102	5140	76	142	0
2015-02-27	5140	5172	5100	5128	68	148	0
2015-03-02	5084	5180	5084	5180	120	126	0
2015-03-03	5168	5184	5168	5184	10	122	0
2015-03-04	5148	5196	5058	5058	54	132	0
2015-03-05	5126	5126	5014	5098	12	130	0
2015-03-06	5084	5122	5050	5122	20	134	0
2015-03-09	5100	5146	5100	5118	56	120	0
2015-03-10	5100	5148	5100	5106	10	122	0
2015-03-11	5038	5132	5038	5084	46	128	0
2015-03-12	5114	5114	5114	5114	2	128	0
2015-03-13	5080	5124	5080	5084	16	126	0
2015-03-16	5046	5052	5038	5052	14	122	0
2015-03-17	5068	5068	5066	5066	4	122	0
2015-03-18	5080	5080	5050	5050	20	120	0
2015-03-20	5028	5066	5028	5066	4	118	0
2015-03-23	5030	5100	5030	5044	22	116	0
2015-03-27	4922	5016	4862	4888	14	118	0
2015-04-02	4922	4922	4922	4922	2	116	0
2015-04-07	5100	5100	4726	4748	44	116	0
2015-04-08	4666	4672	4660	4660	12	116	0
2015-04-09	4648	4656	4648	4656	4	116	0
2015-04-10	4660	4660	4464	4560	96	82	0
2015-04-13	4678	4680	4566	4668	52	96	0
2015-04-14	4864	4876	4758	4836	28	94	0
2015-04-15	4890	4890	4768	4838	14	88	0
2015-04-16	4810	4868	4788	4858	18	84	0
2015-04-17	4862	4866	4844	4848	14	84	0
2015-04-20	4858	4940	4802	4810	46	68	0
2015-04-21	4856	4858	4806	4806	18	60	0
2015-04-22	4852	4908	4846	4846	22	46	0
2015-04-23	4838	4838	4836	4836	4	42	0
2015-04-24	4702	4872	4702	4756	8	42	0
2015-04-27	4868	4982	4784	4784	32	26	0
2015-04-28	4946	4950	4880	4944	18	28	0
2015-04-29	4802	5066	4802	5066	22	20	0
2015-04-30	5070	5070	4902	4978	18	6	0
2015-05-04	4904	5028	4778	4868	14	4	0
2015-05-05	4968	5046	4750	4832	30	10	0
2015-05-06	5002	5002	4884	4884	6	6	0
2015-05-11	5056	5096	4962	4978	36	16	0
2015-05-12	5038	5054	4964	5012	20	16	0
2015-05-13	4980	4990	4896	4988	8	14	0
2015-05-14	5018	5018	4890	4982	26	6	0
2015-05-15	5002	5056	4950	4950	8	6	0
2015-05-19	5042	5134	5040	5088	36	30	0
2015-05-20	4970	5078	4970	5056	50	32	0
2015-05-21	4988	5100	4956	5006	18	30	0
2015-05-22	4894	5006	4894	5006	44	28	0
2015-05-25	4990	5034	4982	5016	40	28	0
2015-05-26	5002	5016	5000	5016	8	30	0
2015-05-27	5098	5098	4950	5004	22	30	0
2015-05-29	5040	5044	4920	4920	12	24	0
2015-06-01	5020	5020	5020	5020	2	26	0
2015-06-03	4994	5048	4972	4996	10	24	0
2015-06-15	4996	4996	4996	4996	4	20	0
2015-06-16	4994	4994	4990	4990	12	8	0
2015-06-29	5188	5188	4826	4940	6	8	0
2015-06-30	4952	4952	4816	4950	12	2	0
2015-07-01	4986	4986	4986	4986	2	2	0
2015-07-06	4860	4986	4734	4986	8	2	0
2015-07-07	4794	5092	4794	5054	20	4	0
2015-07-08	4920	4986	4704	4708	110	38	0
2015-07-09	4924	4948	4876	4948	24	36	0
2015-07-10	5036	5128	5036	5080	8	36	0
2015-07-13	5082	5082	4920	4936	38	32	0
2015-07-14	4900	5006	4900	5006	4	28	0
2015-07-15	4952	4964	4930	4930	16	28	0
2015-07-16	5120	5120	4862	4908	32	38	0
2015-07-17	4972	5024	4954	4962	36	32	0
2015-07-20	5004	5074	4954	5074	26	34	0
2015-07-21	5096	5130	5076	5088	40	42	0
2015-07-22	5160	5160	4950	5058	36	28	0
2015-07-23	5070	5080	4958	5010	20	30	0
2015-07-24	5024	5024	5024	5024	2	32	0
2015-07-28	5026	5026	4966	4982	18	32	0
2015-07-29	4980	4980	4980	4980	2	30	0
2015-07-30	4998	5052	4998	5052	8	26	0
2015-07-31	5052	5052	5052	5052	2	26	0
2015-08-05	5056	5056	5040	5040	8	26	0
2015-08-06	5060	5060	5060	5060	2	26	0
2015-08-07	5036	5036	5022	5022	8	18	0
2015-08-11	5034	5034	5034	5034	2	18	0
2015-08-12	5018	5018	5018	5018	2	18	0
2015-08-13	5036	5078	4920	4954	10	18	0
2015-08-14	5070	5070	4934	5046	12	20	0
2015-08-17	5168	5184	4956	5032	60	36	0
2015-08-18	4948	5058	4914	5058	38	38	0
2015-08-19	4912	5002	4896	4992	18	34	0
2015-08-21	5002	5006	5002	5006	4	32	0
2015-08-24	4834	5000	4834	4856	12	32	0
2015-08-25	4924	4986	4878	4956	50	32	0
2015-08-26	4772	4772	4772	4772	2	32	0
2015-08-27	4932	4932	4780	4790	14	32	0
2015-08-28	4796	5018	4796	4854	30	34	0
2015-08-31	4872	5018	4858	5016	22	36	0
2015-09-01	4858	5054	4858	5020	30	34	0
2015-09-02	5030	5036	5002	5036	6	36	0
2015-09-07	5002	5046	5000	5036	12	40	0
2015-09-08	5012	5012	5010	5010	4	40	0
2015-09-09	5002	5056	4886	4958	12	40	0
2015-09-10	5032	5032	4990	4990	20	40	0
2015-09-15	5130	5214	4878	4878	362	36	0
2015-09-16	4906	5086	4906	4906	68	46	0
2015-09-17	5028	5030	4926	4974	40	42	0
2015-09-18	4970	4972	4920	4920	6	46	0
2015-09-21	4902	5046	4902	5006	26	52	0
2015-09-22	5002	5002	4804	4980	30	48	0
2015-09-24	5000	5006	4844	4936	10	48	0
2015-09-25	4900	4992	4900	4940	8	50	0
2015-09-28	4908	4978	4908	4908	16	50	0
2015-09-29	4950	4964	4878	4958	10	48	0
2015-09-30	4996	5020	4910	4986	20	42	0
2015-10-08	4914	4920	4914	4918	8	38	0
2015-10-09	4936	4938	4840	4930	40	38	0
2015-10-12	4874	4906	4874	4906	6	38	0
2015-10-13	4946	4946	4872	4876	8	40	0
2015-10-14	4958	4958	4720	4762	76	44	0
2015-10-15	4786	4786	4736	4754	20	40	0
2015-10-16	4564	4856	4562	4790	42	54	0
2015-10-19	4768	4786	4768	4780	6	50	0
2015-10-20	4806	4806	4784	4784	12	42	0
2015-10-21	4716	4716	4604	4656	18	44	0
2015-10-22	4532	4702	4532	4702	30	46	0
2015-10-23	4636	4742	4612	4612	62	58	0
2015-10-26	4618	4686	4540	4556	108	78	0
2015-10-27	4502	4522	4406	4406	104	98	0
2015-10-28	4270	4486	4132	4148	224	164	0
2015-10-29	4162	4190	4066	4066	828	546	0
2015-10-30	3894	3972	3804	3804	2802	998	0
2015-11-02	3902	4010	3862	4002	6408	1254	0
2015-11-03	3988	4046	3940	4008	8452	1532	0
2015-11-04	3994	4012	3850	3922	6746	1464	0
2015-11-05	3906	3922	3858	3868	1966	1176	0
2015-11-06	3812	3898	3812	3890	1038	828	0
2015-11-09	3916	3988	3876	3926	1676	838	0
2015-11-10	3918	3982	3876	3962	1376	650	0
2015-11-11	3940	3964	3768	3774	2010	1120	0
2015-11-12	3784	3802	3714	3714	4634	1938	0
2015-11-13	3672	3740	3672	3700	3204	1306	0
2015-11-16	3688	3790	3668	3700	2354	1080	0
2015-11-17	3702	3734	3636	3720	1804	1044	0
2015-11-18	3708	3768	3702	3734	1368	1054	0
2015-11-19	3712	3712	3612	3678	1554	1114	0
2015-11-20	3724	3724	3626	3652	1300	1192	0
2015-11-23	3652	3678	3530	3536	1402	1384	0
2015-11-24	3542	3628	3474	3606	1808	1016	0
2015-11-25	3678	3678	3574	3606	538	912	0
2015-11-26	3620	3678	3552	3552	1566	926	0
2015-11-27	3546	3574	3508	3510	686	996	0
2015-11-30	3462	3550	3462	3550	624	1018	0
2015-12-01	3572	3576	3534	3550	438	1028	0
2015-12-02	3588	3588	3470	3542	2200	1326	0
2015-12-03	3512	3512	3406	3412	1528	1618	0
2015-12-04	3426	3466	3372	3404	2066	1644	0
2015-12-07	3394	3558	3394	3528	3176	1184	0
2015-12-08	3488	3554	3440	3482	2418	916	0
2015-12-09	3482	3530	3468	3476	756	724	0
2015-12-10	3472	3506	3446	3478	308	662	0
2015-12-11	3502	3534	3486	3508	274	570	0
2015-12-14	3534	3562	3504	3514	378	474	0
2015-12-15	3534	3586	3524	3556	590	442	0
2015-12-16	3566	3630	3564	3618	356	384	0
2015-12-17	3618	3636	3610	3624	146	360	0
2015-12-18	3632	3702	3624	3702	206	276	0
2015-12-21	3734	3772	3710	3762	362	230	0
2015-12-22	3764	3786	3672	3728	300	246	0
2015-12-23	3714	3718	3660	3692	106	192	0
2015-12-24	3670	3676	3630	3670	56	172	0
2015-12-25	3680	3680	3620	3636	62	164	0
2015-12-28	3698	3698	3622	3672	52	164	0
2015-12-29	3662	3678	3626	3658	64	158	0
2015-12-30	3640	3718	3614	3678	166	136	0
2015-12-31	3658	3740	3658	3740	152	108	0
2016-01-05	3666	3668	3580	3614	150	154	0
2016-01-06	3590	3648	3582	3616	88	180	0
2016-01-07	3638	3650	3624	3650	54	198	0
2016-01-08	3648	3784	3648	3782	432	254	0
2016-01-11	3824	3884	3824	3878	532	486	0
2016-01-12	3922	3962	3816	3850	494	512	0
2016-01-13	3848	3904	3826	3898	340	472	0
2016-01-14	3962	4020	3850	4020	1104	668	0
2016-01-15	4086	4180	4020	4030	2796	754	0
2016-01-18	4022	4192	4022	4052	2012	804	0
2016-01-19	4074	4108	4050	4082	706	748	0
2016-01-20	4048	4054	3972	4010	1550	744	0
2016-01-21	4024	4126	4024	4050	794	704	0
2016-01-22	4114	4148	4050	4080	818	660	0
2016-01-25	4108	4108	4040	4066	306	694	0
2016-01-26	4052	4120	4052	4102	336	590	0
2016-01-27	4102	4146	4102	4104	268	534	0
2016-01-28	4088	4112	4060	4064	348	562	0
2016-01-29	4076	4122	4048	4120	336	560	0
2016-02-01	4114	4126	4092	4122	266	518	0
2016-02-02	4132	4146	4098	4112	124	504	0
2016-02-03	4098	4132	4090	4124	104	464	0
2016-02-04	4194	4194	4128	4130	416	330	0
2016-02-05	4148	4184	4148	4184	150	244	0
2016-02-15	4238	4238	4102	4216	70	236	0
2016-02-16	4188	4216	4152	4212	144	264	0
2016-02-17	4098	4196	4098	4154	130	228	0
2016-02-18	4138	4188	4138	4154	64	236	0
2016-02-19	4148	4212	4148	4210	64	236	0
2016-02-22	4240	4326	4228	4298	252	220	0
2016-02-23	4298	4298	4250	4282	80	204	0
2016-02-24	4228	4288	4208	4286	138	248	0
2016-02-25	4288	4336	4254	4278	104	230	0
2016-02-26	4222	4256	4158	4256	250	202	0
2016-02-29	4240	4304	4230	4286	144	228	0
2016-03-01	4284	4444	4284	4444	456	352	0
2016-03-02	4486	4708	4486	4702	2162	904	0
2016-03-03	4760	4790	4690	4726	3152	1050	0
2016-03-04	4774	4774	4612	4680	2274	758	0
2016-03-07	4870	4874	4870	4874	218	742	0
2016-03-08	5208	5216	4870	5152	1904	790	0
2016-03-09	4904	4984	4900	4900	1278	502	0
2016-03-10	4998	4998	4678	4720	958	522	0
2016-03-11	4702	4984	4702	4790	1166	516	0
2016-03-14	4844	4962	4782	4820	654	572	0
2016-03-15	4850	4876	4760	4820	560	518	0
2016-03-16	4866	4916	4782	4910	402	532	0
2016-03-17	4968	4968	4840	4932	490	526	0
2016-03-18	4994	4994	4868	4902	538	544	0
2016-03-21	4876	4884	4750	4750	588	644	0
2016-03-22	4776	4802	4708	4722	560	542	0
2016-03-23	4778	4782	4612	4636	498	520	0
2016-03-24	4556	4690	4556	4636	936	444	0
2016-03-25	4692	4692	4650	4678	268	460	0
2016-03-28	4702	4702	4484	4558	2550	544	0
2016-03-29	4594	4594	4490	4534	634	588	0
2016-03-30	4530	4544	4488	4488	352	652	0
2016-03-31	4462	4534	4462	4514	228	642	0
2016-04-01	4550	4600	4484	4528	512	614	0
2016-04-05	4540	4568	4434	4478	416	590	0
2016-04-06	4512	4516	4472	4516	244	558	0
2016-04-07	4514	4534	4480	4506	214	582	0
2016-04-08	4500	4502	4466	4502	150	546	0
2016-04-11	4580	4580	4482	4486	436	592	0
2016-04-12	4514	4522	4424	4506	558	518	0
2016-04-13	4510	4648	4510	4540	1608	864	0
2016-04-14	4524	4638	4518	4544	1072	1152	0
2016-04-15	4558	4584	4410	4412	1026	1024	0
2016-04-18	4278	4472	4264	4306	1034	1028	0
2016-04-19	4354	4366	4232	4250	1016	848	0
2016-04-20	4284	4360	4240	4354	1214	770	0
2016-04-21	4410	4464	4330	4438	1286	734	0
2016-04-22	4408	4414	4336	4346	748	650	0
2016-04-25	4354	4378	4304	4352	262	584	0
2016-04-26	4296	4384	4296	4370	252	508	0
2016-04-27	4358	4416	4316	4356	512	440	0
2016-04-28	4286	4364	4266	4282	200	446	0
2016-04-29	4322	4418	4284	4298	322	398	0
2016-05-03	4296	4320	4296	4302	170	436	0
2016-05-04	4310	4312	4292	4300	118	434	0
2016-05-05	4302	4302	4264	4288	284	402	0
2016-05-06	4248	4260	4222	4228	114	404	0
2016-05-09	4220	4220	4112	4112	320	482	0
2016-05-10	4068	4146	4068	4146	348	488	0
2016-05-11	4168	4168	4050	4106	414	570	0
2016-05-12	4076	4122	4050	4062	310	642	0
2016-05-13	4050	4122	3956	4110	1076	590	0
2016-05-16	4110	4150	4070	4122	218	554	0
2016-05-17	4038	4118	4038	4088	268	408	0
2016-05-18	4118	4140	4008	4026	184	390	0
2016-05-19	4032	4098	4032	4092	88	386	0
2016-05-20	4108	4108	3940	3956	1498	780	0
2016-05-23	3866	3978	3866	3938	570	714	0
2016-05-24	3894	3984	3894	3958	288	752	0
2016-05-25	3992	4022	3948	3958	406	868	0
2016-05-26	3970	3990	3960	3966	116	858	0
2016-05-27	3950	3998	3950	3970	204	824	0
2016-05-30	3872	4000	3872	3976	130	818	0
2016-05-31	3958	4006	3948	3966	214	844	0
2016-06-01	3904	3988	3904	3952	52	852	0
2016-06-02	3994	4122	3976	4122	486	814	0
2016-06-03	4172	4270	4144	4176	640	700	0
2016-06-06	4208	4214	4122	4132	320	644	0
2016-06-07	4216	4216	4134	4154	198	674	0
2016-06-08	4162	4184	4118	4174	76	684	0
2016-06-14	4068	4144	4068	4130	216	738	0
2016-06-15	4146	4148	4088	4132	42	746	0
2016-06-16	4132	4140	4096	4116	62	742	0
2016-06-17	4180	4180	4110	4116	40	746	0
2016-06-20	4136	4178	4128	4128	94	736	0
2016-06-21	4108	4150	4098	4108	130	736	0
2016-06-22	4118	4138	4116	4124	62	732	0
2016-06-23	4100	4120	4100	4104	82	742	0
2016-06-24	4006	4100	4006	4016	418	866	0
2016-06-27	3958	4136	3958	4114	652	774	0
2016-06-28	4136	4228	4076	4176	432	642	0
2016-06-29	4182	4200	4110	4128	266	630	0
2016-06-30	4120	4164	4118	4152	366	610	0
2016-07-01	4178	4178	4136	4166	368	548	0
2016-07-05	4330	4330	4072	4150	702	578	0
2016-07-06	4042	4108	4020	4078	670	616	0
2016-07-07	4078	4118	4058	4078	298	582	0
2016-07-08	4022	4454	3970	4400	8202	8532	0
2016-07-11	3994	4074	3992	4074	358	8470	0
2016-07-12	4132	4132	4058	4084	482	8400	0
2016-07-13	4214	4292	4184	4184	468	8302	0
2016-07-14	4234	4328	4232	4328	120	8334	0
2016-07-15	4370	4370	4234	4320	160	8298	0
2016-07-18	4330	4330	4228	4230	202	8278	0
2016-07-19	4230	4230	4230	4230	216	8304	0
2016-07-20	4236	4242	4236	4240	468	8522	0
2016-07-21	4248	4256	4198	4216	2186	9080	0
2016-07-22	4222	4238	4208	4210	2442	9392	0
2016-07-25	4238	4326	4236	4324	3638	9968	0
2016-07-26	4364	4462	4362	4460	9712	11306	0
2016-07-27	4532	4554	4416	4426	13260	11714	0
2016-07-28	4464	4492	4446	4448	7124	12422	0
2016-07-29	4450	4452	4356	4378	7196	14758	0
2016-08-01	4342	4348	4288	4312	6968	14626	0
2016-08-02	4330	4384	4328	4384	6784	15160	0
2016-08-03	4424	4524	4354	4432	35312	15412	0
2016-08-04	4500	4516	4470	4474	18246	15450	0
2016-08-05	4400	4444	4364	4372	18540	14062	0
2016-08-08	4366	4394	4348	4358	8068	13978	0
2016-08-09	4244	4272	4214	4226	9260	13138	0
2016-08-10	4236	4254	4216	4220	8860	12908	0
2016-08-11	4284	4366	4252	4358	3268	12292	0
2016-08-12	4378	4378	4368	4374	2252	12004	0
2016-08-15	4368	4378	4362	4374	3234	11848	0
2016-08-16	4372	4396	4368	4370	3604	11702	0
2016-08-17	4486	4538	4458	4466	1432	11676	0
2016-08-18	4486	4550	4478	4500	1120	11440	0
2016-08-19	4554	4558	4500	4504	990	10912	0
2016-08-22	4502	4504	4486	4488	1546	10390	0
2016-08-23	4488	4498	4482	4498	636	10414	0
2016-08-24	4494	4498	4432	4498	1188	10324	0
2016-08-25	4426	4436	4424	4436	1090	10464	0
2016-08-26	4428	4438	4424	4432	1114	10496	0
2016-08-29	4444	4466	4442	4450	1494	10742	0
2016-08-30	4432	4446	4426	4432	580	10704	0
2016-08-31	4424	4442	4422	4424	540	10574	0
2016-09-01	4428	4452	4428	4450	360	10588	0
2016-09-02	4442	4482	4442	4480	1456	10578	0
2016-09-05	4574	4656	4570	4650	1744	10632	0
2016-09-06	4652	4662	4652	4662	858	10790	0
2016-09-07	4686	4740	4582	4588	1220	10774	0
2016-09-08	4626	4696	4610	4670	5670	11738	0
2016-09-09	4672	4674	4654	4656	3144	11304	0
2016-09-12	4590	4594	4578	4586	1578	11098	0
2016-09-13	4644	4650	4632	4634	1714	11004	0
2016-09-14	4632	4642	4584	4594	1622	11104	0
2016-09-19	4548	4566	4548	4562	1288	10590	0
2016-09-20	4606	4762	4606	4738	8380	11602	0
2016-09-21	4834	4874	4828	4830	10340	11562	0
2016-09-22	4856	4938	4834	4848	7286	11474	0
2016-09-23	4912	4914	4848	4890	3074	11506	0
2016-09-26	4850	4976	4848	4960	5198	11126	0
2016-09-27	5016	5016	4898	4904	7922	7016	0
2016-09-28	4888	5176	4858	5126	9400	3442	0
2016-09-29	5212	5212	5078	5118	4676	3570	0
2016-09-30	5108	5188	4958	5132	3976	2580	0
2016-10-10	5108	5336	4982	5132	2938	2134	0
2016-10-11	5176	5334	5110	5306	7284	3036	0
2016-10-12	5308	5474	5308	5474	15050	7036	0
2016-10-13	5548	5684	5536	5658	25780	7458	0
2016-10-14	5636	5744	5636	5708	17286	8204	0
2016-10-17	5800	5854	5690	5768	17266	7830	0
2016-10-18	5740	5740	5560	5598	25476	9532	0
2016-10-19	5660	5784	5514	5546	28120	10950	0
2016-10-20	5586	5598	5472	5490	15076	14988	0
2016-10-21	5438	5456	5348	5374	15478	14426	0
2016-10-24	5416	5456	5344	5392	15526	17818	0
2016-10-25	5454	5522	5366	5376	43142	25382	0
2016-10-26	5246	5452	5228	5338	31850	24080	0
2016-10-27	5428	5450	5232	5260	32272	25468	0
2016-10-28	5290	5412	5266	5380	26852	27552	0
2016-10-31	5426	5442	5366	5412	23634	31770	0
2016-11-01	5444	5502	5370	5388	38344	33430	0
2016-11-02	5436	5458	5324	5416	29012	34468	0
2016-11-03	5458	5622	5400	5456	92056	39974	0
2016-11-04	5522	5598	5452	5494	42158	36950	0
2016-11-07	5544	5648	5480	5538	43862	37412	0
2016-11-08	5572	5592	5500	5540	38094	34000	0
2016-11-09	5578	5598	5544	5562	25812	33980	0
2016-11-10	5572	5586	5534	5538	16776	34108	0
2016-11-11	5548	5682	5540	5556	35644	34728	0
2016-11-14	5362	5590	5318	5444	35676	29228	0
2016-11-15	5474	5574	5306	5396	20576	28850	0
2016-11-16	5482	5506	5404	5494	15102	27458	0
2016-11-17	5460	5490	5430	5470	8286	27148	0
2016-11-18	5450	5552	5442	5520	20090	26656	0
2016-11-21	5490	5580	5422	5574	14704	24700	0
2016-11-22	5606	5646	5576	5622	17074	22906	0
2016-11-23	5708	5708	5606	5644	10390	22934	0
2016-11-24	5668	5724	5562	5646	11426	22916	0
2016-11-25	5686	5686	5544	5654	16182	17504	0
2016-11-28	5668	5784	5628	5766	9584	19330	0
2016-11-29	5776	5862	5538	5678	18560	18466	0
2016-11-30	5600	5676	5550	5654	8708	18296	0
2016-12-01	5660	5682	5564	5586	5902	17678	0
2016-12-02	5590	5590	5462	5482	6760	16830	0
2016-12-05	5464	5524	5436	5452	6584	16578	0
2016-12-06	5476	5504	5450	5458	4470	15620	0
2016-12-07	5474	5536	5454	5454	3326	15214	0
2016-12-08	5416	5492	5376	5456	4532	14554	0
2016-12-09	5454	5496	5430	5450	3722	14326	0
2016-12-12	5490	5520	5454	5480	4364	13830	0
2016-12-13	5492	5518	5448	5458	1788	13582	0
2016-12-14	5418	5454	5404	5406	1134	13402	0
2016-12-15	5362	5408	5362	5384	1750	12526	0
2016-12-16	5378	5404	5378	5386	724	12252	0
2016-12-19	5380	5404	5370	5390	1562	11312	0
2016-12-20	5394	5428	5360	5362	1728	10440	0
2016-12-21	5402	5402	5202	5250	4444	9692	0
2016-12-22	5266	5312	5222	5258	1728	9078	0
2016-12-23	5236	5318	5192	5208	1776	8834	0
2016-12-26	5210	5234	5142	5160	2394	7602	0
2016-12-27	5152	5152	5062	5134	1830	6950	0
2016-12-28	5172	5258	5106	5174	2640	5452	0
2016-12-29	5204	5204	5120	5128	2822	3170	0
2016-12-30	5058	5210	5058	5196	1274	2700	0
2017-01-02	5196	5196	5196	5196	1274	2700	0
2017-01-03	5146	5226	5124	5150	1276	2726	0
2017-01-04	5124	5190	5074	5180	1408	2662	0
2017-01-05	5180	5220	5146	5158	1030	2716	0
2017-01-06	5150	5192	4992	5032	2466	2926	0
2017-01-09	5010	5040	4872	4872	2670	3960	0
2017-01-10	4866	5014	4856	5014	7856	3504	0
2017-01-11	5044	5090	4972	5016	2946	3276	0
2017-01-12	5022	5178	4990	5032	6226	3926	0
2017-01-13	5062	5088	4994	5022	2492	3846	0
2017-01-16	5118	5164	5072	5094	3144	3880	0
2017-01-17	5038	5086	4894	4926	2710	3682	0
2017-01-18	4940	4956	4864	4900	2628	4242	0
2017-01-19	4888	4948	4888	4902	2138	4174	0
2017-01-20	4912	4928	4848	4900	1594	3908	0
2017-01-23	4910	4934	4896	4902	1886	3906	0
2017-01-24	4918	5002	4902	4968	1598	3728	0
2017-01-25	4968	4998	4920	4928	1178	3554	0
2017-01-26	4952	4960	4890	4954	2024	3406	0
2017-02-03	4996	5046	4930	4952	2622	3826	0
2017-02-06	4944	5020	4912	4992	3160	4386	0
2017-02-07	4982	4992	4884	4926	3038	4058	0
2017-02-08	4960	4990	4932	4962	1934	4222	0
2017-02-09	4978	4998	4940	4952	1800	4240	0
2017-02-10	4966	5016	4958	4994	2398	4306	0
2017-02-13	5026	5120	5026	5086	3004	4422	0
2017-02-14	5066	5096	5012	5060	1430	4204	0
2017-02-15	5002	5016	4892	4934	5100	4384	0
2017-02-16	4936	5058	4932	5032	4474	3964	0
2017-02-17	5044	5142	5014	5076	4598	4268	0
2017-02-20	5096	5218	5086	5152	10472	12188	0
2017-02-21	5170	5234	5126	5198	8344	16322	0
2017-02-22	5202	5202	5126	5176	2882	16298	0
2017-02-23	5164	5238	5156	5222	1964	15974	0
2017-02-24	5218	5236	5160	5232	4420	16116	0
2017-02-27	5248	5316	5202	5240	2822	15412	0
2017-02-28	5254	5286	5218	5228	1426	15476	0
2017-03-01	5240	5240	5200	5214	704	15482	0
2017-03-02	5246	5250	5204	5218	766	15464	0
2017-03-03	5218	5328	5216	5326	2754	15946	0
2017-03-06	5352	5422	5352	5372	2930	15512	0
2017-03-07	5390	5468	5390	5466	886	15580	0
2017-03-08	5492	5502	5454	5492	1890	15602	0
2017-03-09	5490	5512	5352	5478	2080	15352	0
2017-03-10	5484	5538	5410	5448	1958	15336	0
2017-03-13	5298	5324	5294	5324	8882	7330	0
2017-03-14	5286	5290	5262	5276	1032	7388	0
2017-03-15	5314	5404	5314	5374	5136	7598	0
2017-03-16	5544	5578	5498	5520	3424	7678	0
2017-03-17	5552	5728	5548	5728	21214	13392	0
2017-03-20	5898	6130	5898	6126	91656	31300	0
2017-03-21	6130	6186	5976	6040	172018	31176	0
2017-03-22	6018	6102	5836	5864	170420	28774	0
2017-03-23	5972	6010	5816	5854	113962	27766	0
2017-03-24	5898	5906	5802	5850	73020	24636	0
2017-03-27	5812	5854	5722	5774	64370	25514	0
2017-03-28	5796	5946	5668	5748	143958	28550	0
2017-03-29	5820	5832	5686	5708	100546	33538	0
2017-03-30	5718	5764	5630	5674	100820	35124	0
2017-03-31	5670	5714	5450	5472	78744	33844	0
2017-04-05	5508	5564	5460	5508	41864	33756	0
2017-04-06	5498	5550	5444	5466	35630	34278	0
2017-04-07	5400	5430	5336	5366	45078	30476	0
2017-04-10	5370	5374	5280	5316	23728	30584	0
2017-04-11	5332	5382	5292	5330	22732	30536	0
2017-04-12	5322	5356	5092	5162	49040	27678	0
2017-04-13	5164	5236	5150	5186	22082	25534	0
2017-04-14	5210	5212	5084	5128	20946	22676	0
2017-04-17	5126	5156	5042	5062	12060	21356	0
2017-04-18	5056	5084	5046	5074	14052	19318	0
2017-04-19	5054	5154	5042	5082	17642	16156	0
2017-04-20	5108	5152	5064	5108	15178	14116	0
2017-04-21	5146	5170	5112	5124	11502	13440	0
2017-04-24	5118	5182	5118	5150	14160	11688	0
2017-04-25	5120	5174	5104	5162	8470	10400	0
2017-04-26	5222	5322	5210	5294	24956	10492	0
2017-04-27	5354	5362	5318	5326	10780	8768	0
2017-04-28	5364	5384	5294	5308	13510	8378	0
2017-05-02	5308	5408	5308	5344	19778	9252	0
2017-05-03	5344	5402	5338	5396	13734	9144	0
2017-05-04	5310	5318	5232	5288	26836	8810	0
2017-05-05	5184	5226	5182	5200	16234	8742	0
2017-05-08	5232	5270	5184	5224	20148	8682	0
2017-05-09	5246	5254	5186	5206	19432	10266	0
2017-05-10	5178	5190	5094	5140	28664	12004	0
2017-05-11	5086	5132	5062	5126	20610	10006	0
2017-05-12	5074	5100	5066	5090	14606	9928	0
2017-05-15	5100	5128	5100	5110	7622	9658	0
2017-05-16	5124	5140	5106	5128	9332	8592	0
2017-05-17	5144	5256	5138	5240	28072	9178	0
2017-05-18	5278	5294	5228	5254	21356	8744	0
2017-05-19	5286	5350	5176	5282	18946	8666	0
2017-05-22	5296	5304	5260	5268	10986	8486	0
2017-05-23	5284	5588	5272	5466	50444	10574	0
2017-05-24	5642	5674	5364	5448	57512	11066	0
2017-05-25	5488	5520	5436	5444	38778	12084	0
2017-05-26	5440	5482	5402	5428	24154	11448	0
2017-05-31	5428	5470	5356	5370	23964	10748	0
2017-06-01	5382	5410	5322	5378	37284	9854	0
2017-06-02	5360	5416	5338	5398	23266	11208	0
2017-06-05	5446	5470	5394	5424	27866	12784	0
2017-06-06	5430	5446	5396	5424	15210	12584	0
2017-06-07	5424	5466	5416	5458	19570	14706	0
2017-06-08	5454	5478	5408	5446	25996	13340	0
2017-06-09	5440	5448	5382	5382	11376	13404	0
2017-06-12	5386	5402	5322	5332	22086	13978	0
2017-06-13	5322	5410	5320	5342	13334	13454	0
2017-06-14	5394	5440	5384	5420	20256	12564	0
2017-06-15	5430	5438	5348	5350	13994	11870	0
2017-06-16	5360	5452	5352	5384	14662	10828	0
2017-06-19	5412	5448	5406	5416	11064	11010	0
2017-06-20	5392	5412	5364	5408	17308	11638	0
2017-06-21	5380	5492	5380	5484	26362	14580	0
2017-06-22	5514	5596	5458	5482	42208	17378	0
2017-06-23	5508	5512	5462	5474	18126	18796	0
2017-06-26	5480	5488	5458	5478	12124	17990	0
2017-06-27	5482	5506	5472	5494	18764	17634	0
2017-06-28	5508	5528	5460	5472	11028	17128	0
2017-06-29	5490	5556	5480	5498	20936	18142	0
2017-06-30	5500	5512	5450	5460	10776	16512	0
2017-07-03	5510	5542	5478	5514	14484	18390	0
2017-07-04	5498	5546	5478	5534	17556	20120	0
2017-07-05	5554	5600	5526	5546	22310	20772	0
2017-07-06	5562	5586	5536	5562	11056	22132	0
2017-07-07	5564	5592	5552	5576	11094	21620	0
2017-07-10	5592	5592	5480	5550	17756	18582	0
2017-07-11	5602	5612	5548	5572	10878	19202	0
2017-07-12	5586	5592	5522	5550	8568	19410	0
2017-07-13	5562	5576	5538	5556	7042	19110	0
2017-07-14	5554	5590	5544	5564	6806	19294	0
2017-07-17	5592	5792	5588	5754	30996	20746	0
2017-07-18	5778	5858	5686	5738	39518	20864	0
2017-07-19	5780	5822	5746	5796	17276	20648	0
2017-07-20	5814	6016	5810	5912	65634	24392	0
2017-07-21	5880	5920	5856	5902	24858	24412	0
2017-07-24	5902	6008	5900	6006	32174	25720	0
2017-07-25	6056	6114	6022	6050	29270	26536	0
2017-07-26	6072	6102	6002	6044	29256	28340	0
2017-07-27	6068	6078	6016	6072	23508	30394	0
2017-07-28	6070	6094	6046	6056	20624	31438	0
2017-07-31	6106	6182	6090	6152	29306	30918	0
2017-08-01	6162	6162	6076	6110	18862	31106	0
2017-08-02	6122	6184	6082	6144	16136	30752	0
2017-08-03	6154	6212	6140	6166	19282	30496	0
2017-08-04	6176	6256	6154	6194	18554	30090	0
2017-08-07	6248	6282	6204	6254	25826	29140	0
2017-08-08	6274	6326	6256	6282	19214	29168	0
2017-08-09	6332	6518	6326	6500	39360	30000	0
2017-08-10	6498	6702	6498	6656	71582	39168	0
2017-08-11	6682	6744	6556	6584	118220	32644	0
2017-08-14	6710	6810	6678	6798	106140	42556	0
2017-08-15	6802	6918	6766	6916	109704	50832	0
2017-08-16	6974	7184	6974	7182	201026	81850	0
2017-08-17	7344	7386	7218	7284	257090	74626	0
2017-08-18	7224	7292	7180	7292	127832	81354	0
2017-08-21	7482	7572	7482	7568	59982	92856	0
2017-08-22	7828	7928	7754	7918	407518	119870	0
2017-08-23	7732	7736	7420	7562	659952	114756	0
2017-08-24	7758	7878	7458	7530	591284	121444	0
2017-08-25	7750	7764	7554	7732	567344	132520	0
2017-08-29	7516	7526	7108	7116	581106	138396	0
2017-08-30	6986	7088	6962	7062	395682	129578	0
2017-08-31	6994	7044	6888	6968	386556	153168	0
2017-09-01	6998	7094	6942	6942	340124	166104	0
2017-09-04	7026	7026	6612	6660	445828	169308	0
2017-09-05	6688	6796	6668	6704	290980	153764	0
2017-09-06	6698	6804	6662	6686	293132	151330	0
2017-09-07	6736	6738	6616	6670	179394	152290	0
2017-09-08	6692	6852	6644	6706	412882	170822	0
2017-09-11	6690	6780	6626	6688	302446	180018	0
2017-09-12	6744	6768	6536	6604	367938	199290	0
2017-09-13	6636	6640	6368	6394	330868	201164	0
2017-09-14	6406	6434	6340	6384	238508	194852	0
2017-09-15	6414	6452	6378	6408	201652	179856	0
2017-09-18	6450	6452	6314	6388	157670	179288	0
2017-09-19	6398	6410	6200	6208	247334	197886	0
2017-09-20	6228	6238	6088	6120	342936	225176	0
2017-09-21	6074	6086	5818	5818	468926	232584	0
2017-09-22	5830	5922	5810	5884	275094	188394	0
2017-09-25	5872	5902	5688	5792	280258	199614	0
2017-09-26	5804	5842	5722	5746	219340	200906	0
2017-09-27	5786	5838	5756	5794	213546	205722	0
2017-09-28	5766	5852	5752	5820	252778	168994	0
2017-09-29	5844	5860	5750	5814	179274	151754	0
2017-10-09	5880	5880	5880	5880	152350	150552	0
2017-10-10	5870	6070	5852	5930	309800	179754	0
2017-10-11	5966	6016	5912	5966	140708	162350	0
2017-10-12	5988	6028	5956	5980	156780	175636	0
2017-10-13	5992	6034	5964	5988	204518	189526	0
2017-10-16	6008	6086	5988	6002	138502	184126	0
2017-10-17	5944	6016	5914	5982	139030	161620	0
2017-10-18	6020	6188	6018	6144	292140	190734	0
2017-10-19	6096	6184	6068	6144	198204	167638	0
2017-10-20	6198	6376	6194	6346	279192	179516	0
2017-10-23	6382	6550	6358	6522	296396	184862	0
2017-10-24	6542	6566	6392	6460	265030	194300	0
2017-10-25	6468	6480	6368	6434	171836	170468	0
2017-10-26	6612	6792	6566	6636	512260	215388	0
2017-10-27	6662	6722	6556	6632	275670	193720	0
2017-10-30	6668	6726	6366	6396	346054	179668	0
2017-10-31	6390	6488	6302	6450	245440	160248	0
2017-11-01	6470	6588	6398	6460	259944	167522	0
2017-11-02	6540	6574	6424	6466	194072	164880	0
2017-11-03	6476	6508	6420	6464	122396	166870	0
2017-11-06	6508	6612	6480	6572	227926	169812	0
2017-11-07	6588	6596	6448	6524	170386	151324	0
2017-11-08	6488	6678	6472	6672	215190	155948	0
2017-11-09	6750	6750	6542	6614	200774	143710	0
2017-11-10	6640	6762	6614	6734	243070	157010	0
2017-11-13	6818	6848	6680	6728	221088	161192	0
2017-11-14	6726	6762	6682	6734	105950	149272	0
2017-11-15	6604	6826	6592	6810	230044	164838	0
2017-11-16	6786	6804	6728	6778	154962	142502	0
2017-11-17	6810	6926	6788	6790	261362	148232	0
2017-11-20	6822	6842	6770	6820	136228	132152	0
2017-11-21	6808	6868	6780	6816	126764	136980	0
2017-11-22	6840	6842	6714	6752	141638	127930	0
2017-11-23	6784	6854	6658	6808	301026	182536	0
2017-11-24	6842	6894	6800	6814	229116	127088	0
2017-11-27	6848	6856	6784	6814	177892	137906	0
2017-11-28	6810	6968	6774	6954	228444	146444	0
2017-11-29	6962	7082	6934	7056	303194	170084	0
2017-11-30	7078	7084	6980	7020	147424	146416	0
2017-12-01	7016	7176	6994	7172	161130	172204	0
2017-12-04	7502	7506	7502	7504	18774	170384	0
2017-12-05	8144	8144	7748	8090	838658	206240	0
2017-12-06	8032	8596	7926	8440	976646	274012	0
2017-12-07	8392	8434	7928	8246	1002334	275158	0
2017-12-08	8196	8700	8110	8544	779836	248724	0
2017-12-11	8614	8614	8296	8420	581402	252398	0
2017-12-12	8444	8482	8174	8186	396624	224444	0
2017-12-13	8156	8198	8106	8122	178070	201142	0
2017-12-14	8116	8122	7596	7634	380380	179568	0
2017-12-15	7630	7638	7188	7218	373266	159492	0
2017-12-18	7340	7622	7162	7240	489510	169618	0
2017-12-19	7186	7268	7124	7214	274996	157448	0
2017-12-20	7264	7302	7182	7190	172668	155728	0
2017-12-21	7198	7464	7186	7390	752428	228604	0
2017-12-22	7410	7486	7266	7284	427488	197342	0
2017-12-25	7228	7230	6898	6900	360556	187470	0
2017-12-26	6890	6996	6884	6928	238628	161070	0
2017-12-27	6946	7014	6882	6952	311952	180688	0
2017-12-28	6934	6964	6532	6578	598058	233078	0
2017-12-29	6644	6666	6550	6562	401280	208012	0
2018-01-02	6356	6576	6350	6508	316306	220816	0
2018-01-03	6506	6646	6466	6504	391872	216948	0
2018-01-04	6532	6584	6422	6482	288290	226108	0
2018-01-05	6498	6534	6386	6422	308562	235994	0
2018-01-08	6428	6446	6378	6434	151420	221818	0
2018-01-09	6474	6532	6450	6472	207678	230262	0
2018-01-10	6450	6516	6432	6484	167906	220558	0
2018-01-11	6490	6540	6426	6450	208134	240656	0
2018-01-12	6452	6510	6430	6470	205164	231452	0
2018-01-15	6470	6508	6436	6486	167962	228682	0
2018-01-16	6530	6756	6506	6690	510822	243792	0
2018-01-17	6708	6746	6620	6686	258378	218932	0
2018-01-18	6694	6912	6686	6894	393936	246610	0
2018-01-19	6904	6946	6864	6910	313034	225184	0
2018-01-22	6950	6984	6778	6810	297172	232060	0
2018-01-23	6752	6776	6526	6756	537816	226486	0
2018-01-24	6744	6782	6680	6738	240562	199994	0
2018-01-25	6756	6796	6698	6742	286040	212826	0
2018-01-26	6718	6734	6568	6580	293916	194224	0
2018-01-29	6568	6672	6560	6646	212896	189816	0
2018-01-30	6640	6704	6582	6624	191296	179504	0
2018-01-31	6594	6636	6548	6590	148952	162886	0
2018-02-01	6642	6682	6598	6620	158828	170680	0
2018-02-02	6652	6686	6616	6638	121678	159036	0
2018-02-05	6620	6812	6600	6754	246292	202404	0
2018-02-06	6708	6728	6576	6684	197420	170326	0
2018-02-07	6714	6804	6696	6714	194072	190098	0
2018-02-08	6676	6758	6606	6618	227188	168208	0
2018-02-09	6636	6684	6594	6610	154180	160258	0
2018-02-12	6626	6672	6622	6650	85638	152778	0
2018-02-13	6656	6682	6626	6634	94366	142978	0
2018-02-14	6656	6790	6654	6760	120268	140404	0
2018-02-22	6792	6796	6728	6768	65120	139840	0
2018-02-23	6794	6800	6752	6790	125354	184532	0
2018-02-26	6812	6880	6700	6770	221572	206110	0
2018-02-27	6797	6797	6716	6770	92912	199658	0
2018-02-28	6752	6822	6752	6786	146592	210002	0
2018-03-01	6800	6828	6716	6728	148290	219284	0
2018-03-02	6662	6666	6556	6606	191388	194642	0
2018-03-05	6584	6592	6390	6400	239984	205022	0
2018-03-06	6422	6464	6406	6418	128268	185762	0
2018-03-07	6404	6410	6276	6322	215696	194932	0
2018-03-08	6306	6366	6300	6308	106034	185504	0
2018-03-09	6260	6296	6028	6108	318198	213706	0
2018-03-12	6162	6216	6148	6190	151166	183378	0
2018-03-13	6200	6210	6142	6176	100202	188298	0
2018-03-14	6194	6194	6078	6158	167066	198760	0
2018-03-15	6132	6210	6124	6172	131228	197738	0
2018-03-16	6148	6198	6132	6168	96710	190072	0
2018-03-19	6136	6188	6088	6158	124228	195200	0
2018-03-20	6164	6288	6144	6268	288178	212740	0
2018-03-21	6290	6298	6218	6240	136428	196290	0
2018-03-22	6258	6268	6216	6240	97750	195326	0
2018-03-23	6084	6154	5964	6112	293576	162400	0
2018-03-26	6100	6116	5972	5990	151618	164790	0
2018-03-27	6020	6034	5832	5848	276536	202552	0
2018-03-28	5806	5876	5802	5840	126180	178866	0
2018-03-29	5850	5862	5788	5800	117778	184678	0
2018-03-30	5824	5878	5818	5866	129498	186684	0
2018-04-02	5946	5956	5868	5892	183116	226894	0
2018-04-03	5888	5924	5862	5868	112526	212578	0
2018-04-04	5856	5870	5814	5832	90816	206642	0
2018-04-09	5806	5872	5802	5848	86800	203096	0
2018-04-10	5864	5904	5854	5890	136204	222646	0
2018-04-11	5910	5932	5856	5874	133990	215952	0
2018-04-12	5874	5900	5862	5876	88620	206010	0
2018-04-13	5862	6230	5862	6206	480526	252306	0
2018-04-16	6156	6190	6086	6134	304480	217404	0
2018-04-17	6142	6396	6140	6360	397716	220644	0
2018-04-18	6386	6418	6150	6196	344326	182528	0
2018-04-19	6222	6234	6110	6154	282248	177816	0
2018-04-20	6158	6234	6084	6100	288142	170970	0
2018-04-23	6160	6216	6124	6154	190092	182100	0
2018-04-24	6194	6504	6190	6384	591746	226044	0
2018-04-25	6396	6536	6368	6508	371842	216850	0
2018-04-26	6494	6530	6396	6438	304822	202962	0
2018-04-27	6456	6478	6344	6462	223268	174502	0
2018-05-02	6444	6458	6362	6418	161912	191620	0
2018-05-03	6426	6592	6418	6448	321772	196140	0
2018-05-04	6424	6516	6418	6502	166614	180942	0
2018-05-07	6560	6658	6502	6618	294348	229886	0
2018-05-08	6618	6618	6560	6588	123066	209922	0
2018-05-09	6538	6646	6520	6580	178556	213356	0
2018-05-10	6584	6602	6482	6498	172586	189858	0
2018-05-11	6528	6614	6496	6536	185310	191262	0
2018-05-14	6576	6710	6574	6684	238668	223206	0
2018-05-15	6740	6778	6682	6744	211048	223812	0
2018-05-16	6772	7034	6748	6888	377876	253256	0
2018-05-17	6904	6924	6676	6700	232512	201456	0
2018-05-18	6622	6872	6622	6762	291214	209206	0
2018-05-21	6884	6962	6658	6734	224548	182730	0
2018-05-22	6774	6774	6648	6666	150994	177762	0
2018-05-23	6634	6890	6590	6616	358566	200202	0
2018-05-24	6574	6646	6434	6438	262764	192960	0
2018-05-25	6494	6524	6422	6478	170128	188012	0
2018-05-28	6554	6562	6450	6490	133538	186388	0
2018-05-29	6510	6658	6488	6614	225628	203170	0
2018-05-30	6538	6574	6462	6512	160692	177714	0
2018-05-31	6590	6644	6532	6554	171552	192264	0
2018-06-01	6626	6652	6570	6616	185422	186220	0
2018-06-04	6694	6694	6604	6638	152858	185472	0
2018-06-05	6640	6646	6508	6526	170444	180710	0
2018-06-06	6580	6642	6564	6584	156204	173522	0
2018-06-07	6622	6648	6534	6578	151622	171474	0
2018-06-08	6560	6682	6524	6614	268626	191826	0
2018-06-11	6638	6676	6610	6636	149040	179552	0
2018-06-12	6642	6690	6600	6656	160456	186736	0
2018-06-13	6660	6714	6502	6540	229224	166676	0
2018-06-14	6570	6604	6500	6548	164506	154254	0
2018-06-15	6506	6518	6442	6480	142496	162348	0
2018-06-19	6490	6630	6328	6342	256756	161622	0
2018-06-20	6366	6442	6344	6422	98930	146708	0
2018-06-21	6448	6486	6388	6408	156414	146796	0
2018-06-22	6406	6608	6388	6550	264852	156972	0
2018-06-25	6610	6684	6540	6676	222810	163448	0
2018-06-26	6666	6966	6642	6858	470478	221558	0
2018-06-27	6884	6918	6814	6846	218854	197200	0
2018-06-28	6868	6898	6760	6878	221308	192290	0
2018-06-29	6954	7024	6872	6942	389688	226192	0
2018-07-02	6884	6902	6782	6832	170428	187588	0
2018-07-03	6838	6882	6788	6840	150710	197542	0
2018-07-04	6824	6838	6678	6702	237066	171416	0
2018-07-05	6658	6742	6638	6714	125946	153978	0
2018-07-06	6708	6774	6634	6732	170030	151476	0
2018-07-09	6744	6748	6666	6678	101002	132412	0
2018-07-10	6696	6696	6540	6564	198624	155252	0
2018-07-11	6558	6596	6536	6552	101364	136364	0
2018-07-12	6580	6660	6544	6586	180356	149220	0
2018-07-13	6566	6580	6506	6532	117288	135432	0
2018-07-16	6512	6688	6508	6608	215072	156540	0
2018-07-17	6602	6644	6552	6568	157152	143062	0
2018-07-18	6598	6638	6576	6588	88998	144532	0
2018-07-19	6658	6676	6600	6642	162078	158456	0
2018-07-20	6652	6758	6642	6758	163644	155968	0
2018-07-23	6774	6844	6718	6820	179962	180818	0
2018-07-24	6824	6894	6812	6824	145148	177068	0
2018-07-25	6846	6898	6818	6870	130640	186282	0
2018-07-26	6882	6948	6860	6890	110574	181908	0
2018-07-27	6938	6952	6854	6910	152708	194828	0
2018-07-30	6916	6962	6894	6938	100478	179246	0
2018-07-31	6942	7180	6938	6950	333036	198078	0
2018-08-01	6926	7142	6910	7112	265142	206612	0
2018-08-02	7124	7194	7066	7178	205232	225888	0
2018-08-03	7260	7376	7236	7346	307516	230412	0
2018-08-06	7422	7426	7282	7282	256952	218856	0
2018-08-07	7228	7264	7034	7042	273164	221018	0
2018-08-08	7062	7160	6988	6998	266662	229548	0
2018-08-09	7018	7048	6970	6984	190470	222196	0
2018-08-10	6982	7076	6946	6946	264722	236402	0
2018-08-13	6936	6954	6806	6904	242774	210762	0
2018-08-14	6942	7044	6942	7012	233796	211858	0
2018-08-15	7034	7160	7012	7124	308092	233146	0
2018-08-16	6934	7140	6920	7090	298512	214338	0
2018-08-17	7116	7186	6986	6996	302390	219048	0
2018-08-20	7016	7020	6762	6832	307974	197380	0
2018-08-21	6810	6828	6612	6662	273040	178598	0
2018-08-22	6692	6754	6666	6676	193888	162398	0
2018-08-23	6662	6720	6652	6662	155076	161906	0
2018-08-24	6680	6712	6626	6702	158512	156342	0
2018-08-27	6734	6758	6664	6668	139520	155854	0
2018-08-28	6686	6742	6618	6710	157814	156880	0
2018-08-29	6712	6716	6612	6618	156848	169336	0
2018-08-30	6550	6580	6468	6526	205140	169494	0
2018-08-31	6526	6578	6514	6564	114566	149484	0
2018-09-03	6550	6560	6486	6524	95862	147976	0
2018-09-04	6542	6550	6470	6504	100076	153132	0
2018-09-05	6534	6554	6490	6532	87854	147204	0
2018-09-06	6554	6558	6508	6538	73582	144250	0
2018-09-07	6596	6690	6544	6580	211728	159316	0
2018-09-10	6632	6678	6610	6632	97294	147504	0
2018-09-11	6562	6638	6560	6602	85308	130470	0
2018-09-12	6594	6628	6450	6506	148668	146086	0
2018-09-13	6536	6646	6536	6626	117142	128480	0
2018-09-14	6610	6826	6592	6776	246628	162050	0
2018-09-17	6798	6838	6736	6782	114622	136064	0
2018-09-18	6784	6818	6746	6764	120772	137474	0
2018-09-19	6784	6848	6672	6704	162928	142762	0
2018-09-20	6718	6742	6682	6698	64850	135336	0
2018-09-21	6716	6782	6700	6716	100250	133208	0
2018-09-25	6710	6710	6576	6626	165848	136254	0
2018-09-26	6632	6646	6580	6600	77828	125274	0
2018-09-27	6620	6652	6600	6636	72820	119220	0
2018-09-28	6564	6748	6564	6706	152120	122756	0
2018-10-08	6710	6718	6578	6618	108788	111416	0
2018-10-09	6650	6746	6648	6736	124934	131758	0
2018-10-10	6770	6820	6700	6748	119216	134948	0
2018-10-11	6678	6818	6668	6716	122344	135464	0
2018-10-12	6750	6836	6734	6804	144974	145036	0
2018-10-15	6878	6880	6762	6778	89112	146258	0
2018-10-16	6762	6836	6754	6772	102098	144714	0
2018-10-17	6796	6862	6784	6820	100658	149042	0
2018-10-18	6802	6822	6718	6758	92200	139614	0
2018-10-19	6786	6866	6768	6848	138756	164256	0
2018-10-22	6888	6906	6814	6852	122896	167372	0
2018-10-23	6860	6888	6794	6798	75708	154340	0
2018-10-24	6782	6804	6730	6772	92478	152970	0
2018-10-25	6772	6824	6676	6824	110964	149534	0
2018-10-26	6846	6894	6832	6874	118062	154716	0
2018-10-29	6864	6944	6802	6856	132126	162702	0
2018-10-30	6842	6854	6732	6740	135898	147464	0
2018-10-31	6708	6752	6686	6720	91986	133436	0
2018-11-01	6722	6762	6650	6670	78620	122356	0
2018-11-02	6684	6726	6598	6666	126198	120194	0
2018-11-05	6676	6694	6626	6680	61306	109236	0
2018-11-06	6688	6746	6648	6708	75044	113488	0
2018-11-07	6686	6728	6626	6696	94608	106948	0
2018-11-08	6696	6724	6532	6600	168834	123910	0
2018-11-09	6614	6634	6566	6580	69758	112134	0
2018-11-12	6514	6582	6280	6290	208964	156816	0
2018-11-13	6314	6378	6240	6294	165160	149082	0
2018-11-14	6278	6398	6274	6388	109224	134984	0
2018-11-15	6352	6438	6314	6418	113140	128458	0
2018-11-16	6462	6566	6422	6502	152392	133436	0
2018-11-19	6468	6530	6438	6514	80742	114574	0
2018-11-20	6482	6524	6370	6454	138704	119662	0
2018-11-21	6332	6466	6292	6436	144356	121508	0
2018-11-22	6440	6540	6424	6444	121864	112180	0
2018-11-23	6428	6472	6370	6384	87440	109754	0
2018-11-26	6332	6340	6038	6084	254916	143578	0
2018-11-27	6188	6218	5934	6132	210404	136238	0
2018-11-28	6114	6200	6080	6168	106356	121998	0
2018-11-29	6218	6256	6180	6234	108922	111758	0
2018-11-30	6214	6234	6112	6192	117850	107126	0
2018-12-03	6500	6510	6216	6266	134086	96242	0
2018-12-04	6256	6342	6254	6328	82050	82360	0
2018-12-05	6322	6362	6290	6338	59226	71198	0
2018-12-06	6322	6322	6182	6270	90820	79034	0
2018-12-07	6272	6296	6212	6248	81786	73420	0
2018-12-10	6206	6230	6134	6166	81158	80772	0
2018-12-11	6164	6230	6134	6194	70904	72504	0
2018-12-12	6224	6228	6130	6130	61440	80594	0
2018-12-13	6144	6192	6128	6146	59702	73694	0
2018-12-14	6156	6162	6070	6070	63574	78106	0
2018-12-17	6062	6066	5986	6052	77872	82452	0
2018-12-18	6020	6122	6020	6098	61706	72794	0
2018-12-19	6092	6110	6042	6062	43726	68404	0
2018-12-20	6066	6080	5988	6022	66338	75164	0
2018-12-21	6024	6040	5976	5984	56806	77404	0
2018-12-24	5970	5996	5952	5954	68682	81710	0
2018-12-25	5904	5932	5872	5878	72650	82300	0
2018-12-26	5886	5904	5802	5812	61720	93148	0
2018-12-27	5868	5876	5688	5748	134104	109490	0
2018-12-28	5734	5756	5698	5736	59314	100558	0
2019-01-02	5698	5728	5626	5706	96172	122634	0
2019-01-03	5754	5778	5710	5736	69236	119854	0
2019-01-04	5740	5798	5738	5766	71576	120542	0
2019-01-07	5778	5796	5756	5792	64380	121368	0
2019-01-08	5802	5820	5744	5782	91514	124742	0
2019-01-09	5802	5842	5778	5820	69852	117064	0
2019-01-10	5844	5848	5778	5792	66330	124834	0
2019-01-11	5808	5906	5800	5904	98638	119212	0
2019-01-14	5924	5956	5872	5884	70576	114794	0
2019-01-15	5906	5930	5874	5922	47382	109052	0
2019-01-16	5906	5932	5896	5896	38678	105508	0
2019-01-17	5904	5940	5902	5920	46524	104976	0
2019-01-18	5960	6034	5938	6006	83382	118232	0
2019-01-21	6052	6054	5956	5990	64834	104196	0
2019-01-22	6016	6032	5946	5990	66298	111324	0
2019-01-23	5978	6018	5958	6000	59506	107968	0
2019-01-24	6006	6028	5954	6018	54254	112582	0
2019-01-25	6038	6098	6004	6014	77270	120434	0
2019-01-28	6028	6064	6014	6042	43934	114098	0
2019-01-29	5998	6008	5902	5914	80232	116260	0
2019-01-30	5946	6034	5936	6004	78772	110480	0
2019-01-31	5998	6024	5964	6006	43290	100890	0
2019-02-01	6034	6034	5948	6024	61796	95040	0
2019-02-11	6132	6178	6100	6138	73668	102274	0
2019-02-12	6070	6094	6048	6072	49066	96862	0
2019-02-13	6034	6056	5990	5996	56122	97778	0
2019-02-14	5992	6014	5966	5996	45938	98646	0
2019-02-15	5970	5996	5944	5958	59820	101408	0
2019-02-18	6002	6002	5920	5922	55446	99606	0
2019-02-19	5932	5958	5904	5952	39670	98800	0
2019-02-20	5926	6034	5912	6032	69918	105332	0
2019-02-21	6036	6042	5976	5988	68404	107650	0
2019-02-22	6000	6038	5996	6016	50714	112728	0
2019-02-25	6028	6060	5974	6014	84786	123606	0
2019-02-26	6026	6074	6016	6054	84176	126142	0
2019-02-27	6052	6102	6028	6038	85100	132464	0
2019-02-28	6046	6052	6010	6024	51148	121278	0
2019-03-01	6034	6082	6018	6076	66592	130296	0
2019-03-04	6088	6138	6064	6108	91186	133578	0
2019-03-05	6102	6136	6098	6130	63596	130940	0
2019-03-06	6116	6214	6106	6210	84506	136964	0
2019-03-07	6202	6258	6180	6198	99682	153206	0
2019-03-08	6196	6202	6110	6180	64624	145748	0
2019-03-11	6210	6236	6172	6180	74694	156744	0
2019-03-12	6196	6196	6128	6176	76980	150960	0
2019-03-13	6192	6222	6164	6218	75928	157840	0
2019-03-14	6206	6254	6154	6248	100220	158658	0
2019-03-15	6218	6248	6172	6174	105026	158614	0
2019-03-18	6168	6180	6022	6036	104170	152152	0
2019-03-19	6050	6068	6004	6016	89604	144308	0
2019-03-20	6018	6062	6014	6030	64090	140418	0
2019-03-21	6042	6052	5974	6026	71600	139900	0
2019-03-22	6006	6024	5970	5970	70082	146282	0
2019-03-25	5954	5968	5898	5960	78442	149034	0
2019-03-26	5954	5988	5888	5888	72800	148916	0
2019-03-27	5886	5886	5794	5842	116466	161314	0
2019-03-28	5824	5874	5804	5810	58976	156658	0
2019-03-29	5806	5842	5782	5814	66088	161162	0
2019-04-01	5834	5874	5808	5860	73814	158566	0
2019-04-02	5856	5878	5836	5842	57790	163812	0
2019-04-03	5864	5890	5832	5834	76634	167718	0
2019-04-04	5828	5836	5768	5830	101584	170136	0
2019-04-08	5840	5878	5826	5864	81404	165312	0
2019-04-09	5882	5950	5878	5924	120974	166286	0
2019-04-10	5908	5936	5896	5922	51224	155662	0
2019-04-11	5928	5932	5840	5844	84870	160476	0
2019-04-12	5842	5880	5838	5866	52802	149456	0
2019-04-15	5864	5904	5862	5880	48408	146372	0
2019-04-16	5880	5882	5746	5756	108936	161728	0
2019-04-17	5756	5822	5752	5818	52462	155770	0
2019-04-18	5802	5838	5788	5796	60256	147830	0
2019-04-19	5824	5830	5790	5796	46342	143024	0
2019-04-22	5822	5836	5794	5810	62050	142170	0
2019-04-23	5810	5918	5798	5888	156366	132918	0
2019-04-24	5874	5940	5868	5878	111926	126012	0
2019-04-25	5898	5940	5872	5916	64994	117980	0
2019-04-26	5924	5970	5912	5962	77280	118300	0
2019-04-29	5976	6000	5944	5986	79388	114276	0
2019-04-30	5998	6036	5988	6030	55730	114036	0
2019-05-06	6022	6022	5924	5994	68098	112726	0
2019-05-07	6000	6018	5934	5948	63900	113750	0
2019-05-08	5926	5978	5922	5974	38062	115436	0
2019-05-09	5958	6026	5944	6022	61396	128856	0
2019-05-10	6048	6070	5976	5992	89454	129374	0
2019-05-13	5992	5992	5940	5962	53978	122818	0
2019-05-14	5946	5964	5898	5900	76750	121670	0
2019-05-15	5916	5926	5898	5914	46394	123414	0
2019-05-16	5934	5934	5882	5922	80898	127222	0
2019-05-17	5924	5932	5894	5928	62428	134922	0
2019-05-20	5922	5922	5850	5852	79058	146656	0
2019-05-21	5862	5886	5820	5826	72174	157020	0
2019-05-22	5824	5902	5806	5832	119754	159074	0
2019-05-23	5828	5864	5802	5830	86168	163470	0
2019-05-24	5810	5870	5806	5838	58358	160598	0
2019-05-27	5856	5864	5774	5778	106544	183892	0
2019-05-28	5794	5830	5780	5826	56798	174312	0
2019-05-29	5820	5882	5820	5864	67246	160770	0
2019-05-30	5864	5902	5852	5868	51716	157234	0
2019-05-31	5866	5912	5848	5848	47812	152288	0
2019-06-03	5812	5824	5752	5762	107380	178296	0
2019-06-04	5760	5828	5758	5824	71704	177864	0
2019-06-05	5816	5870	5808	5848	80142	160716	0
2019-06-06	5842	5858	5804	5858	66082	155420	0
2019-06-10	5884	5906	5860	5888	67700	160578	0
2019-06-11	5948	5986	5930	5982	94176	161640	0
2019-06-12	5962	5962	5922	5930	51142	158198	0
2019-06-13	5938	6014	5916	6004	78752	166948	0
2019-06-14	6032	6122	6020	6048	125322	184726	0
2019-06-17	6024	6088	6014	6068	58416	185724	0
2019-06-18	6078	6086	6040	6066	44602	187702	0
2019-06-19	6106	6122	6038	6084	82900	195052	0
2019-06-20	6122	6164	6110	6126	87240	203686	0
2019-06-21	6124	6130	6068	6088	68708	201650	0
2019-06-24	6078	6124	6038	6058	79078	192742	0
2019-06-25	6040	6108	6024	6108	79716	202168	0
2019-06-26	6088	6184	6078	6164	95246	217038	0
2019-06-27	6214	6364	6166	6168	201610	216166	0
2019-06-28	6180	6226	6134	6204	102374	214880	0
2019-07-01	6256	6266	6196	6206	88188	211564	0
2019-07-02	6204	6214	6120	6168	92792	201344	0
2019-07-03	6164	6192	6110	6124	60170	196768	0
2019-07-04	6126	6174	6092	6152	53850	195382	0
2019-07-05	6138	6170	6118	6134	42186	190590	0
2019-07-08	6176	6198	6126	6130	92242	191854	0
2019-07-09	6136	6138	5970	5970	145824	182106	0
2019-07-10	5986	6016	5968	5976	72024	179284	0
2019-07-11	5962	5994	5926	5994	92790	186238	0
2019-07-12	6056	6276	6056	6218	374784	198194	0
2019-07-15	6302	6320	6240	6310	186422	201260	0
2019-07-16	6322	6322	6256	6302	113906	196500	0
2019-07-17	6300	6362	6262	6318	164028	202384	0
2019-07-18	6322	6408	6292	6330	196092	214360	0
2019-07-19	6326	6420	6318	6398	158476	219942	0
2019-07-22	6374	6376	6232	6242	126474	201696	0
2019-07-23	6206	6226	6160	6194	101500	195868	0
2019-07-24	6142	6186	6124	6146	74762	190842	0
2019-07-25	6150	6150	6090	6100	101726	180604	0
2019-07-26	6114	6138	6100	6106	60384	177318	0
2019-07-29	6074	6098	6042	6066	72082	170850	0
2019-07-30	6072	6080	5994	5998	103210	173442	0
2019-07-31	6012	6028	5962	5974	86592	173770	0
2019-08-01	5968	6010	5962	5986	73740	174800	0
2019-08-02	5932	6000	5924	5936	83314	168040	0
2019-08-05	5912	5948	5838	5924	119592	161944	0
2019-08-06	5934	5968	5882	5916	81642	166130	0
2019-08-07	5902	5934	5890	5912	46974	166408	0
2019-08-08	5922	5930	5852	5854	84508	166690	0
2019-08-09	5864	5896	5846	5890	64442	162140	0
2019-08-12	5890	5944	5868	5870	65324	158746	0
2019-08-13	5862	5870	5824	5848	67356	166086	0
2019-08-14	5886	5894	5864	5884	80124	157640	0
2019-08-15	5860	5896	5834	5834	64532	150584	0
2019-08-16	5856	5940	5846	5930	75276	144618	0
2019-08-19	5962	5986	5862	5864	92134	136542	0
2019-08-20	5868	5876	5814	5820	61520	139036	0
2019-08-21	5820	5844	5764	5818	73036	147672	0
2019-08-22	5814	5850	5808	5848	62880	141924	0
2019-08-23	5830	5872	5820	5850	82696	139246	0
2019-08-26	5868	5888	5830	5830	105196	139200	0
2019-08-27	5826	5836	5784	5806	64832	141430	0
2019-08-28	5802	5820	5792	5800	53228	147858	0
2019-08-29	5798	5802	5736	5736	64608	157504	0
2019-08-30	5752	5910	5736	5910	126704	142232	0
2019-09-02	5896	5932	5860	5890	98504	135022	0
2019-09-03	5894	5912	5864	5864	45310	127536	0
2019-09-04	5876	5888	5858	5882	52204	122796	0
2019-09-05	5904	5914	5836	5848	67280	125160	0
2019-09-06	5850	5896	5850	5880	57742	122074	0
2019-09-09	5882	5916	5830	5842	79628	121698	0
2019-09-10	5858	5898	5852	5880	64098	120014	0
2019-09-11	5876	5894	5858	5860	54668	120216	0
2019-09-12	5876	5884	5818	5876	61368	116672	0
2019-09-16	5852	5898	5840	5846	69180	122686	0
2019-09-17	5840	5922	5836	5920	122028	120536	0
2019-09-18	5936	5986	5916	5946	129772	132352	0
2019-09-19	5940	5976	5932	5958	60650	132032	0
2019-09-20	5958	5958	5886	5928	82758	127228	0
2019-09-23	5924	5962	5896	5904	68790	126134	0
2019-09-24	5902	5956	5902	5936	55662	125838	0
2019-09-25	5950	5984	5946	5976	73898	131704	0
2019-09-26	5976	5996	5950	5972	53326	131024	0
2019-09-27	5962	5966	5858	5858	108150	110562	0
2019-09-30	5890	5904	5802	5864	78742	104600	0
2019-10-08	5862	5892	5840	5856	52022	113124	0
2019-10-09	5872	5882	5854	5872	37708	118858	0
2019-10-10	5868	5920	5866	5912	55808	121418	0
2019-10-11	5900	5904	5868	5872	45820	119464	0
2019-10-14	5846	5864	5826	5828	59776	129270	0
2019-10-15	5834	5878	5804	5854	71210	129872	0
2019-10-16	5856	5862	5812	5830	56804	138260	0
2019-10-17	5840	5844	5782	5820	81924	147744	0
2019-10-18	5802	5832	5770	5824	64656	144792	0
2019-10-21	5808	5838	5782	5814	58400	151468	0
2019-10-22	5818	5826	5776	5794	45488	157432	0
2019-10-23	5816	5826	5802	5804	41414	154086	0
2019-10-24	5814	5822	5718	5772	122542	169660	0
2019-10-25	5760	5816	5760	5806	58322	160988	0
2019-10-28	5780	5784	5732	5758	74092	160582	0
2019-10-29	5788	5814	5772	5808	61622	152362	0
2019-10-30	5792	5796	5756	5774	45588	159118	0
2019-10-31	5780	5794	5746	5750	65298	168254	0
2019-11-01	5746	5784	5736	5776	60814	160068	0
2019-11-04	5748	5756	5716	5736	80586	171004	0
2019-11-05	5732	5760	5728	5760	39184	164396	0
2019-11-06	5738	5744	5690	5732	97516	176174	0
2019-11-07	5730	5786	5720	5736	102658	165138	0
2019-11-08	5720	5732	5700	5718	74388	174000	0
2019-11-11	5696	5718	5672	5690	75026	176904	0
2019-11-12	5678	5712	5628	5662	143954	185574	0
2019-11-13	5672	5676	5640	5664	54614	189698	0
2019-11-14	5678	5724	5668	5694	87542	167798	0
2019-11-15	5700	5738	5686	5726	55570	161362	0
2019-11-18	5760	5808	5760	5790	114602	139068	0
2019-11-19	5792	5872	5786	5870	119288	147226	0
2019-11-20	5866	5868	5778	5792	87998	143054	0
2019-11-21	5808	5826	5776	5816	50324	139092	0
2019-11-22	5818	5826	5748	5794	72466	132052	0
2019-11-25	5802	5816	5790	5808	33304	130920	0
2019-11-26	5796	5840	5796	5836	57304	142220	0
2019-11-27	5824	5844	5804	5814	44534	140644	0
2019-11-28	5792	5796	5762	5772	59986	137220	0
2019-11-29	5796	5816	5788	5810	52784	141760	0
2019-12-02	5786	5790	5754	5760	68728	146950	0
2019-12-03	5766	5768	5718	5746	78662	156980	0
2019-12-04	5744	5748	5726	5734	35720	162500	0
2019-12-05	5734	5774	5728	5738	46896	155780	0
2019-12-06	5746	5748	5730	5732	43988	149474	0
2019-12-09	5750	5786	5738	5774	72188	146854	0
2019-12-10	5784	5800	5778	5794	55772	142442	0
2019-12-11	5810	5906	5806	5904	115298	149610	0
2019-12-12	5870	5874	5740	5744	127846	135126	0
2019-12-13	5758	5778	5732	5756	74342	128172	0
2019-12-16	5764	5768	5718	5742	51032	126598	0
2019-12-17	5752	5760	5732	5734	39914	121176	0
2019-12-18	5744	5784	5740	5774	47236	118934	0
2019-12-19	5780	5812	5770	5808	57818	115294	0
2019-12-20	5806	5842	5774	5794	58878	115412	0
2019-12-23	5786	5814	5774	5812	63842	117264	0
2019-12-24	5826	5830	5790	5806	57182	113880	0
2019-12-25	5800	5800	5782	5786	45188	112450	0
2019-12-26	5784	5826	5782	5822	51020	114224	0
2019-12-27	5832	5856	5830	5850	61702	118960	0
2019-12-30	5846	5860	5834	5844	49480	116688	0
2019-12-31	5846	5860	5830	5854	41772	114294	0
2020-01-02	5854	5860	5832	5840	16643	58052	0
2020-01-03	5842	5864	5826	5854	18559	58225	0
2020-01-06	5856	5864	5808	5820	30449	56950	0
2020-01-07	5826	5834	5816	5826	13882	55498	0
2020-01-08	5828	5830	5774	5804	34121	56441	0
2020-01-09	5812	5818	5788	5802	16672	55478	0
2020-01-10	5768	5804	5764	5802	16836	58373	0
2020-01-13	5800	5808	5764	5778	22708	58417	0
2020-01-14	5776	5788	5748	5788	36684	57017	0
2020-01-15	5776	5780	5748	5780	39186	57536	0
2020-01-16	5782	5788	5756	5762	23122	54363	0
2020-01-17	5766	5786	5760	5784	15087	52513	0
2020-01-20	5772	5810	5770	5810	22729	52230	0
2020-01-21	5808	5846	5800	5846	39753	50028	0
2020-01-22	5840	5858	5822	5858	26054	51618	0
2020-01-23	5848	5850	5818	5846	20686	50854	0
2020-02-03	5724	5988	5700	5938	84997	60731	0
2020-02-04	5938	6096	5930	6094	88577	81373	0
2020-02-05	6064	6106	5926	5934	98386	87526	0
2020-02-06	5938	5966	5928	5950	44202	87149	0
2020-02-07	5942	5950	5876	5924	47616	83176	0
2020-02-10	5924	5926	5888	5894	26715	81433	0
2020-02-11	5890	5946	5882	5944	43189	81720	0
2020-02-12	5960	5962	5886	5906	39413	77437	0
2020-02-13	5906	5910	5824	5862	43638	69307	0
2020-02-14	5848	5852	5820	5830	24433	66318	0
2020-02-17	5790	5792	5748	5784	53611	68852	0
2020-02-18	5778	5784	5730	5736	31508	69492	0
2020-02-19	5734	5756	5730	5746	23474	69860	0
2020-02-20	5746	5794	5732	5790	38718	72092	0
2020-02-21	5774	5806	5758	5768	44925	72869	0
2020-02-24	5776	5778	5716	5724	43736	71836	0
2020-02-25	5708	5728	5690	5726	28959	73756	0
2020-02-26	5710	5748	5710	5728	27118	73538	0
2020-02-27	5706	5730	5704	5728	17477	73614	0
2020-02-28	5716	5742	5676	5726	44030	67438	0
2020-03-02	5706	5736	5698	5720	38556	68667	0
2020-03-03	5738	5766	5724	5724	40309	68861	0
2020-03-04	5694	5698	5572	5656	156198	84745	0
2020-03-05	5684	5734	5664	5686	51800	76229	0
2020-03-06	5658	5672	5624	5666	36770	76636	0
2020-03-09	5606	5642	5560	5622	57943	81192	0
2020-03-10	5614	5634	5594	5620	35933	77578	0
2020-03-11	5628	5648	5618	5634	24410	78288	0
2020-03-12	5616	5634	5586	5620	39665	81434	0
2020-03-13	5602	5626	5574	5614	45001	77338	0
2020-03-16	5626	5640	5584	5612	51632	76344	0
2020-03-17	5600	5636	5570	5630	50204	75978	0
2020-03-18	5652	5666	5630	5652	51532	70415	0
2020-03-19	5632	5638	5486	5538	98468	68318	0
2020-03-20	5572	5578	5528	5548	47483	67872	0
2020-03-23	5496	5518	5368	5390	85003	82696	0
2020-03-24	5408	5452	5362	5450	62544	74684	0
2020-03-25	5486	5494	5408	5436	53962	75190	0
2020-03-26	5444	5602	5416	5546	176386	67849	0
2020-03-27	5556	5562	5356	5362	127896	66156	0
2020-03-30	5338	5418	5326	5384	77199	65606	0
2020-03-31	5376	5462	5374	5438	56265	61307	0
2020-04-01	5440	5528	5428	5456	121040	67626	0
2020-04-02	5428	5510	5402	5490	126299	71098	0
2020-04-03	5498	5544	5478	5532	139108	75046	0
2020-04-07	5556	5582	5510	5556	120414	74052	0
2020-04-08	5544	5614	5532	5606	123951	73987	0
2020-04-09	5610	5628	5528	5532	108648	83981	0
2020-04-10	5548	5648	5524	5552	236655	89760	0
2020-04-13	5562	5614	5460	5510	192128	92234	0
2020-04-14	5518	5524	5462	5514	150093	90161	0
2020-04-15	5506	5550	5470	5474	105928	93205	0
2020-04-16	5478	5562	5472	5500	140485	89243	0
2020-04-17	5512	5570	5494	5564	123726	92455	0
2020-04-20	5558	5720	5544	5694	219829	100442	0
2020-04-21	5702	5760	5628	5690	160239	105748	0
2020-04-22	5684	5712	5646	5682	96651	107709	0
2020-04-23	5688	5700	5622	5634	143048	103243	0
2020-04-24	5640	5736	5616	5664	168283	105631	0
2020-04-27	5678	5714	5650	5702	90997	107455	0
2020-04-28	5696	5730	5662	5714	106934	105031	0
2020-04-29	5740	5826	5730	5766	178187	103585	0
2020-04-30	5762	5800	5748	5796	120093	97711	0
2020-05-06	5788	5806	5750	5758	106638	101860	0
2020-05-07	5766	5776	5734	5768	94788	104394	0
2020-05-08	5756	5822	5754	5820	111618	119029	0
2020-05-11	5806	5852	5784	5794	147890	123005	0
2020-05-12	5804	5816	5776	5814	85795	120052	0
2020-05-13	5798	5812	5778	5808	100922	118796	0
2020-05-14	5812	5844	5756	5756	128191	113352	0
2020-05-15	5772	5824	5766	5822	138701	121742	0
2020-05-18	5822	5830	5782	5784	229885	115309	0
2020-05-19	5794	5844	5770	5840	205903	128692	0
2020-05-20	5840	5892	5812	5884	199370	137825	0
2020-05-21	5888	6002	5860	5940	303527	148349	0
2020-05-22	5942	6000	5874	5888	241996	148039	0
2020-05-25	5898	5938	5856	5892	192563	152313	0
2020-05-26	5896	5952	5878	5924	258208	155856	0
2020-05-27	5904	5922	5804	5832	249527	143172	0
2020-05-28	5836	5838	5752	5774	331668	138604	0
2020-05-29	5776	5780	5736	5748	214725	130153	0
2020-06-01	5762	5810	5754	5796	166325	129909	0
2020-06-02	5790	5832	5764	5828	141759	127792	0
2020-06-03	5824	5882	5822	5854	169821	133616	0
2020-06-04	5846	5898	5824	5856	179125	142457	0
2020-06-05	5854	5876	5812	5830	145486	148978	0
2020-06-08	5862	5868	5808	5824	183323	150030	0
2020-06-09	5814	5868	5792	5854	167536	159270	0
2020-06-10	5846	5846	5710	5722	217173	157908	0
2020-06-11	5714	5738	5656	5680	259167	176146	0
2020-06-12	5680	5778	5678	5728	232178	171918	0
2020-06-15	5714	5748	5704	5732	167660	168770	0
2020-06-16	5732	5798	5720	5772	177570	171975	0
2020-06-17	5764	5932	5762	5908	336532	184358	0
2020-06-18	5920	6146	5888	6084	701202	224329	0
2020-06-19	6098	6154	6046	6148	500199	230432	0
2020-06-22	6146	6232	5926	5964	590111	213138	0
2020-06-23	5988	6054	5964	6014	293140	213772	0
2020-06-24	6018	6048	5980	6036	243648	218941	0
2020-06-29	6044	6054	5982	6006	247713	216540	0
2020-06-30	6028	6038	5878	5920	339942	199586	0
2020-07-01	5920	5958	5906	5936	126242	191116	0
2020-07-02	5948	5960	5914	5932	90028	191481	0
2020-07-03	5940	5942	5858	5864	125822	195317	0
2020-07-06	5878	5912	5878	5902	97609	196569	0
2020-07-07	5904	5910	5864	5900	114201	192071	0
2020-07-08	5916	5922	5808	5808	201205	203531	0
2020-07-09	5812	5818	5766	5786	219674	176435	0
2020-07-10	5762	5772	5686	5706	198544	164014	0
2020-07-13	5730	5746	5682	5698	133200	167966	0
2020-07-14	5688	5694	5584	5588	195836	174856	0
2020-07-15	5606	5628	5596	5600	87474	163187	0
2020-07-16	5610	5612	5580	5602	81134	157701	0
2020-07-17	5606	5612	5534	5584	120647	160575	0
2020-07-20	5586	5658	5570	5604	114682	152077	0
2020-07-21	5620	5622	5582	5608	64583	149501	0
2020-07-22	5612	5624	5570	5574	75904	151210	0
2020-07-23	5594	5634	5572	5632	90866	144124	0
2020-07-24	5626	5646	5556	5558	90456	149208	0
2020-07-27	5544	5590	5518	5582	88762	149885	0
2020-07-28	5600	5618	5574	5600	68541	146134	0
2020-07-29	5600	5632	5578	5582	83259	147165	0
2020-07-30	5590	5618	5584	5616	58777	141088	0
2020-07-31	5610	5624	5568	5572	84519	141583	0
2020-08-03	5574	5612	5568	5608	66515	136957	0
2020-08-04	5628	5870	5610	5740	393343	159576	0
2020-08-05	5742	5776	5670	5682	146827	145847	0
2020-08-06	5712	5738	5644	5646	104565	140726	0
2020-08-07	5660	5698	5652	5690	73724	138521	0
2020-08-10	5686	5778	5686	5740	134775	140055	0
2020-08-11	5750	5786	5722	5756	94935	137515	0
2020-08-12	5756	5786	5726	5770	93599	139527	0
2020-08-13	5796	5818	5744	5766	104183	139895	0
2020-08-14	5774	5782	5712	5742	83995	136334	0
2020-08-17	5752	5782	5718	5756	94222	131083	0
2020-08-18	5760	5764	5688	5742	107590	121802	0
2020-08-19	5768	5888	5768	5806	224760	125383	0
2020-08-20	5806	5826	5778	5784	77625	121127	0
2020-08-21	5796	5870	5784	5840	124400	129282	0
2020-08-24	5848	5872	5794	5798	94012	121733	0
2020-08-25	5802	5804	5718	5736	117860	111995	0
2020-08-26	5726	5758	5716	5730	52485	111558	0
2020-08-27	5754	5806	5744	5784	87857	108066	0
2020-08-28	5778	5798	5764	5774	49642	105263	0
2020-08-31	5798	5834	5784	5812	79992	105927	0
2020-09-01	5812	5894	5766	5874	104050	114375	0
2020-09-02	5878	5918	5836	5866	115931	117760	0
2020-09-03	5886	5944	5800	5800	193619	112386	0
2020-09-04	5790	5808	5740	5752	119181	108835	0
2020-09-07	5774	5806	5760	5774	69884	107223	0
2020-09-08	5784	5788	5728	5746	88689	105698	0
2020-09-09	5746	5760	5710	5714	78657	104198	0
2020-09-10	5722	5740	5708	5714	65048	104505	0
2020-09-11	5718	5720	5662	5678	88532	110291	0
2020-09-14	5704	5746	5702	5724	68894	104589	0
2020-09-15	5744	5752	5706	5718	56486	99269	0
2020-09-16	5720	5726	5672	5704	75693	104707	0
2020-09-17	5704	5730	5682	5730	62542	104101	0
2020-09-18	5730	5736	5672	5702	86504	114927	0
2020-09-21	5704	5758	5676	5680	105559	106874	0
2020-09-22	5682	5712	5656	5682	73020	108363	0
2020-09-23	5688	5694	5644	5668	84104	110422	0
2020-09-24	5674	5688	5652	5688	73931	101910	0
2020-09-25	5694	5738	5682	5724	80562	89097	0
2020-09-28	5728	5746	5694	5746	74904	84762	0
2020-09-29	5766	5802	5732	5758	90654	76950	0
2020-09-30	5752	5770	5728	5746	77535	75252	0
2020-10-09	5756	5850	5742	5844	88194	77951	0
2020-10-12	5858	5888	5830	5888	72426	81775	0
2020-10-13	5884	5938	5870	5924	74287	94994	0
2020-10-14	5912	5966	5878	5904	87572	99143	0
2020-10-15	5904	5924	5878	5912	46593	101093	0
2020-10-16	5918	5970	5910	5962	83417	108960	0
2020-10-19	5976	5980	5896	5936	85220	107144	0
2020-10-20	5936	5942	5906	5916	44792	108356	0
2020-10-21	5940	6036	5920	5940	153488	117213	0
2020-10-22	5936	5954	5860	5866	101151	105390	0
2020-10-23	5872	5894	5842	5866	67504	98387	0
2020-10-26	5838	5844	5786	5786	97529	90969	0
2020-10-27	5802	5832	5792	5798	68117	88330	0
2020-10-28	5820	5856	5802	5810	70465	86573	0
2020-10-29	5824	5866	5806	5808	61667	85561	0
2020-10-30	5840	5846	5780	5794	90428	83583	0
2020-11-02	5810	5906	5804	5906	83642	83948	0
2020-11-03	5894	5912	5856	5882	67919	81608	0
2020-11-04	5890	5954	5888	5952	87685	96068	0
2020-11-05	5940	5968	5910	5912	68393	96482	0
2020-11-06	5902	5992	5866	5988	103289	111599	0
2020-11-09	5996	6010	5958	5974	110031	114369	0
2020-11-10	5974	6016	5948	5968	113012	109382	0
2020-11-11	5990	6004	5960	5980	78406	113525	0
2020-11-12	5986	6010	5922	5928	108804	107825	0
2020-11-13	5934	5936	5884	5904	80574	96288	0
2020-11-16	5936	5944	5876	5878	77310	84366	0
2020-11-17	5896	5912	5862	5894	67938	82155	0
2020-11-18	5892	5918	5878	5884	64478	82247	0
2020-11-19	5882	5978	5868	5978	105003	89438	0
2020-11-20	5994	6190	5992	6148	397360	152449	0
2020-11-23	6162	6202	6126	6144	194101	156896	0
2020-11-24	6150	6154	6092	6096	166713	142852	0
2020-11-25	6098	6114	6030	6078	149430	131993	0
2020-11-26	6074	6110	6062	6062	99784	134040	0
2020-11-27	6100	6278	6094	6098	347602	138570	0
2020-11-30	6118	6194	6100	6142	154722	126336	0
2020-12-01	6144	6232	6120	6182	170696	143355	0
2020-12-02	6226	6344	6200	6302	251381	164207	0
2020-12-03	6286	6326	6228	6230	148347	155564	0
2020-12-04	6228	6624	6160	6614	427368	173167	0
2020-12-07	6818	6878	6678	6718	338083	152400	0
2020-12-08	6662	6694	6518	6524	459504	130371	0
2020-12-09	6526	6560	6428	6480	278230	123580	0
2020-12-10	6542	6548	6436	6450	233549	115069	0
2020-12-11	6500	6536	6334	6342	261182	109455	0
2020-12-14	6370	6404	6326	6368	139819	101281	0
2020-12-15	6342	6460	6342	6392	217410	96046	0
2020-12-16	6434	6438	6354	6364	155965	92673	0
2020-12-17	6388	6388	6348	6358	134748	90230	0
2020-12-18	6396	6542	6396	6490	216846	93426	0
2020-12-21	6738	6860	6616	6792	242731	101522	0
2020-12-22	6856	6966	6594	6698	356080	99447	0
2020-12-23	6698	6962	6684	6956	257463	116762	0
2020-12-24	7072	7086	6880	6900	300640	113058	0
2020-12-25	6928	7176	6894	7176	278473	135650	0
2020-12-28	7146	7332	6840	6866	324502	121044	0
2020-12-29	6874	6942	6758	6798	172485	110497	0
2020-12-30	6782	6826	6734	6778	207546	102645	0
2020-12-31	6766	6782	6560	6610	261153	100765	0
2021-01-04	6630	6708	6572	6650	199388	103586	0
2021-01-05	6650	6840	6644	6828	211835	107769	0
2021-01-06	6870	7154	6858	7152	400206	130940	0
2021-01-07	7212	7354	7106	7290	564392	134321	0
2021-01-08	7396	7652	7396	7648	873324	184310	0
2021-01-11	7634	7844	7498	7802	814679	191675	0
2021-01-12	7670	7686	7500	7602	557705	182391	0
2021-01-13	7714	7916	7608	7914	600692	229758	0
2021-01-14	7890	7942	7804	7872	546315	237588	0
2021-01-15	7940	7940	7408	7408	663504	194726	0
2021-01-18	7398	7604	7364	7594	430637	189447	0
2021-01-19	7566	7588	7306	7562	490311	202126	0
2021-01-20	7542	7564	7384	7476	374044	185380	0
2021-01-21	7408	7418	7118	7166	496951	167006	0
2021-01-22	7186	7240	7046	7060	278335	164721	0
2021-01-25	7200	7220	7020	7108	285415	171480	0
2021-01-26	7122	7136	6908	6976	258089	162193	0
2021-01-27	6996	7072	6946	7000	205165	165589	0
2021-01-28	6978	7140	6922	7072	309392	180529	0
2021-01-29	7052	7058	6672	6744	408082	167565	0
2021-02-01	6724	6866	6674	6812	217232	171403	0
2021-02-02	6822	6840	6566	6576	268082	173853	0
2021-02-03	6588	6648	6544	6606	183896	157897	0
2021-02-04	6620	6994	6598	6994	450928	204984	0
2021-02-05	7004	7012	6730	6736	475885	158996	0
2021-02-08	6796	6912	6772	6810	256257	155941	0
2021-02-09	6834	7026	6814	6936	249711	142411	0
2021-02-10	6964	7148	6930	7148	250756	133091	0
2021-02-18	7272	7394	7192	7328	202877	150572	0
2021-02-19	7250	7252	7108	7210	217449	153955	0
2021-02-22	7252	7484	7158	7358	358800	177149	0
2021-02-23	7424	7586	7400	7512	313151	172169	0
2021-02-24	7610	7754	7572	7716	382664	189186	0
2021-02-25	7892	7892	7616	7676	446834	193949	0
2021-02-26	7532	7854	7458	7768	393553	198590	0
2021-03-01	8030	8038	7800	7888	463026	203137	0
2021-03-02	7766	7886	7558	7674	415230	186660	0
2021-03-03	7754	7888	7682	7730	375471	194211	0
2021-03-04	7674	7776	7578	7696	355472	192144	0
2021-03-05	7568	8046	7486	8044	488146	237075	0
2021-03-08	8164	8200	7936	8030	537900	272259	0
2021-03-09	8108	8130	7840	7926	429445	261762	0
2021-03-10	7982	8318	7956	8066	743742	318142	0
2021-03-11	8000	8004	7720	7806	506718	268091	0
2021-03-12	7844	7848	7524	7534	437518	251248	0
2021-03-15	7456	7456	7262	7358	419318	228815	0
2021-03-16	7280	7396	7136	7138	312010	226139	0
2021-03-17	7146	7180	7056	7100	238612	220564	0
2021-03-18	7130	7372	7130	7272	363055	225874	0
2021-03-19	7168	7296	6946	6986	357429	211086	0
2021-03-22	6990	7244	6908	7226	346758	217319	0
2021-03-23	7172	7172	7014	7068	291972	221721	0
2021-03-24	7016	7104	6940	6974	242992	210757	0
2021-03-25	7010	7178	6982	7074	290091	206678	0
2021-03-26	7064	7108	6850	7022	311487	211917	0
2021-03-29	7070	7112	6868	6874	331082	216557	0
2021-03-30	6854	6930	6728	6728	288944	218009	0
2021-03-31	6748	6772	6656	6730	262604	211848	0
2021-04-01	6772	6898	6754	6824	248646	196186	0
2021-04-02	6850	6958	6806	6936	284532	190847	0
2021-04-06	6930	6986	6758	6876	302258	193066	0
2021-04-07	6924	6958	6802	6824	307677	189832	0
2021-04-08	6798	6926	6770	6812	264607	194681	0
2021-04-09	6826	6872	6700	6704	247690	193348	0
2021-04-12	6702	6750	6636	6682	256216	212331	0
2021-04-13	6698	6776	6664	6686	257969	205753	0
2021-04-14	6692	6874	6636	6870	317113	197217	0
2021-04-15	6902	7140	6874	7134	428463	190827	0
2021-04-16	7142	7438	7040	7366	554646	204887	0
2021-04-19	7276	7402	7220	7350	364924	187111	0
2021-04-20	7354	7368	7262	7322	273179	186754	0
2021-04-21	7236	7410	7232	7314	330915	185543	0
2021-04-22	7380	7468	7310	7376	372629	194888	0
2021-04-23	7378	7610	7370	7578	427824	204696	0
2021-04-26	7592	7610	7474	7476	315228	194402	0
2021-04-27	7504	7522	7314	7354	368320	193373	0
2021-04-28	7422	7526	7368	7424	373007	188695	0
2021-04-29	7474	7696	7454	7634	415494	204084	0
2021-04-30	7562	7652	7362	7396	450689	183731	0
2021-05-06	7494	7630	7416	7552	397209	185703	0
2021-05-07	7578	7834	7550	7660	622200	204747	0
2021-05-10	7732	7926	7690	7874	654372	220928	0
2021-05-11	7738	7882	7698	7780	488678	212317	0
2021-05-12	7818	8260	7766	8258	481701	241096	0
2021-05-13	8226	8504	7810	7924	774443	201127	0
2021-05-14	7938	8260	7762	8036	1209202	218702	0
2021-05-17	8106	8106	7868	7944	585279	218701	0
2021-05-18	8016	8280	8006	8228	454782	249938	0
2021-05-19	8102	8212	7848	8002	495589	233556	0
2021-05-20	7754	8098	7660	8082	592869	251816	0
2021-05-21	8006	8312	7904	8200	711799	268209	0
2021-05-24	8168	8172	7852	7942	622418	241642	0
2021-05-25	7990	8032	7674	7710	651038	236584	0
2021-05-26	7710	7842	7644	7710	352997	235458	0
2021-05-27	7746	7778	7482	7544	480562	216052	0
2021-05-28	7818	7930	7678	7922	523370	228826	0
2021-05-31	8040	8228	8002	8212	473514	236405	0
2021-06-01	8260	8422	8176	8382	500712	269246	0
2021-06-02	8316	8410	8218	8386	418121	257605	0
2021-06-03	8444	8774	8398	8496	954883	324706	0
2021-06-04	8440	8726	8406	8714	711277	330663	0
2021-06-07	8688	8744	8562	8640	477126	337317	0
2021-06-08	8622	8660	8462	8560	471697	322298	0
2021-06-09	8592	8626	8504	8596	438771	347413	0
2021-06-10	8574	8592	8442	8490	410377	324574	0
2021-06-11	8590	8708	8508	8622	541854	360004	0
2021-06-15	8556	8558	8326	8404	457360	311795	0
2021-06-16	8378	8406	8192	8200	356090	308168	0
2021-06-17	8154	8306	8066	8266	401407	296640	0
2021-06-18	8180	8182	7896	7930	500913	262179	0
2021-06-21	7984	8142	7958	8068	382904	254845	0
2021-06-22	8068	8168	8032	8132	307940	241319	0
2021-06-23	8186	8216	8110	8184	300078	234455	0
2021-06-24	8186	8246	8066	8116	328681	226202	0
2021-06-25	8146	8412	8050	8378	446121	233706	0
2021-06-28	8278	8300	8150	8252	339973	216102	0
2021-06-29	8272	8338	8232	8276	239876	212217	0
2021-06-30	8282	8356	8252	8346	259607	222331	0
2021-07-01	8334	8334	8038	8046	331147	238134	0
2021-07-02	8044	8074	7934	7994	275362	236848	0
2021-07-05	7958	8090	7910	8060	230423	227190	0
2021-07-06	8124	8300	8076	8272	336785	216712	0
2021-07-07	8192	8332	8176	8320	283825	217008	0
2021-07-08	8304	8366	8050	8118	382688	232939	0
2021-07-09	8142	8282	8136	8242	270659	219939	0
2021-07-12	8296	8302	8110	8236	326613	224648	0
2021-07-13	8236	8240	8140	8146	197326	216256	0
2021-07-14	8196	8516	8194	8480	380256	238684	0
2021-07-15	8450	8612	8428	8608	277941	237818	0
2021-07-16	8698	8914	8660	8816	481784	287042	0
2021-07-19	8854	8874	8690	8714	246289	260430	0
2021-07-20	8570	8676	8540	8606	241480	233832	0
2021-07-21	8638	8638	8390	8422	247502	217895	0
2021-07-22	8418	8466	8376	8432	184032	206644	0
2021-07-23	8478	8684	8464	8582	307193	241382	0
2021-07-26	8678	8794	8628	8700	281049	247868	0
2021-07-27	8754	8762	8592	8664	187567	243758	0
2021-07-28	8696	8950	8682	8932	334824	295018	0
2021-07-29	8946	8950	8856	8902	192700	270787	0
2021-07-30	9060	9078	8872	9004	325000	300267	0
2021-08-02	8862	8988	8824	8952	295406	295145	0
2021-08-03	8934	8942	8802	8870	289039	285289	0
2021-08-04	8942	8998	8880	8916	269202	283183	0
2021-08-05	8902	8928	8794	8832	284420	277688	0
2021-08-06	8820	8920	8796	8882	230034	254937	0
2021-08-09	8872	9050	8800	8874	412472	278850	0
2021-08-10	8894	9022	8890	9012	265000	279202	0
2021-08-11	9096	9112	9000	9050	303292	294855	0
2021-08-12	9028	9128	9020	9060	246841	296139	0
2021-08-13	9052	9126	8942	9116	413258	315525	0
2021-08-16	9100	9134	8984	9012	301023	298152	0
2021-08-17	8992	9112	8904	9108	346612	296090	0
2021-08-18	9098	9180	9060	9154	419524	317471	0
2021-08-19	9078	9236	9066	9234	394290	324098	0
2021-08-20	9198	9360	9178	9342	543495	329574	0
2021-08-23	9406	9788	9406	9668	619414	324779	0
2021-08-24	9708	9734	9512	9526	492460	316219	0
2021-08-25	9626	9752	9556	9722	467670	316041	0
2021-08-26	9942	9946	9754	9910	522300	339859	0
2021-08-27	9872	10082	9816	10054	623247	379658	0
2021-08-30	10160	10508	10150	10506	692620	390896	0
2021-08-31	10552	10608	10320	10486	855189	346225	0
2021-09-01	10438	10628	10332	10608	819521	370732	0
2021-09-02	10594	11094	10590	10790	1142036	365624	0
2021-09-03	10748	10802	10264	10388	1141205	312507	0
2021-09-06	10434	10642	10382	10452	494455	306193	0
2021-09-07	10566	10698	10398	10626	576906	306558	0
2021-09-08	10516	10742	10492	10682	540372	309510	0
2021-09-09	10756	11236	10742	11222	805501	329030	0
2021-09-10	11236	11286	10944	11080	719112	319314	0
2021-09-13	11184	11628	11158	11414	766414	313416	0
2021-09-14	11336	11616	11336	11466	671806	312977	0
2021-09-15	11648	12052	11628	12046	921991	339926	0
2021-09-16	12198	12420	11682	11948	894751	292537	0
2021-09-17	11988	12234	11804	12070	770993	286366	0
2021-09-22	12770	12934	12770	12932	102041	286201	0
2021-09-23	14316	14324	14316	14324	83512	267490	0
2021-09-24	15150	15150	13046	14080	1146469	161882	0
2021-09-27	13764	15078	13734	14684	910227	171030	0
2021-09-28	14684	15726	14578	15724	629335	172136	0
2021-09-29	15716	16450	14998	15774	766590	152697	0
2021-09-30	15724	16842	15444	16836	448922	147282	0
2021-10-08	16248	16658	15866	16116	336054	144632	0
2021-10-11	17158	17652	16580	17554	427924	159032	0
2021-10-12	17284	17674	16706	17128	394265	153481	0
2021-10-13	17092	17092	15372	15374	524572	144988	0
2021-10-14	15250	15952	14910	15900	446247	141903	0
2021-10-15	15796	15868	15082	15642	442044	139495	0
2021-10-18	15324	15562	14608	15376	416724	143126	0
2021-10-19	15120	16788	14940	16510	400962	154304	0
2021-10-20	14590	14902	14544	14546	234690	139190	0
2021-10-21	15564	15936	13684	14080	443615	145746	0
2021-10-22	14414	14468	13684	13684	295987	138425	0
2021-10-25	13556	13772	12588	12604	363939	144418	0
2021-10-26	12526	12560	11684	12320	460961	138289	0
2021-10-27	11430	11430	10902	10910	246276	134575	0
2021-10-28	10132	11986	9888	11248	571354	138184	0
2021-10-29	11196	11422	10618	11078	417389	138953	0
2021-11-01	11020	11074	10508	10774	281019	138604	0
2021-11-02	10622	10676	9760	9962	356528	138640	0
2021-11-03	9994	10640	9690	10322	379659	137925	0
2021-11-04	9822	10160	9604	9778	293763	135483	0
2021-11-05	9698	9730	9408	9416	248487	140250	0
2021-11-08	9602	9616	9322	9402	209122	140040	0
2021-11-09	9394	9488	9358	9370	145884	136980	0
2021-11-10	9024	9058	8706	8924	214411	145349	0
2021-11-11	9018	9534	8962	9332	226179	138374	0
2021-11-12	9154	9272	8940	8988	159914	136050	0
2021-11-15	8894	8900	8614	8684	143438	137230	0
2021-11-16	8708	8908	8556	8574	141024	136921	0
2021-11-17	8486	8662	8472	8512	115716	138288	0
2021-11-18	8478	8510	8094	8098	143293	140736	0
2021-11-19	8168	8368	8132	8272	154637	134791	0
2021-11-22	8434	8576	8364	8430	130950	129019	0
2021-11-23	8588	9156	8530	8954	257076	135477	0
2021-11-24	9138	9312	9138	9294	167920	130835	0
2021-11-25	9420	9538	9232	9302	149867	133343	0
2021-11-26	8918	9072	8536	8580	200795	128419	0
2021-11-29	8700	8992	8674	8810	196175	129687	0
2021-11-30	8878	8932	8480	8604	169090	125425	0
2021-12-01	8704	9170	8622	9018	215111	132331	0
2021-12-02	8760	8858	8598	8618	186790	132976	0
2021-12-03	8670	8876	8664	8750	184168	138165	0
2021-12-06	8864	8996	8556	8682	246716	152020	0
2021-12-07	8852	8868	8672	8672	203314	150018	0
2021-12-08	8590	8596	8256	8344	259649	162619	0
2021-12-09	8368	8458	8288	8368	148529	160005	0
2021-12-10	8432	8568	8354	8382	168187	152538	0
2021-12-13	8326	8432	8242	8396	176117	151883	0
2021-12-14	8416	8538	8340	8408	178866	150142	0
2021-12-15	8418	8422	8234	8296	159997	146478	0
2021-12-16	8346	8412	8308	8352	139349	138524	0
2021-12-17	8478	8602	8396	8402	196333	139193	0
2021-12-20	8450	8642	8424	8504	257210	142130	0
2021-12-21	8606	8666	8534	8542	232918	139446	0
2021-12-22	8598	8632	8184	8196	363345	166475	0
2021-12-23	8192	8338	8150	8260	212729	155172	0
2021-12-24	8334	8416	8258	8406	218640	140293	0
2021-12-27	8412	8486	8334	8410	228279	134048	0
2021-12-28	8458	8482	8354	8416	205822	126553	0
2021-12-29	8524	8718	8498	8694	292440	137364	0
2021-12-30	8654	8668	8460	8474	230407	127927	0
2021-12-31	8444	8458	8288	8300	233836	128426	0
2022-01-04	8332	8358	8222	8256	170088	140260	0
2022-01-05	8276	8364	8246	8254	163139	147138	0
2022-01-06	8268	8420	8268	8362	202967	151393	0
2022-01-07	8420	8598	8370	8508	222482	158459	0
2022-01-10	8496	8762	8474	8638	308119	171983	0
2022-01-11	8604	8628	8520	8622	203316	170637	0
2022-01-12	8738	8770	8650	8736	219623	178358	0
2022-01-13	8860	9324	8860	9042	597734	197071	0
2022-01-14	9152	9248	9056	9228	322096	203156	0
2022-01-17	9106	9142	8802	8906	333408	190160	0
2022-01-18	8882	9116	8810	9076	318926	193100	0
2022-01-19	9210	9346	9062	9082	351344	198593	0
2022-01-20	9186	9260	9072	9182	264380	198986	0
2022-01-21	9126	9230	8930	9014	337248	187892	0
2022-01-24	9090	9202	8888	8892	290587	182779	0
2022-01-25	8748	8816	8682	8684	248425	173420	0
2022-01-26	8572	8726	8566	8696	204001	176866	0
2022-01-27	8758	8822	8656	8680	232985	169774	0
2022-01-28	8774	9082	8770	9042	300402	166494	0
2022-02-07	9080	9388	9044	9332	301955	189216	0
2022-02-08	9450	9466	9196	9324	326771	200249	0
2022-02-09	9208	9208	9066	9082	224636	199548	0
2022-02-10	9154	9328	9150	9244	239966	218399	0
2022-02-11	9304	9356	8978	8982	316847	213218	0
2022-02-14	8906	9134	8902	8990	229480	213963	0
2022-02-15	8940	8988	8830	8918	248064	208688	0
2022-02-16	8980	9188	8950	9140	273706	212109	0
2022-02-17	9068	9180	9036	9126	261679	210472	0
2022-02-18	9248	9584	9240	9532	346519	237230	0
2022-02-21	9520	9596	9338	9502	344713	232791	0
2022-02-22	9594	9596	9254	9270	324640	227089	0
2022-02-23	9260	9386	9174	9364	278718	225484	0
2022-02-24	9374	9382	9222	9312	268739	219113	0
2022-02-25	9274	9364	8714	8784	458110	212921	0
2022-02-28	8848	9090	8844	9024	243467	205225	0
2022-03-01	9108	9344	9098	9318	311681	201833	0
2022-03-02	9418	9486	9262	9350	283594	198929	0
2022-03-03	9378	9502	9322	9360	301077	205839	0
2022-03-04	9290	9300	9084	9224	336669	207104	0
2022-03-07	9574	10044	9438	9900	557674	220053	0
2022-03-08	9866	10430	9844	10076	656799	222335	0
2022-03-09	10272	10284	9832	9922	402678	217696	0
2022-03-10	9628	10022	9554	9932	246759	235182	0
2022-03-11	9980	10152	9836	10020	272203	234489	0
2022-03-14	9810	9938	9698	9742	243387	234937	0
2022-03-15	9628	9650	9304	9348	289291	232191	0
2022-03-16	9536	9614	9370	9476	232748	231243	0
2022-03-17	9492	9548	9302	9360	196272	236932	0
2022-03-18	9454	9514	9334	9370	187579	239050	0
2022-03-21	9318	9384	9194	9206	199511	250373	0
2022-03-22	9238	9506	9190	9386	239030	240435	0
2022-03-23	9330	9418	9326	9372	137176	236162	0
2022-03-24	9540	9548	9374	9392	175054	242178	0
2022-03-25	9430	9802	9424	9768	248148	237813	0
2022-03-28	9768	10034	9766	9934	242115	247349	0
2022-03-29	9986	9992	9716	9920	203863	238519	0
2022-03-30	9890	9924	9798	9906	160804	241186	0
2022-03-31	9940	10136	9814	10022	286406	255303	0
2022-04-01	9936	10338	9910	10326	247480	245317	0
2022-04-06	10306	10562	10188	10436	283510	259397	0
2022-04-07	10364	10476	10216	10446	275127	254923	0
2022-04-08	10422	10822	10414	10764	443385	289129	0
2022-04-11	10664	10690	10262	10286	403274	259490	0
2022-04-12	10392	10498	10252	10466	341490	258638	0
2022-04-13	10448	10536	10266	10420	333863	256770	0
2022-04-14	10478	10710	10402	10558	321778	256756	0
2022-04-15	10636	11072	10524	11058	633607	293143	0
2022-04-18	11192	11230	10858	11100	485530	287042	0
2022-04-19	11080	11168	10718	10824	389001	291950	0
2022-04-20	10880	11122	10858	10960	296754	280115	0
2022-04-21	10992	11054	10852	10962	239395	283744	0
2022-04-22	10936	10936	10708	10836	250621	271708	0
2022-04-25	10444	10490	10046	10074	360046	254926	0
2022-04-26	10170	10294	10132	10170	201934	236272	0
2022-04-27	10292	10350	9832	9942	337521	247010	0
2022-04-28	9984	10014	9784	9938	246489	232781	0
2022-04-29	9928	10012	9806	9938	238023	242160	0
2022-05-05	9936	9942	9598	9724	284212	250992	0
2022-05-06	9516	9584	9212	9222	327286	276229	0
2022-05-09	9120	9216	9022	9124	289706	273781	0
2022-05-10	8896	8938	8676	8724	300904	275733	0
2022-05-11	8770	8956	8754	8810	230288	279248	0
2022-05-12	8920	8920	8582	8602	280335	288905	0
2022-05-13	8742	8870	8654	8690	298294	293144	0
2022-05-16	8820	8854	8736	8838	239054	287225	0
2022-05-17	8876	9094	8856	8958	277983	285842	0
2022-05-18	8882	8882	8756	8770	141235	286641	0
数据来源:通达信
