SML9 锰硅指数 日线 前复权
      日期	    开盘	    最高	    最低	    收盘	    成交量	    持仓量	    结算价
2014-08-11	6454	6518	6416	6450	85460	28100	0
2014-08-12	6426	6500	6404	6414	94142	34310	0
2014-08-13	6414	6454	6390	6424	43114	30718	0
2014-08-14	6418	6464	6354	6396	84526	30484	0
2014-08-15	6402	6426	6390	6412	28878	25008	0
2014-08-18	6418	6474	6400	6406	38546	21580	0
2014-08-19	6400	6410	6366	6388	22580	20890	0
2014-08-20	6382	6408	6356	6386	15940	21186	0
2014-08-21	6392	6404	6364	6372	6266	19958	0
2014-08-22	6372	6398	6368	6392	12854	13778	0
2014-08-25	6390	6442	6382	6430	24550	13566	0
2014-08-26	6434	6438	6404	6430	7486	12344	0
2014-08-27	6438	6450	6390	6390	10268	10038	0
2014-08-28	6392	6400	6362	6372	9022	10206	0
2014-08-29	6378	6382	6360	6364	3994	9046	0
2014-09-01	6364	6380	6360	6370	5310	10480	0
2014-09-02	6350	6362	6326	6338	5962	11948	0
2014-09-03	6320	6344	6320	6332	4740	13754	0
2014-09-04	6330	6348	6310	6330	3942	13618	0
2014-09-05	6336	6342	6324	6324	2214	14462	0
2014-09-09	6320	6322	6274	6290	6732	16906	0
2014-09-10	6244	6300	6244	6294	4494	16660	0
2014-09-11	6292	6294	6260	6260	1696	16712	0
2014-09-12	6266	6282	6250	6282	1312	16876	0
2014-09-15	6266	6340	6264	6340	2730	16016	0
2014-09-16	6338	6346	6302	6302	1338	16060	0
2014-09-17	6322	6322	6286	6290	788	16128	0
2014-09-18	6274	6290	6244	6248	2030	16432	0
2014-09-19	6246	6246	6110	6120	2208	16820	0
2014-09-22	6072	6088	6002	6026	5446	16920	0
2014-09-23	6022	6120	6022	6036	1182	16880	0
2014-09-24	6040	6102	6030	6094	1262	16810	0
2014-09-25	6102	6126	5980	6010	4284	17974	0
2014-09-26	5994	6052	5944	6042	1988	17576	0
2014-09-29	6036	6076	6012	6066	1082	17278	0
2014-09-30	6090	6092	6050	6080	492	17050	0
2014-10-08	6162	6162	6070	6078	606	16976	0
2014-10-09	6072	6168	6072	6164	1738	16850	0
2014-10-10	6152	6166	6120	6142	934	16678	0
2014-10-13	6146	6312	6146	6234	2908	16488	0
2014-10-14	6242	6246	6166	6196	1126	16094	0
2014-10-15	6196	6206	6156	6172	968	16114	0
2014-10-16	6130	6180	6120	6156	938	16020	0
2014-10-17	6178	6292	6178	6206	1656	15928	0
2014-10-20	6164	6208	6164	6176	1040	15790	0
2014-10-21	6164	6196	6164	6186	580	15694	0
2014-10-22	6166	6202	6132	6134	1048	15628	0
2014-10-23	6134	6186	6118	6184	730	15572	0
2014-10-24	6220	6220	6182	6206	970	15322	0
2014-10-27	6204	6216	6178	6188	512	15218	0
2014-10-28	6198	6202	6180	6188	402	15108	0
2014-10-29	6172	6210	6172	6198	496	14872	0
2014-10-30	6204	6208	6172	6172	602	14786	0
2014-10-31	6186	6188	6122	6142	588	14820	0
2014-11-03	6118	6166	6116	6166	1412	14960	0
2014-11-04	6148	6232	6138	6186	1536	14934	0
2014-11-05	6192	6206	6166	6166	688	14886	0
2014-11-06	6160	6208	6154	6194	454	14904	0
2014-11-07	6214	6218	6182	6198	284	14824	0
2014-11-10	6200	6210	6126	6180	712	14738	0
2014-11-11	6192	6194	6164	6184	202	14706	0
2014-11-12	6192	6212	6182	6198	614	14596	0
2014-11-13	6194	6204	6166	6196	360	14554	0
2014-11-14	6202	6206	6170	6196	270	14506	0
2014-11-17	6186	6198	6180	6184	80	14446	0
2014-11-18	6178	6188	6174	6176	532	14296	0
2014-11-19	6186	6206	6176	6206	1548	13302	0
2014-11-20	6200	6208	6182	6194	3452	10286	0
2014-11-21	6202	6202	6184	6192	2782	7696	0
2014-11-24	6206	6208	6180	6182	2120	6026	0
2014-11-25	6160	6194	6160	6194	278	5998	0
2014-11-26	6212	6214	6190	6204	428	5888	0
2014-11-27	6196	6242	6146	6224	1078	5918	0
2014-11-28	6192	6212	6158	6188	1066	5854	0
2014-12-01	6092	6214	6088	6184	1238	6010	0
2014-12-02	6172	6206	6166	6188	418	5990	0
2014-12-03	6158	6184	6154	6164	2944	7120	0
2014-12-04	6146	6206	6146	6178	1836	7696	0
2014-12-05	6168	6178	6150	6158	464	7878	0
2014-12-08	6158	6178	6144	6144	356	7880	0
2014-12-09	6152	6188	6120	6156	350	7874	0
2014-12-10	6182	6192	6154	6162	214	7848	0
2014-12-11	6190	6190	6146	6172	170	7806	0
2014-12-12	6170	6170	6118	6142	168	7798	0
2014-12-15	6134	6178	6126	6168	94	7796	0
2014-12-16	6176	6176	6136	6138	36	7798	0
2014-12-17	6062	6194	6062	6170	328	7886	0
2014-12-18	6162	6200	6096	6118	252	7876	0
2014-12-19	6114	6158	6114	6120	30	7856	0
2014-12-22	6116	6154	6116	6116	106	7816	0
2014-12-23	6146	6146	6118	6124	104	7792	0
2014-12-24	6132	6132	6124	6124	46	7750	0
2014-12-25	6028	6138	6028	6114	84	7720	0
2014-12-26	6136	6154	6112	6114	66	7720	0
2014-12-29	6104	6154	6096	6098	184	7638	0
2014-12-30	6110	6150	6096	6146	36	7628	0
2014-12-31	6118	6164	6048	6124	2804	7626	0
2015-01-05	6044	6044	6044	6044	4	7622	0
2015-01-06	5996	6094	5996	6094	148	7622	0
2015-01-07	6142	6142	5978	5978	426	7622	0
2015-01-08	5950	5950	5950	5950	212	7622	0
2015-01-12	6152	6152	6152	6152	386	7622	0
2015-01-13	6152	6152	6152	6152	4	7626	0
2015-01-14	6152	6152	6152	6152	8	7626	0
2015-01-15	6152	6152	6152	6152	8	7618	0
2015-01-16	6152	6152	6152	6152	8	7618	0
2015-01-19	5834	5854	5808	5826	24	260	0
2015-01-20	5790	5922	5790	5802	6	260	0
2015-01-21	5762	5774	5762	5774	4	260	0
2015-01-23	5754	5754	5754	5754	2	258	0
2015-01-27	5644	5808	5644	5644	8	258	0
2015-01-28	5600	5620	5458	5610	4070	4256	0
2015-01-29	5602	5618	5570	5592	72	4278	0
2015-01-30	5678	5678	5598	5598	44	4278	0
2015-02-02	5800	5800	5650	5726	1098	5308	0
2015-02-03	5748	5768	5620	5680	858	5298	0
2015-02-04	5518	5674	5518	5632	24	5292	0
2015-02-05	5568	5588	5568	5588	4	5290	0
2015-02-06	5632	5632	5622	5622	4	5290	0
2015-02-09	5618	5618	5560	5560	112	5184	0
2015-02-10	5564	5614	5550	5614	1050	4768	0
2015-02-11	5626	5626	5626	5626	2	4766	0
2015-02-12	5612	5650	5612	5650	18	4756	0
2015-02-16	5648	5648	5648	5648	2	4756	0
2015-02-17	5588	5588	5588	5588	6	4750	0
2015-03-02	5510	5558	5510	5558	2306	4556	0
2015-03-03	5646	5652	5520	5652	34	4556	0
2015-03-05	5602	5602	5602	5602	4	4552	0
2015-03-06	5642	5642	5520	5640	8	4554	0
2015-03-09	5650	5650	5604	5648	1038	4932	0
2015-03-10	5650	5654	5530	5598	2420	6632	0
2015-03-11	5520	5580	5520	5580	3206	4332	0
2015-03-12	5648	5648	5522	5618	10	4328	0
2015-03-13	5646	5646	5572	5582	6	4324	0
2015-03-17	5660	5660	5610	5610	30	4336	0
2015-03-18	5560	5560	5560	5560	2	4334	0
2015-03-19	5636	5636	5600	5600	30	4312	0
2015-03-20	5582	5602	5582	5602	6	4310	0
2015-03-23	5430	5580	5430	5580	16	4298	0
2015-03-24	5598	5598	5598	5598	2	4296	0
2015-03-25	5596	5596	5596	5596	2	4294	0
2015-03-26	5574	5622	5572	5580	92	4218	0
2015-03-27	5446	5494	5404	5494	16	4224	0
2015-03-30	5498	5648	5422	5490	16	4216	0
2015-03-31	5412	5450	5412	5450	614	3614	0
2015-04-02	5342	5342	5342	5342	2	3616	0
2015-04-03	5170	5430	5170	5420	18	3616	0
2015-04-07	5428	5438	5398	5398	184	3612	0
2015-04-08	5374	5440	5264	5352	2022	1602	0
2015-04-09	5380	5380	5380	5380	80	1522	0
2015-04-10	5256	5356	5188	5262	20	1518	0
2015-04-13	5076	5436	5076	5436	24	1516	0
2015-04-14	5380	5410	5380	5410	4	1512	0
2015-04-15	5420	5420	5420	5420	2	1512	0
2015-04-16	5500	5500	5252	5448	10	1506	0
2015-04-17	5386	5388	5226	5226	6	1502	0
2015-04-20	5458	5458	5200	5300	36	1494	0
2015-04-21	5386	5386	5356	5356	20	1478	0
2015-04-22	5380	5432	5352	5398	12	1474	0
2015-04-23	5398	5398	5380	5380	12	1462	0
2015-04-24	5356	5462	5356	5380	408	1058	0
2015-04-27	5488	5596	5488	5566	78	1072	0
2015-04-28	5590	5590	5328	5396	90	1014	0
2015-04-29	5320	5436	5300	5368	1016	20	0
2015-05-06	5920	5920	5900	5900	8	4	0
2015-05-12	5750	5966	5750	5966	4	4	0
2015-05-13	5946	5946	5816	5816	4	4	0
2015-05-15	5652	5882	5562	5656	10	6	0
2015-05-19	5522	5628	5440	5580	16	6	0
2015-05-20	5416	5520	5416	5520	4	6	0
2015-05-22	5560	5560	5560	5560	2	4	0
2015-05-29	5476	5500	5460	5500	8	6	0
2015-06-02	5560	5580	5560	5580	6	4	0
2015-06-04	5532	5660	5470	5470	6	6	0
2015-06-08	5508	5508	5508	5508	2	8	0
2015-06-12	5496	5496	5364	5364	4	10	0
2015-06-24	5446	5494	5266	5276	20	14	0
2015-06-25	5350	5370	5304	5370	8	10	0
2015-06-26	5326	5362	5326	5362	2	8	0
2015-06-30	5150	5150	4874	4890	12	16	0
2015-07-01	4968	5068	4960	4966	24	10	0
2015-07-02	4986	5220	4902	5218	26	14	0
2015-07-03	5158	5158	5126	5126	4	14	0
2015-07-06	5128	5204	5068	5186	28	14	0
2015-07-07	5234	5234	5168	5168	4	14	0
2015-07-13	5242	5314	5242	5314	14	14	0
2015-07-14	5352	5558	5210	5558	14	4	0
2015-07-15	5514	5514	5514	5514	2	4	0
2015-07-28	5264	5264	5264	5264	2	6	0
2015-07-29	5260	5260	5098	5258	6	8	0
2015-07-30	5178	5448	5110	5290	28	6	0
2015-08-03	5350	5350	5350	5350	4	8	0
2015-08-06	5330	5330	5220	5248	26	14	0
2015-08-07	5350	5350	5350	5350	4	12	0
2015-08-10	5252	5252	5252	5252	10	8	0
2015-08-12	5304	5304	5300	5300	4	6	0
2015-08-13	5380	5380	5302	5302	6	6	0
2015-08-14	5342	5342	5342	5342	2	6	0
2015-08-17	5314	5438	5230	5318	12	6	0
2015-08-18	5216	5230	5216	5230	2	4	0
2015-08-19	5028	5326	5028	5326	4	2	0
2015-08-21	5448	5550	5184	5184	10	2	0
2015-08-24	5164	5164	5164	5164	2	2	0
2015-08-25	4956	5372	4956	5182	34	4	0
2015-08-26	5360	5360	5360	5360	2	4	0
2015-08-27	5424	5424	5298	5298	4	2	0
2015-08-31	5146	5146	5146	5146	2	4	0
2015-09-01	4950	5350	4950	5350	8	6	0
2015-09-02	5000	5298	5000	5008	8	4	0
2015-09-07	5010	5198	5010	5050	22	6	0
2015-09-09	5146	5146	5012	5142	12	8	0
2015-09-16	4892	5044	4892	5044	4	8	0
2015-09-17	5046	5046	5046	5046	2	8	0
2015-09-25	5146	5146	5146	5146	2	8	0
2015-09-28	4942	4998	4942	4944	6	10	0
2015-09-30	4900	4900	4900	4900	2	12	0
2015-10-08	4724	4724	4680	4680	16	20	0
2015-10-09	4522	4636	4512	4560	114	72	0
2015-10-12	4562	4562	4482	4532	12	74	0
2015-10-13	4400	4400	4400	4400	2	74	0
2015-10-14	4340	4378	4300	4376	14	74	0
2015-10-15	4404	4404	4304	4304	8	76	0
2015-10-16	4300	4308	4260	4306	14	80	0
2015-10-19	4300	4348	4252	4252	32	88	0
2015-10-20	4310	4310	4138	4144	66	120	0
2015-10-21	4100	4140	4026	4034	102	174	0
2015-10-22	4150	4150	4000	4038	82	164	0
2015-10-23	4000	4068	3982	4068	28	156	0
2015-10-26	4000	4000	3966	3996	38	166	0
2015-10-27	3998	3998	3882	3890	62	200	0
2015-10-28	3892	3892	3796	3798	128	242	0
2015-10-29	3800	3810	3660	3660	536	470	0
2015-10-30	3646	3788	3456	3762	2286	654	0
2015-11-02	3830	3830	3830	3830	326	554	0
2015-11-03	3958	4080	3932	4080	4382	1254	0
2015-11-04	4084	4100	3990	4048	6146	1642	0
2015-11-05	4024	4090	3990	4028	4274	1732	0
2015-11-06	4008	4050	3976	3998	3318	1434	0
2015-11-09	3998	4074	3998	4026	1936	1188	0
2015-11-10	4030	4040	4002	4026	862	1014	0
2015-11-11	4022	4032	3858	3860	3392	1690	0
2015-11-12	3816	3838	3660	3716	8198	1928	0
2015-11-13	3710	3826	3696	3746	3470	1890	0
2015-11-16	3786	3870	3768	3838	2930	1784	0
2015-11-17	3824	3844	3718	3814	3788	1882	0
2015-11-18	3810	3840	3776	3812	1870	1854	0
2015-11-19	3798	3802	3682	3728	3440	2256	0
2015-11-20	3742	3820	3702	3786	2336	2180	0
2015-11-23	3786	3802	3660	3742	3256	2518	0
2015-11-24	3744	3812	3706	3778	2896	1874	0
2015-11-25	3860	3908	3768	3794	2220	1428	0
2015-11-26	3780	3888	3770	3770	2072	1556	0
2015-11-27	3750	3778	3690	3750	2156	1480	0
2015-11-30	3748	3778	3662	3746	800	1458	0
2015-12-01	3746	3778	3710	3760	648	1408	0
2015-12-02	3752	3762	3692	3718	1998	1302	0
2015-12-03	3724	3724	3634	3656	816	1340	0
2015-12-04	3654	3794	3630	3684	922	1142	0
2015-12-07	3684	3762	3684	3710	734	1130	0
2015-12-08	3664	3712	3652	3682	628	920	0
2015-12-09	3682	3714	3654	3656	486	856	0
2015-12-10	3638	3658	3636	3646	172	808	0
2015-12-11	3642	3690	3640	3662	324	726	0
2015-12-14	3662	3720	3662	3692	626	650	0
2015-12-15	3680	3748	3678	3740	358	592	0
2015-12-16	3732	3742	3702	3714	124	560	0
2015-12-17	3730	3748	3706	3714	100	536	0
2015-12-18	3664	3762	3664	3720	176	462	0
2015-12-21	3730	3878	3730	3878	312	406	0
2015-12-22	3842	3958	3814	3938	268	408	0
2015-12-23	3934	3982	3918	3946	324	442	0
2015-12-24	3920	3942	3870	3898	478	302	0
2015-12-25	3878	3910	3868	3890	104	290	0
2015-12-28	3878	3878	3844	3860	60	294	0
2015-12-29	3860	3918	3832	3832	164	214	0
2015-12-30	3830	3910	3830	3902	106	214	0
2015-12-31	3902	3954	3794	3816	328	220	0
2016-01-05	3794	3828	3762	3798	110	294	0
2016-01-06	3758	3850	3758	3828	88	266	0
2016-01-07	3842	3846	3794	3798	52	262	0
2016-01-08	3826	3964	3826	3960	624	334	0
2016-01-11	3932	4104	3932	4076	306	352	0
2016-01-12	4060	4120	4004	4092	328	362	0
2016-01-13	4090	4122	4076	4114	288	458	0
2016-01-14	4122	4270	4116	4270	1226	632	0
2016-01-15	4310	4394	4200	4244	3670	832	0
2016-01-18	4276	4324	4186	4248	1718	698	0
2016-01-19	4268	4294	4210	4260	706	682	0
2016-01-20	4222	4238	4170	4218	566	690	0
2016-01-21	4204	4306	4204	4262	876	702	0
2016-01-22	4304	4354	4260	4300	1370	766	0
2016-01-25	4298	4330	4266	4284	310	740	0
2016-01-26	4266	4342	4266	4318	552	738	0
2016-01-27	4336	4364	4312	4318	460	708	0
2016-01-28	4234	4340	4234	4274	294	634	0
2016-01-29	4278	4342	4250	4340	740	662	0
2016-02-01	4368	4368	4316	4340	326	668	0
2016-02-02	4358	4362	4308	4328	222	640	0
2016-02-03	4306	4356	4304	4348	252	624	0
2016-02-04	4382	4444	4366	4378	534	600	0
2016-02-05	4400	4440	4378	4440	204	566	0
2016-02-15	4408	4446	4402	4446	70	574	0
2016-02-16	4450	4512	4412	4440	120	562	0
2016-02-17	4416	4440	4416	4420	90	550	0
2016-02-18	4422	4456	4416	4416	48	544	0
2016-02-19	4442	4506	4440	4506	200	610	0
2016-02-22	4542	4614	4542	4614	306	662	0
2016-02-23	4590	4598	4526	4546	180	620	0
2016-02-24	4538	4582	4536	4574	72	602	0
2016-02-25	4614	4626	4528	4548	274	536	0
2016-02-26	4550	4588	4496	4582	222	570	0
2016-02-29	4626	4688	4606	4662	156	640	0
2016-03-01	4702	4826	4672	4826	730	700	0
2016-03-02	4826	4972	4804	4972	1572	1654	0
2016-03-03	5128	5176	5044	5066	3134	1412	0
2016-03-04	5118	5190	4998	5116	2232	1224	0
2016-03-07	5298	5300	5298	5298	178	1144	0
2016-03-08	5668	5670	5354	5548	1796	1268	0
2016-03-09	5322	5424	5320	5320	1774	1380	0
2016-03-10	5484	5484	5162	5180	1086	1372	0
2016-03-11	5220	5316	5140	5238	702	1400	0
2016-03-14	5230	5348	5204	5218	750	1370	0
2016-03-15	5228	5348	5214	5298	1704	1164	0
2016-03-16	5342	5458	5306	5446	1152	1298	0
2016-03-17	5510	5570	5440	5536	2216	1288	0
2016-03-18	5614	5638	5542	5568	1238	1214	0
2016-03-21	5530	5592	5360	5360	2250	948	0
2016-03-22	5318	5500	5318	5456	1390	1264	0
2016-03-23	5498	5520	5376	5376	1122	1092	0
2016-03-24	5264	5440	5254	5412	1684	1442	0
2016-03-25	5448	5484	5418	5464	714	1368	0
2016-03-28	5482	5512	5242	5290	2240	1720	0
2016-03-29	5346	5410	5282	5318	1218	1438	0
2016-03-30	5294	5364	5272	5324	674	1338	0
2016-03-31	5336	5340	5254	5286	864	1230	0
2016-04-01	5330	5494	5330	5392	872	1112	0
2016-04-05	5338	5418	5290	5338	312	1090	0
2016-04-06	5382	5382	5290	5340	324	998	0
2016-04-07	5322	5354	5294	5320	664	946	0
2016-04-08	5308	5350	5234	5292	1210	814	0
2016-04-11	5330	5370	5286	5318	694	786	0
2016-04-12	5320	5356	5290	5330	688	686	0
2016-04-13	5352	5524	5352	5416	876	762	0
2016-04-14	5436	5558	5402	5444	568	816	0
2016-04-15	5476	5476	5278	5278	650	766	0
2016-04-18	5200	5386	5194	5312	590	620	0
2016-04-19	5322	5348	5214	5286	238	588	0
2016-04-20	5318	5452	5308	5394	428	514	0
2016-04-21	5488	5514	5396	5462	714	366	0
2016-04-22	5406	5436	5332	5374	192	330	0
2016-04-25	5342	5446	5326	5446	158	294	0
2016-04-26	5352	5470	5352	5466	168	282	0
2016-04-27	5492	5502	5388	5404	166	274	0
2016-04-28	5356	5424	5330	5352	110	262	0
2016-04-29	5360	5508	5152	5230	306	166	0
2016-05-03	5296	5298	5112	5144	96	184	0
2016-05-04	5140	5140	5016	5066	176	210	0
2016-05-05	5072	5072	5030	5040	66	218	0
2016-05-06	5004	5004	4894	4910	112	250	0
2016-05-09	4872	4872	4750	4756	154	276	0
2016-05-10	4696	4842	4688	4792	226	268	0
2016-05-11	4846	4862	4620	4658	354	208	0
2016-05-12	4612	4646	4600	4606	78	184	0
2016-05-13	4492	4658	4444	4658	198	166	0
2016-05-16	4624	4690	4612	4678	72	144	0
2016-05-17	4636	4690	4624	4662	82	128	0
2016-05-18	4718	4718	4538	4568	102	120	0
2016-05-19	4568	4622	4566	4582	26	124	0
2016-05-20	4548	4580	4502	4534	24	120	0
2016-05-23	4514	4538	4464	4518	52	124	0
2016-05-24	4538	4562	4524	4546	46	104	0
2016-05-25	4526	4582	4526	4552	44	96	0
2016-05-26	4580	4580	4540	4578	8	94	0
2016-05-27	4580	4580	4542	4554	36	98	0
2016-05-30	4578	4586	4552	4582	26	92	0
2016-05-31	4584	4600	4566	4574	12	84	0
2016-06-02	4638	4768	4594	4764	120	120	0
2016-06-03	4816	4846	4736	4736	166	146	0
2016-06-06	4734	4766	4698	4698	22	138	0
2016-06-07	4714	4714	4628	4644	110	122	0
2016-06-08	4650	4650	4608	4608	24	114	0
2016-06-14	4608	4640	4608	4610	14	132	0
2016-06-15	4608	4638	4608	4628	46	118	0
2016-06-16	4632	4650	4624	4648	20	122	0
2016-06-17	4620	4650	4620	4620	22	122	0
2016-06-20	4650	4660	4636	4642	8	122	0
2016-06-21	4642	4698	4642	4678	66	158	0
2016-06-22	4666	4696	4618	4622	12	150	0
2016-06-23	4648	4670	4614	4644	14	152	0
2016-06-24	4618	4660	4614	4650	20	148	0
2016-06-27	4618	4740	4618	4700	128	166	0
2016-06-28	4750	4758	4706	4758	20	166	0
2016-06-29	4710	4738	4686	4700	38	166	0
2016-06-30	4678	4726	4674	4674	76	144	0
2016-07-01	4660	4730	4660	4726	28	140	0
2016-07-05	4744	4744	4644	4658	188	174	0
2016-07-06	4634	4654	4522	4654	54	154	0
2016-07-07	4610	4688	4610	4620	54	144	0
2016-07-08	4640	4684	4600	4636	78	114	0
2016-07-11	4708	4796	4624	4760	110	116	0
2016-07-12	4754	4806	4752	4784	30	114	0
2016-07-13	4838	4880	4756	4756	84	120	0
2016-07-14	4756	4780	4754	4780	12	116	0
2016-07-15	4748	4804	4748	4804	4	114	0
2016-07-18	4812	4878	4742	4840	176	174	0
2016-07-19	4888	5042	4888	5040	562	444	0
2016-07-20	5078	5194	5078	5194	1342	1148	0
2016-07-21	5390	5550	5002	5550	3524	2286	0
2016-07-22	5604	5670	5500	5648	6084	3862	0
2016-07-25	5610	5832	5590	5832	7614	6522	0
2016-07-26	5822	6084	5822	5930	25922	8928	0
2016-07-27	5936	5974	5866	5958	23092	11490	0
2016-07-28	5976	6070	5928	6026	18670	11960	0
2016-07-29	6054	6064	5866	5896	21516	11788	0
2016-08-01	5970	5990	5766	5940	27102	12252	0
2016-08-02	5928	6104	5916	6104	19792	14430	0
2016-08-03	6192	6434	6168	6316	73658	19952	0
2016-08-04	6368	6378	6194	6226	86926	27132	0
2016-08-05	6300	6496	6280	6402	74694	28032	0
2016-08-08	6400	6450	6310	6352	30330	27128	0
2016-08-09	6358	6488	6234	6290	54610	26954	0
2016-08-10	6318	6356	6220	6294	33270	24618	0
2016-08-11	6240	6304	6226	6278	14488	24382	0
2016-08-12	6286	6286	6232	6272	10456	22866	0
2016-08-15	6086	6096	5992	6050	18426	22314	0
2016-08-16	6100	6192	6054	6150	12576	19924	0
2016-08-17	6196	6244	6106	6126	12506	17462	0
2016-08-18	6106	6128	6054	6096	8596	13268	0
2016-08-19	6080	6102	6046	6062	4966	11720	0
2016-08-22	6056	6064	5994	5998	3424	10114	0
2016-08-23	6002	6008	5970	6004	3652	8478	0
2016-08-24	5996	6036	5972	5982	3816	6818	0
2016-08-25	5964	6064	5938	6036	5142	5792	0
2016-08-26	6076	6116	6016	6042	4868	4812	0
2016-08-29	6034	6034	5882	5896	3152	4508	0
2016-08-30	5870	5874	5676	5680	5654	4134	0
2016-08-31	5680	5824	5666	5666	6390	3248	0
2016-09-01	5736	5790	5638	5698	2550	3400	0
2016-09-02	5724	5778	5706	5714	1906	3256	0
2016-09-05	5752	5840	5752	5792	2150	3292	0
2016-09-06	5834	5840	5718	5740	1450	3116	0
2016-09-07	5732	5736	5638	5692	2396	2874	0
2016-09-08	5666	5832	5654	5826	7786	3918	0
2016-09-09	5884	5912	5820	5890	8234	3990	0
2016-09-12	5874	5888	5770	5842	5938	3360	0
2016-09-13	5848	5954	5826	5946	10796	3800	0
2016-09-14	5940	5968	5840	5938	10482	4180	0
2016-09-19	5910	5962	5852	5900	7910	3798	0
2016-09-20	5952	6274	5936	6274	25534	7636	0
2016-09-21	6294	6428	6278	6380	31676	10472	0
2016-09-22	6408	6522	6362	6416	26892	10764	0
2016-09-23	6434	6526	6392	6504	32034	14414	0
2016-09-26	6560	6826	6560	6824	43970	20640	0
2016-09-27	6904	6916	6700	6760	52656	18682	0
2016-09-28	6760	6928	6760	6926	51570	22154	0
2016-09-29	6968	6972	6790	6856	39992	18612	0
2016-09-30	6818	6914	6794	6876	24992	17856	0
2016-10-10	6886	6892	6774	6886	18180	19202	0
2016-10-11	6958	7106	6860	7102	44320	24764	0
2016-10-12	7062	7220	6982	7078	94550	31946	0
2016-10-13	7102	7150	7076	7110	29804	33064	0
2016-10-14	7118	7158	7066	7132	21440	33426	0
2016-10-17	7230	7544	7224	7544	58628	37146	0
2016-10-18	7516	7650	7488	7574	50998	37100	0
2016-10-19	7658	7730	7492	7614	41302	36838	0
2016-10-20	7652	7670	7580	7626	21790	37808	0
2016-10-21	7538	7546	7386	7440	39168	36588	0
2016-10-24	7492	7640	7394	7638	34136	38802	0
2016-10-25	7694	7976	7670	7976	41764	37240	0
2016-10-26	7862	8034	7820	7912	52266	37078	0
2016-10-27	7976	7986	7668	7700	53848	32976	0
2016-10-28	7756	7904	7748	7834	33256	34016	0
2016-10-31	7772	7884	7750	7864	20552	34570	0
2016-11-01	7892	7910	7804	7810	25318	33522	0
2016-11-02	7840	8062	7828	7924	52932	33186	0
2016-11-03	7952	8036	7878	7974	37004	31450	0
2016-11-04	8038	8060	7906	7942	23380	29582	0
2016-11-07	7972	8254	7948	8076	37264	28124	0
2016-11-08	8164	8190	8004	8088	24820	27386	0
2016-11-09	8188	8258	8092	8252	22298	26018	0
2016-11-10	8230	8328	8088	8274	29270	25258	0
2016-11-11	8296	8498	8250	8410	18658	26530	0
2016-11-14	8250	8572	8200	8484	52814	25162	0
2016-11-15	8508	8542	8178	8294	44264	24856	0
2016-11-16	8382	8432	8168	8428	33306	24728	0
2016-11-17	8328	8362	8276	8348	24338	24800	0
2016-11-18	8330	8338	8070	8214	65392	24944	0
2016-11-21	8108	8320	8080	8228	35154	24788	0
2016-11-22	8320	8522	8294	8450	33896	18680	0
2016-11-23	8494	8508	8388	8504	22262	17376	0
2016-11-24	8568	8658	8536	8588	23908	17490	0
2016-11-25	8632	8642	8560	8620	13208	17404	0
2016-11-28	8638	8704	8592	8642	13258	17316	0
2016-11-29	8600	8634	8516	8596	20108	16758	0
2016-11-30	8514	8554	8398	8506	42220	19878	0
2016-12-01	8548	8630	8518	8606	16328	18694	0
2016-12-02	8574	8582	8442	8510	21118	18312	0
2016-12-05	8492	8556	8430	8542	14140	18324	0
2016-12-06	8550	8578	8452	8524	13184	18392	0
2016-12-07	8548	8578	8416	8420	12338	18652	0
2016-12-08	8366	8378	8144	8168	28510	20970	0
2016-12-09	8128	8238	8068	8154	19986	21344	0
2016-12-12	8230	8246	7940	7944	18366	22958	0
2016-12-13	7924	8042	7906	7974	9636	23590	0
2016-12-14	7878	7978	7872	7918	7092	23506	0
2016-12-15	7914	8016	7908	7942	7838	22764	0
2016-12-16	7944	7976	7886	7890	4678	21276	0
2016-12-19	7892	7934	7878	7892	7256	20194	0
2016-12-20	7866	7896	7776	7782	8352	19070	0
2016-12-21	7780	7810	7732	7740	5398	17964	0
2016-12-22	7710	7748	7622	7622	7286	18244	0
2016-12-23	7634	7688	7598	7624	6376	18748	0
2016-12-26	7622	7622	7224	7224	15490	19400	0
2016-12-27	7190	7336	7112	7334	22450	20230	0
2016-12-28	7480	7480	7254	7294	16194	19274	0
2016-12-29	7270	7294	7050	7052	21294	20366	0
2016-12-30	6952	7080	6914	6952	12802	20274	0
2017-01-02	6952	6952	6952	6952	12802	20274	0
2017-01-03	6896	6998	6542	6548	26584	24234	0
2017-01-04	6538	6598	6414	6522	28668	24020	0
2017-01-05	6588	6618	6476	6482	19020	24318	0
2017-01-06	6496	6566	6340	6384	27322	27804	0
2017-01-09	6394	6452	6282	6344	28948	28904	0
2017-01-10	6412	6456	6274	6376	53050	37258	0
2017-01-11	6410	6538	6404	6458	50800	38262	0
2017-01-12	6492	6840	6476	6712	86842	42854	0
2017-01-13	6742	6808	6616	6628	36738	43576	0
2017-01-16	6828	6860	6762	6812	48378	44652	0
2017-01-17	6764	6788	6468	6566	42668	45218	0
2017-01-18	6620	6686	6542	6658	38290	46718	0
2017-01-19	6628	6642	6552	6582	24304	46006	0
2017-01-20	6520	6622	6520	6544	20600	44010	0
2017-01-23	6538	6618	6418	6452	23918	47684	0
2017-01-24	6488	6604	6484	6518	33000	49912	0
2017-01-25	6510	6578	6454	6468	24814	48260	0
2017-01-26	6500	6506	6368	6396	21844	47510	0
2017-02-03	6418	6478	6300	6320	20912	48118	0
2017-02-06	6318	6404	6312	6380	21346	50956	0
2017-02-07	6380	6466	6376	6418	32578	56212	0
2017-02-08	6432	6546	6428	6492	35576	59144	0
2017-02-09	6524	6538	6430	6466	39218	60806	0
2017-02-10	6488	6576	6454	6498	64380	65422	0
2017-02-13	6588	6670	6566	6620	72348	69906	0
2017-02-14	6596	6638	6376	6436	57490	72650	0
2017-02-15	6322	6380	6102	6102	91414	69890	0
2017-02-16	6068	6132	6008	6016	77602	66514	0
2017-02-17	6050	6116	5984	6022	66912	69122	0
2017-02-20	6094	6100	6038	6078	42772	69648	0
2017-02-21	6108	6122	5906	5988	80236	71720	0
2017-02-22	5956	5964	5908	5924	39744	74294	0
2017-02-23	5948	5994	5862	5884	53676	77644	0
2017-02-24	5826	5840	5778	5828	43732	79110	0
2017-02-27	5840	5930	5766	5844	99156	96656	0
2017-02-28	5828	5872	5810	5844	61308	95750	0
2017-03-01	5866	5884	5794	5798	71618	103078	0
2017-03-02	5818	5902	5812	5844	87858	102014	0
2017-03-03	5796	5944	5796	5910	102158	103570	0
2017-03-06	5958	6124	5950	6056	119608	100968	0
2017-03-07	6066	6118	6044	6088	62682	98486	0
2017-03-08	6060	6136	6052	6064	87818	93552	0
2017-03-09	6072	6332	6064	6332	162536	102402	0
2017-03-10	6376	6542	6304	6332	298170	94410	0
2017-03-13	6308	6452	6302	6400	121640	97310	0
2017-03-14	6502	6664	6502	6636	176720	102334	0
2017-03-15	6720	6980	6664	6980	248700	116010	0
2017-03-16	7050	7054	6892	6900	263278	109386	0
2017-03-17	6864	7186	6864	7162	347708	120334	0
2017-03-20	7196	7286	7114	7220	342934	124410	0
2017-03-21	7192	7224	6798	6810	431126	96466	0
2017-03-22	6764	6878	6632	6724	470424	95760	0
2017-03-23	6838	6904	6636	6660	363420	91688	0
2017-03-24	6726	6726	6634	6684	210752	89394	0
2017-03-27	6590	6814	6576	6806	348138	101052	0
2017-03-28	6874	7056	6856	7056	413382	111922	0
2017-03-29	7144	7156	7034	7060	373956	109836	0
2017-03-30	7106	7106	6926	6954	299960	102096	0
2017-03-31	6982	7066	6780	6784	320158	88646	0
2017-04-05	6776	6942	6774	6936	189878	89338	0
2017-04-06	6924	7022	6886	6890	194212	94376	0
2017-04-07	6718	6796	6576	6584	252544	79518	0
2017-04-10	6610	6612	6324	6330	195350	75516	0
2017-04-11	6324	6396	6258	6260	121174	72632	0
2017-04-12	6222	6238	5944	5944	196584	79014	0
2017-04-13	5990	6156	5912	6064	206554	72818	0
2017-04-14	6128	6138	5774	5814	310574	86450	0
2017-04-17	5844	5914	5728	5756	225864	86246	0
2017-04-18	5748	5766	5610	5668	226528	84164	0
2017-04-19	5640	5820	5636	5774	290634	78618	0
2017-04-20	5756	5876	5686	5846	340054	73792	0
2017-04-21	5908	6002	5872	5958	276072	72278	0
2017-04-24	5910	5932	5804	5908	238618	68430	0
2017-04-25	5886	6084	5824	6072	330058	79444	0
2017-04-26	6134	6320	6132	6282	348934	86372	0
2017-04-27	6300	6438	6222	6428	398532	92744	0
2017-04-28	6444	6466	6320	6372	451782	83972	0
2017-05-02	6372	6448	6244	6284	367204	88306	0
2017-05-03	6286	6420	6170	6418	523306	95864	0
2017-05-04	6254	6360	6046	6216	994356	97168	0
2017-05-05	6172	6358	6128	6314	919028	101064	0
2017-05-08	6402	6504	6346	6422	666500	103608	0
2017-05-09	6426	6464	6232	6358	689676	106436	0
2017-05-10	6376	6404	6258	6366	726420	108552	0
2017-05-11	6294	6378	6194	6344	803366	110278	0
2017-05-12	6280	6380	6270	6360	514528	110620	0
2017-05-15	6412	6482	6400	6428	274254	119320	0
2017-05-16	6416	6420	6326	6388	261150	107484	0
2017-05-17	6394	6738	6344	6710	712320	137078	0
2017-05-18	6666	6740	6606	6680	458160	132850	0
2017-05-19	6774	6898	6746	6804	403048	119486	0
2017-05-22	6838	6878	6746	6782	386614	117354	0
2017-05-23	6800	7002	6768	6864	603658	117490	0
2017-05-24	6890	6938	6720	6804	442164	112670	0
2017-05-25	6800	6878	6728	6756	370044	108862	0
2017-05-26	6728	6786	6688	6768	217852	105956	0
2017-05-31	6768	6832	6534	6562	270432	112682	0
2017-06-01	6588	6596	6352	6482	285370	112712	0
2017-06-02	6444	6506	6430	6470	145166	108162	0
2017-06-05	6474	6560	6370	6466	207296	112976	0
2017-06-06	6472	6494	6394	6456	148332	103862	0
2017-06-07	6436	6572	6420	6522	181860	108732	0
2017-06-08	6508	6572	6480	6496	196954	108310	0
2017-06-09	6514	6546	6272	6272	165374	105968	0
2017-06-12	6326	6344	6168	6224	271202	121092	0
2017-06-13	6208	6252	6154	6162	147736	111992	0
2017-06-14	6184	6274	6154	6250	155916	108148	0
2017-06-15	6218	6276	6208	6234	129254	98166	0
2017-06-16	6290	6412	6240	6268	177326	102196	0
2017-06-19	6288	6354	6206	6206	141898	99354	0
2017-06-20	6160	6160	6038	6076	234872	130174	0
2017-06-21	6052	6130	6050	6072	121074	115746	0
2017-06-22	6136	6164	6066	6104	124612	112034	0
2017-06-23	6120	6176	6094	6124	115392	101362	0
2017-06-26	6122	6152	6070	6094	98764	107904	0
2017-06-27	6106	6290	6090	6284	145572	99704	0
2017-06-28	6330	6348	6228	6236	98218	93198	0
2017-06-29	6278	6394	6248	6262	161930	103506	0
2017-06-30	6302	6366	6260	6354	140044	104424	0
2017-07-03	6436	6522	6378	6502	146136	116122	0
2017-07-04	6478	6506	6332	6380	126800	94978	0
2017-07-05	6440	6542	6404	6474	152914	110582	0
2017-07-06	6474	6512	6416	6468	99218	102504	0
2017-07-07	6458	6594	6420	6560	142662	114800	0
2017-07-10	6562	6614	6520	6538	96454	107422	0
2017-07-11	6600	6658	6566	6592	105828	109824	0
2017-07-12	6624	6652	6482	6522	108640	105482	0
2017-07-13	6564	6624	6514	6572	69272	106078	0
2017-07-14	6572	6606	6522	6584	79428	103612	0
2017-07-17	6662	6966	6642	6964	239286	140228	0
2017-07-18	7040	7212	7014	7034	309068	128648	0
2017-07-19	7156	7170	7062	7094	130614	125362	0
2017-07-20	7078	7190	6816	6862	240756	122256	0
2017-07-21	6870	6944	6806	6898	114462	107470	0
2017-07-24	6880	7166	6874	7112	305758	157788	0
2017-07-25	7188	7234	7092	7124	170104	137258	0
2017-07-26	7196	7330	7072	7124	254000	140600	0
2017-07-27	7166	7188	7062	7144	127982	127318	0
2017-07-28	7160	7176	7034	7086	139300	129226	0
2017-07-31	7162	7208	7048	7116	171600	125810	0
2017-08-01	7168	7170	7008	7066	153612	123410	0
2017-08-02	7096	7100	7018	7062	93884	120914	0
2017-08-03	7060	7158	6946	7010	222214	126342	0
2017-08-04	7038	7122	6990	7030	138130	110578	0
2017-08-07	7094	7156	7004	7046	179692	114400	0
2017-08-08	7046	7102	7008	7028	116354	98554	0
2017-08-09	7070	7170	7022	7118	280324	142680	0
2017-08-10	7110	7288	7100	7226	292008	145352	0
2017-08-11	7190	7246	6890	6908	250020	115518	0
2017-08-14	6982	6982	6884	6898	107192	112212	0
2017-08-15	6940	7132	6940	7102	193206	112952	0
2017-08-16	7116	7270	7050	7246	261702	130758	0
2017-08-17	7446	7556	7302	7354	211406	136122	0
2017-08-18	7344	7384	7222	7380	162164	132226	0
2017-08-21	7436	7538	7414	7456	226390	145950	0
2017-08-22	7452	7652	7390	7464	330986	163916	0
2017-08-23	7256	7356	7092	7224	325326	130168	0
2017-08-24	7322	7410	7278	7312	172394	127574	0
2017-08-25	7438	7438	7338	7358	107208	119198	0
2017-08-28	7462	7536	7456	7480	251888	146096	0
2017-08-29	7490	7508	7248	7296	256110	121646	0
2017-08-30	7248	7426	7222	7388	169686	121788	0
2017-08-31	7320	7372	7252	7300	117506	116480	0
2017-09-01	7330	7406	7258	7316	121310	115934	0
2017-09-04	7442	7444	7142	7194	162024	116576	0
2017-09-05	7188	7248	7152	7184	114056	103244	0
2017-09-06	7120	7194	7120	7162	81086	100836	0
2017-09-07	7244	7252	7060	7208	125508	103566	0
2017-09-08	7254	7426	7222	7234	227260	101590	0
2017-09-11	7234	7386	7206	7306	145100	96224	0
2017-09-12	7370	7448	7318	7438	117150	99752	0
2017-09-13	7456	7458	7364	7416	133908	106878	0
2017-09-14	7436	7462	7222	7270	197388	111388	0
2017-09-15	7282	7314	7188	7290	133584	103622	0
2017-09-18	7332	7510	7192	7506	281172	148758	0
2017-09-19	7578	7608	7422	7462	327664	151734	0
2017-09-20	7498	7506	7388	7392	218226	144002	0
2017-09-21	7390	7418	6996	6996	327430	159624	0
2017-09-22	6798	6836	6650	6674	313208	151148	0
2017-09-25	6706	6718	6470	6596	268696	157550	0
2017-09-26	6626	6756	6600	6662	228766	153160	0
2017-09-27	6694	6716	6628	6678	128696	139140	0
2017-09-28	6540	6650	6502	6614	161802	137696	0
2017-09-29	6616	6692	6600	6640	85584	119870	0
2017-10-09	6512	6532	6452	6496	160090	137796	0
2017-10-10	6464	6548	6412	6498	105162	130528	0
2017-10-11	6532	6560	6462	6498	96640	136270	0
2017-10-12	6502	6542	6452	6512	94176	130424	0
2017-10-13	6520	6666	6504	6600	150134	140602	0
2017-10-16	6586	6616	6544	6576	81290	133914	0
2017-10-17	6560	6638	6532	6576	91058	135766	0
2017-10-18	6602	6694	6568	6608	121894	132156	0
2017-10-19	6522	6606	6518	6542	89970	126398	0
2017-10-20	6576	6712	6570	6702	143810	129508	0
2017-10-23	6648	6800	6586	6638	159972	127524	0
2017-10-24	6706	6740	6632	6642	108354	127428	0
2017-10-25	6626	6656	6542	6640	98032	118928	0
2017-10-26	6682	6786	6602	6650	217866	134812	0
2017-10-27	6658	6696	6388	6440	198334	133564	0
2017-10-30	6452	6486	6314	6370	138236	146498	0
2017-10-31	6370	6400	6256	6312	148930	146342	0
2017-11-01	6330	6430	6312	6328	93944	147210	0
2017-11-02	6388	6400	6332	6356	95496	146096	0
2017-11-03	6386	6422	6338	6380	78324	141018	0
2017-11-06	6398	6624	6392	6608	195980	140104	0
2017-11-07	6624	6646	6516	6538	108094	126414	0
2017-11-08	6512	6576	6480	6544	100936	132610	0
2017-11-09	6600	6600	6420	6442	157040	150108	0
2017-11-10	6444	6540	6410	6490	126614	147506	0
2017-11-13	6514	6520	6454	6492	74462	149542	0
2017-11-14	6504	6584	6500	6550	93532	149962	0
2017-11-15	6442	6710	6436	6644	249158	160170	0
2017-11-16	6630	6732	6600	6732	119660	139182	0
2017-11-17	6724	6896	6706	6820	303570	155248	0
2017-11-20	6852	6930	6820	6896	130734	142978	0
2017-11-21	6842	6896	6822	6858	104508	133320	0
2017-11-22	6852	6884	6732	6798	153224	136876	0
2017-11-23	6864	6938	6820	6896	178396	128604	0
2017-11-24	6892	6934	6868	6892	107998	123476	0
2017-11-27	6956	7072	6882	7038	206702	138096	0
2017-11-28	7076	7138	7036	7122	170462	129904	0
2017-11-29	7122	7266	7110	7256	163628	149540	0
2017-11-30	7286	7308	7186	7238	133626	138372	0
2017-12-01	7234	7268	7196	7258	88664	125238	0
2017-12-04	7634	7668	7634	7658	62606	132206	0
2017-12-05	8090	8242	7450	7626	650646	123176	0
2017-12-06	7544	8138	7468	8122	519510	131288	0
2017-12-07	8028	8060	7722	7850	430184	134436	0
2017-12-08	7922	8324	7876	8312	428396	166850	0
2017-12-11	8648	8648	8314	8490	466342	158778	0
2017-12-12	8514	8596	8378	8484	367556	161770	0
2017-12-13	8462	8530	8398	8508	195792	156788	0
2017-12-14	8530	8546	8176	8266	449110	167232	0
2017-12-15	8298	8306	7870	7980	375532	140792	0
2017-12-18	8106	8252	7896	8056	335644	136230	0
2017-12-19	8050	8148	7954	8082	241920	127112	0
2017-12-20	8094	8094	8004	8006	140038	127290	0
2017-12-21	8012	8436	7986	8198	492418	147724	0
2017-12-22	8188	8198	7986	8026	199316	115936	0
2017-12-25	8002	8002	7640	7642	213484	116652	0
2017-12-26	7660	7730	7642	7676	110588	96980	0
2017-12-27	7716	7786	7650	7660	151092	102116	0
2017-12-28	7624	7672	7384	7446	216516	107360	0
2017-12-29	7526	7594	7452	7484	154154	91562	0
2018-01-02	7408	7542	7398	7452	121670	93878	0
2018-01-03	7434	7552	7296	7318	175528	97864	0
2018-01-04	7312	7380	7184	7322	190342	95036	0
2018-01-05	7336	7346	7212	7276	142972	89690	0
2018-01-08	7290	7318	7238	7302	101262	89028	0
2018-01-09	7314	7426	7306	7350	112460	85308	0
2018-01-10	7326	7420	7326	7380	104042	80562	0
2018-01-11	7366	7396	7250	7300	130728	89574	0
2018-01-12	7302	7530	7284	7510	193618	102320	0
2018-01-15	7490	7558	7412	7518	171028	106704	0
2018-01-16	7404	7498	7356	7428	182854	97226	0
2018-01-17	7450	7474	7384	7446	127956	90892	0
2018-01-18	7450	7624	7432	7620	185528	114642	0
2018-01-19	7608	7764	7588	7764	192352	119432	0
2018-01-22	7804	7806	7604	7664	202542	116702	0
2018-01-23	7654	7736	7448	7702	273066	119694	0
2018-01-24	7702	7742	7624	7676	176018	108844	0
2018-01-25	7714	7764	7638	7680	161456	104568	0
2018-01-26	7640	7670	7526	7544	155116	98094	0
2018-01-29	7526	7726	7516	7664	158250	99826	0
2018-01-30	7654	7746	7580	7620	163150	99750	0
2018-01-31	7600	7624	7548	7618	120644	90400	0
2018-02-01	7654	7686	7576	7622	126868	96316	0
2018-02-02	7666	7710	7596	7606	112462	88358	0
2018-02-05	7578	7808	7572	7778	186994	114802	0
2018-02-06	7740	7812	7676	7738	165338	97148	0
2018-02-07	7770	7894	7746	7774	194654	113688	0
2018-02-08	7726	7758	7628	7682	153920	92886	0
2018-02-09	7702	7736	7628	7694	114932	89244	0
2018-02-12	7718	7802	7700	7770	115416	94010	0
2018-02-13	7768	7846	7756	7810	87018	88486	0
2018-02-14	7840	8008	7830	7914	192044	104360	0
2018-02-22	7916	7960	7864	7920	61796	94826	0
2018-02-23	7950	8040	7910	8000	135356	121614	0
2018-02-26	8058	8124	7932	7978	124282	114782	0
2018-02-27	8015	8042	7954	8040	84738	120720	0
2018-02-28	8032	8164	8014	8144	165504	153246	0
2018-03-01	8148	8192	8116	8182	144142	157874	0
2018-03-02	8144	8148	8064	8098	121696	144436	0
2018-03-05	8048	8060	7930	7964	166782	134622	0
2018-03-06	7986	8134	7986	8080	140598	142604	0
2018-03-07	8070	8090	7838	7844	263362	144108	0
2018-03-08	7826	7862	7744	7804	165744	139030	0
2018-03-09	7778	7796	7468	7664	303646	149668	0
2018-03-12	7752	7842	7678	7742	234128	153556	0
2018-03-13	7742	7798	7696	7758	157974	151750	0
2018-03-14	7754	7788	7606	7734	270142	154380	0
2018-03-15	7686	7692	7594	7626	184462	147880	0
2018-03-16	7608	7714	7600	7666	131612	147040	0
2018-03-19	7618	7690	7572	7628	176946	152406	0
2018-03-20	7628	7668	7404	7564	317392	170624	0
2018-03-21	7604	7616	7464	7496	139526	151256	0
2018-03-22	7526	7570	7482	7518	109304	154328	0
2018-03-23	7306	7424	7128	7360	315976	177496	0
2018-03-26	7372	7392	7288	7342	129714	173212	0
2018-03-27	7362	7402	7304	7374	192926	187020	0
2018-03-28	7330	7426	7314	7390	151822	184224	0
2018-03-29	7374	7388	7316	7368	144366	178436	0
2018-03-30	7402	7580	7388	7550	196716	177746	0
2018-04-02	7618	7618	7460	7506	139486	160790	0
2018-04-03	7504	7510	7434	7470	99358	155196	0
2018-04-04	7444	7450	7336	7444	141672	163398	0
2018-04-09	7416	7498	7374	7488	82686	154570	0
2018-04-10	7520	7558	7484	7554	110162	144308	0
2018-04-11	7578	7578	7414	7418	127582	142358	0
2018-04-12	7430	7490	7388	7462	92020	133902	0
2018-04-13	7436	7772	7432	7740	330586	144786	0
2018-04-16	7692	7702	7592	7602	107804	112988	0
2018-04-17	7580	7848	7578	7730	208346	120398	0
2018-04-18	7736	7798	7690	7726	120102	110472	0
2018-04-19	7744	7758	7684	7702	101208	110746	0
2018-04-20	7650	7670	7500	7542	136078	98142	0
2018-04-23	7608	7628	7558	7588	85884	92720	0
2018-04-24	7606	7706	7536	7538	180028	98656	0
2018-04-25	7542	7566	7500	7516	102430	87314	0
2018-04-26	7480	7652	7474	7546	198142	99826	0
2018-04-27	7558	7584	7346	7370	167186	85560	0
2018-05-02	7388	7392	7276	7350	88142	85072	0
2018-05-03	7338	7424	7306	7326	98590	83082	0
2018-05-04	7326	7368	7302	7330	72424	83850	0
2018-05-07	7344	7386	7212	7252	160922	103384	0
2018-05-08	7244	7254	7148	7162	95666	91882	0
2018-05-09	7128	7214	7104	7114	110482	96860	0
2018-05-10	7124	7142	7062	7086	90294	96616	0
2018-05-11	7104	7186	7102	7106	114286	102284	0
2018-05-14	7134	7272	7134	7254	139648	113162	0
2018-05-15	7282	7372	7234	7318	135130	103094	0
2018-05-16	7318	7720	7284	7584	271870	119974	0
2018-05-17	7552	7594	7448	7514	122346	101282	0
2018-05-18	7508	7634	7468	7560	119144	110670	0
2018-05-21	7626	7688	7444	7520	122768	111628	0
2018-05-22	7558	7642	7502	7606	129826	119282	0
2018-05-23	7572	7632	7398	7430	176942	119174	0
2018-05-24	7424	7474	7296	7338	128334	107542	0
2018-05-25	7396	7434	7298	7320	112820	113702	0
2018-05-28	7376	7424	7350	7398	74534	101408	0
2018-05-29	7426	7596	7370	7536	151052	115946	0
2018-05-30	7500	7590	7460	7540	112864	107820	0
2018-05-31	7634	7642	7490	7522	110308	113898	0
2018-06-01	7562	7716	7548	7616	150846	126654	0
2018-06-04	7666	7704	7586	7614	86840	119564	0
2018-06-05	7606	7614	7498	7540	82652	116584	0
2018-06-06	7582	7648	7566	7580	89364	111812	0
2018-06-07	7618	7622	7526	7570	79288	115190	0
2018-06-08	7566	7802	7556	7738	287116	162300	0
2018-06-11	7838	7896	7800	7848	175842	159366	0
2018-06-12	7858	7880	7780	7866	102590	159534	0
2018-06-13	7860	7958	7792	7846	128982	157524	0
2018-06-14	7874	8036	7804	7938	208748	177076	0
2018-06-15	7948	7958	7858	7958	97394	164182	0
2018-06-19	7984	8160	7816	7882	197980	171846	0
2018-06-20	7932	8022	7850	8020	132960	179186	0
2018-06-21	8078	8144	8002	8072	228714	201830	0
2018-06-22	8096	8108	8020	8060	185792	182868	0
2018-06-25	8120	8142	8024	8118	161084	202136	0
2018-06-26	8100	8214	7970	8030	373666	226298	0
2018-06-27	8090	8110	8026	8058	127078	212802	0
2018-06-28	8090	8122	8034	8114	156434	213080	0
2018-06-29	8118	8190	8094	8170	177274	210230	0
2018-07-02	8124	8136	8042	8068	140734	197356	0
2018-07-03	8050	8066	7870	7926	204866	190298	0
2018-07-04	7920	7920	7792	7810	182206	179376	0
2018-07-05	7752	7830	7738	7812	115448	168396	0
2018-07-06	7806	7834	7720	7806	133928	172612	0
2018-07-09	7822	7852	7784	7836	82462	162062	0
2018-07-10	7850	7856	7752	7756	125202	164504	0
2018-07-11	7774	7832	7690	7722	123794	148848	0
2018-07-12	7774	8000	7762	7982	211658	175668	0
2018-07-13	7968	7992	7908	7926	111450	155718	0
2018-07-16	7916	7960	7870	7874	107966	150006	0
2018-07-17	7848	7852	7734	7750	139622	153670	0
2018-07-18	7768	7806	7754	7786	68116	147772	0
2018-07-19	7840	7840	7742	7764	95858	149722	0
2018-07-20	7772	7888	7766	7874	128332	146014	0
2018-07-23	7888	7908	7832	7882	88326	137360	0
2018-07-24	7864	8084	7852	8044	199630	162208	0
2018-07-25	8070	8082	8012	8042	81914	145308	0
2018-07-26	8048	8138	8040	8088	107350	150064	0
2018-07-27	8118	8162	7978	7996	143852	138856	0
2018-07-30	8046	8106	8034	8086	92196	139298	0
2018-07-31	8078	8240	8074	8180	151898	150110	0
2018-08-01	8188	8194	8086	8106	101468	128884	0
2018-08-02	8098	8200	8054	8168	104132	139690	0
2018-08-03	8200	8398	8190	8304	165018	152014	0
2018-08-06	8382	8742	8316	8572	226712	161124	0
2018-08-07	8586	8610	8380	8436	151910	154228	0
2018-08-08	8428	8626	8398	8534	170144	165822	0
2018-08-09	8528	8560	8436	8488	96526	149412	0
2018-08-10	8510	8710	8508	8556	150332	164566	0
2018-08-13	8614	8676	8456	8648	165824	161654	0
2018-08-14	8698	8716	8602	8624	89366	154432	0
2018-08-15	8648	8712	8610	8620	121214	157692	0
2018-08-16	8560	8738	8494	8694	203302	175116	0
2018-08-17	8734	9014	8732	8968	284818	212384	0
2018-08-20	8960	9048	8780	8926	247518	200740	0
2018-08-21	8916	8918	8530	8632	293318	183318	0
2018-08-22	8742	8828	8704	8750	176004	171960	0
2018-08-23	8776	8910	8688	8696	253302	178410	0
2018-08-24	8688	8752	8562	8642	208788	157482	0
2018-08-27	8694	8702	8530	8548	117516	157898	0
2018-08-28	8592	8670	8436	8624	213534	167608	0
2018-08-29	8622	8728	8574	8602	181454	148442	0
2018-08-30	8516	8566	8442	8520	169222	158654	0
2018-08-31	8536	8548	8358	8398	164786	146830	0
2018-09-03	8402	8468	8364	8416	99648	151928	0
2018-09-04	8392	8406	8310	8324	101552	146952	0
2018-09-05	8372	8460	8346	8370	98278	151072	0
2018-09-06	8376	8378	8274	8286	110820	152864	0
2018-09-07	8338	8442	8286	8324	148552	157154	0
2018-09-10	8376	8486	8338	8432	119294	154176	0
2018-09-11	8350	8376	8278	8286	153036	148586	0
2018-09-12	8288	8324	8152	8242	155022	145166	0
2018-09-13	8256	8296	8222	8286	79908	136760	0
2018-09-14	8268	8384	8240	8346	141444	153014	0
2018-09-17	8352	8376	8212	8240	116590	127874	0
2018-09-18	8300	8510	8266	8454	247948	168402	0
2018-09-19	8480	8514	8394	8440	108682	144714	0
2018-09-20	8460	8494	8380	8426	110470	137544	0
2018-09-21	8454	8626	8442	8558	191698	164968	0
2018-09-25	8572	8574	8446	8540	114862	148094	0
2018-09-26	8534	8592	8450	8510	107102	143786	0
2018-09-27	8530	8532	8412	8434	96304	135558	0
2018-09-28	8304	8466	8292	8330	117790	118780	0
2018-10-08	8384	8390	8140	8246	140982	128954	0
2018-10-09	8264	8326	8234	8298	87454	134684	0
2018-10-10	8330	8488	8320	8382	146774	140040	0
2018-10-11	8260	8412	8246	8320	102014	121670	0
2018-10-12	8360	8552	8344	8526	171266	152184	0
2018-10-15	8578	8582	8498	8536	119098	142892	0
2018-10-16	8504	8678	8502	8642	237798	172278	0
2018-10-17	8700	8772	8626	8628	152286	153218	0
2018-10-18	8618	8724	8588	8650	137908	159162	0
2018-10-19	8678	8734	8658	8694	128402	159264	0
2018-10-22	8730	8860	8686	8774	168340	182942	0
2018-10-23	8754	8770	8610	8652	146930	167296	0
2018-10-24	8668	8740	8594	8728	165792	180790	0
2018-10-25	8728	8794	8648	8784	150376	176090	0
2018-10-26	8810	8850	8768	8820	135228	187468	0
2018-10-29	8818	8904	8716	8762	196458	195074	0
2018-10-30	8764	8796	8668	8752	159338	184718	0
2018-10-31	8698	8738	8650	8728	138178	186350	0
2018-11-01	8710	8758	8636	8652	141238	189742	0
2018-11-02	8654	8676	8482	8600	229734	190446	0
2018-11-05	8634	8644	8536	8574	111990	176326	0
2018-11-06	8598	8710	8534	8650	168290	181976	0
2018-11-07	8590	8618	8504	8586	184726	176630	0
2018-11-08	8570	8592	8426	8572	262828	193536	0
2018-11-09	8566	8596	8524	8548	136558	169840	0
2018-11-12	8456	8520	8286	8314	311496	225286	0
2018-11-13	8352	8382	8254	8320	181968	209800	0
2018-11-14	8310	8470	8286	8412	196596	213126	0
2018-11-15	8404	8432	8354	8428	138428	198936	0
2018-11-16	8524	8690	8502	8686	291298	206248	0
2018-11-19	8626	8696	8624	8670	134750	194480	0
2018-11-20	8650	8650	8570	8608	164512	200072	0
2018-11-21	8414	8552	8332	8544	234192	184258	0
2018-11-22	8564	8586	8358	8400	197874	193478	0
2018-11-23	8402	8426	8310	8354	193902	202434	0
2018-11-26	8208	8228	7860	7860	307776	209210	0
2018-11-27	7924	7988	7454	7760	537162	249128	0
2018-11-28	7770	7878	7678	7812	276206	244502	0
2018-11-29	7858	7950	7790	7898	231054	223476	0
2018-11-30	7894	7910	7808	7896	196430	221588	0
2018-12-03	8328	8330	8044	8112	263946	203260	0
2018-12-04	8106	8222	8056	8218	187588	187326	0
2018-12-05	8200	8312	8180	8304	173686	179484	0
2018-12-06	8224	8262	8160	8246	157304	183822	0
2018-12-07	8202	8352	8196	8344	191552	177608	0
2018-12-10	8268	8268	8154	8178	136632	173934	0
2018-12-11	8140	8204	8100	8154	138584	171320	0
2018-12-12	8166	8182	8048	8048	150456	177192	0
2018-12-13	8078	8112	8002	8018	189748	168924	0
2018-12-14	8024	8030	7912	7946	118116	152018	0
2018-12-17	7892	7894	7788	7838	144892	150076	0
2018-12-18	7790	7858	7776	7828	83794	129520	0
2018-12-19	7818	7822	7748	7756	74318	125900	0
2018-12-20	7772	7778	7632	7678	105638	123254	0
2018-12-21	7660	7678	7568	7576	74996	115354	0
2018-12-24	7558	7570	7508	7538	97618	123754	0
2018-12-25	7462	7524	7418	7504	105412	121846	0
2018-12-26	7502	7526	7482	7494	74838	120386	0
2018-12-27	7590	7590	7374	7402	114750	107336	0
2018-12-28	7392	7444	7384	7418	75868	95190	0
2019-01-02	7388	7408	7302	7304	79362	99480	0
2019-01-03	7342	7402	7312	7398	89378	99420	0
2019-01-04	7410	7478	7400	7450	89776	103948	0
2019-01-07	7462	7482	7426	7450	62174	101730	0
2019-01-08	7454	7492	7402	7420	89332	101240	0
2019-01-09	7438	7472	7410	7410	74922	97808	0
2019-01-10	7404	7406	7306	7332	116320	116436	0
2019-01-11	7340	7408	7328	7382	107496	106478	0
2019-01-14	7364	7382	7318	7352	80012	112458	0
2019-01-15	7356	7382	7278	7368	123922	116092	0
2019-01-16	7331	7344	7272	7324	91862	110824	0
2019-01-17	7322	7382	7276	7336	150066	120746	0
2019-01-18	7366	7470	7346	7450	166862	136308	0
2019-01-21	7482	7490	7396	7424	88156	129138	0
2019-01-22	7440	7462	7258	7262	128048	135702	0
2019-01-23	7256	7336	7224	7274	112946	137994	0
2019-01-24	7276	7290	7222	7250	71242	136346	0
2019-01-25	7278	7328	7194	7220	133960	162502	0
2019-01-28	7238	7338	7236	7304	111404	150300	0
2019-01-29	7270	7276	7192	7216	102866	167638	0
2019-01-30	7256	7346	7250	7316	115448	155292	0
2019-01-31	7320	7412	7310	7406	102434	156514	0
2019-02-01	7430	7432	7362	7384	53622	145414	0
2019-02-11	7440	7590	7432	7526	84782	155388	0
2019-02-12	7522	7570	7466	7566	80184	152728	0
2019-02-13	7526	7544	7462	7488	80018	148108	0
2019-02-14	7492	7544	7480	7500	61140	143332	0
2019-02-15	7484	7532	7434	7450	85810	141108	0
2019-02-18	7506	7510	7376	7380	99430	138480	0
2019-02-19	7390	7410	7354	7394	68592	132744	0
2019-02-20	7388	7554	7364	7550	123268	154148	0
2019-02-21	7596	7644	7544	7612	123238	154468	0
2019-02-22	7594	7612	7562	7586	64624	148678	0
2019-02-25	7608	7676	7568	7580	103782	161232	0
2019-02-26	7578	7636	7562	7600	73880	157706	0
2019-02-27	7608	7636	7558	7588	62702	160564	0
2019-02-28	7576	7608	7496	7522	82922	156582	0
2019-03-01	7566	7626	7524	7590	85466	153150	0
2019-03-04	7574	7706	7544	7670	121450	174660	0
2019-03-05	7642	7664	7620	7650	59836	163384	0
2019-03-06	7652	7696	7636	7678	65058	168098	0
2019-03-07	7704	7772	7696	7764	115848	182842	0
2019-03-08	7738	7762	7638	7754	114918	179562	0
2019-03-11	7800	7860	7782	7814	139786	200852	0
2019-03-12	7892	7894	7806	7866	101558	197108	0
2019-03-13	7848	7886	7814	7844	93648	208258	0
2019-03-14	7858	7860	7788	7840	93654	192558	0
2019-03-15	7824	7832	7712	7726	124290	190552	0
2019-03-18	7728	7746	7670	7670	73520	173046	0
2019-03-19	7692	7714	7662	7698	69144	176356	0
2019-03-20	7688	7764	7666	7734	101216	179120	0
2019-03-21	7740	7752	7698	7730	70968	169640	0
2019-03-22	7708	7782	7706	7758	88942	185052	0
2019-03-25	7734	7746	7612	7630	127882	170990	0
2019-03-26	7644	7668	7562	7576	78534	161066	0
2019-03-27	7576	7606	7528	7554	80588	159756	0
2019-03-28	7556	7598	7542	7568	58308	158458	0
2019-03-29	7560	7628	7552	7576	70428	164174	0
2019-04-01	7618	7620	7562	7604	77746	157042	0
2019-04-02	7604	7618	7546	7560	88698	158196	0
2019-04-03	7588	7602	7542	7584	74464	146880	0
2019-04-04	7584	7596	7496	7530	95884	155398	0
2019-04-08	7532	7670	7518	7666	126068	156624	0
2019-04-09	7670	7714	7616	7624	100316	156164	0
2019-04-10	7616	7638	7538	7542	96772	151420	0
2019-04-11	7532	7552	7464	7474	122890	157140	0
2019-04-12	7448	7482	7436	7456	53746	146660	0
2019-04-15	7462	7488	7440	7444	45822	149638	0
2019-04-16	7424	7438	7366	7366	75240	141100	0
2019-04-17	7342	7396	7326	7386	56390	133792	0
2019-04-18	7378	7442	7368	7396	65468	135140	0
2019-04-19	7402	7418	7310	7320	70750	131990	0
2019-04-22	7356	7362	7266	7278	79892	142670	0
2019-04-23	7274	7290	7246	7278	104592	131510	0
2019-04-24	7254	7272	7192	7200	76044	137136	0
2019-04-25	7198	7228	7180	7190	57466	133234	0
2019-04-26	7188	7214	7170	7188	70906	127698	0
2019-04-29	7228	7300	7224	7242	95886	114196	0
2019-04-30	7250	7278	7234	7262	44632	112506	0
2019-05-06	7224	7244	7060	7074	107352	138658	0
2019-05-07	7088	7106	7030	7058	86106	146158	0
2019-05-08	7064	7120	7062	7106	73114	146528	0
2019-05-09	7102	7158	7086	7142	81276	140656	0
2019-05-10	7154	7176	7122	7138	50500	137746	0
2019-05-13	7142	7232	7100	7212	69440	132940	0
2019-05-14	7190	7224	7154	7178	66072	126952	0
2019-05-15	7200	7212	7136	7208	65378	126646	0
2019-05-16	7232	7250	7180	7186	72364	125494	0
2019-05-17	7204	7236	7170	7204	65244	120824	0
2019-05-20	7210	7214	7068	7110	103964	140866	0
2019-05-21	7112	7144	7088	7132	60130	139208	0
2019-05-22	7132	7316	7124	7300	171160	133116	0
2019-05-23	7298	7380	7260	7262	160788	131338	0
2019-05-24	7240	7310	7228	7308	68876	132294	0
2019-05-27	7338	7354	7270	7280	74948	127396	0
2019-05-28	7300	7396	7300	7362	104256	138938	0
2019-05-29	7358	7384	7332	7356	69256	137608	0
2019-05-30	7366	7416	7320	7364	96306	137098	0
2019-05-31	7362	7410	7358	7384	68566	147340	0
2019-06-03	7366	7370	7220	7254	113150	134728	0
2019-06-04	7236	7294	7228	7272	89320	136394	0
2019-06-05	7286	7306	7234	7238	80262	140788	0
2019-06-06	7200	7316	7190	7296	115774	136028	0
2019-06-10	7296	7314	7248	7278	50828	134798	0
2019-06-11	7312	7428	7306	7420	138218	157212	0
2019-06-12	7398	7424	7368	7402	79018	156980	0
2019-06-13	7404	7542	7386	7436	151470	167946	0
2019-06-14	7460	7510	7378	7396	79602	163502	0
2019-06-17	7420	7512	7402	7488	80158	170380	0
2019-06-18	7488	7576	7456	7478	104980	173102	0
2019-06-19	7522	7556	7480	7518	70728	173498	0
2019-06-20	7520	7554	7484	7498	75792	174378	0
2019-06-21	7506	7618	7472	7602	126448	193366	0
2019-06-24	7586	7602	7540	7540	94362	179112	0
2019-06-25	7550	7702	7550	7648	134402	193032	0
2019-06-26	7660	7792	7648	7786	137948	198360	0
2019-06-27	7798	7852	7734	7740	113366	190102	0
2019-06-28	7754	7764	7666	7732	99278	176570	0
2019-07-01	7754	7780	7682	7696	75342	171252	0
2019-07-02	7700	7746	7606	7716	75438	164894	0
2019-07-03	7704	7714	7650	7666	56568	162686	0
2019-07-04	7690	7756	7664	7682	88004	163086	0
2019-07-05	7674	7736	7666	7700	59788	160502	0
2019-07-08	7718	7722	7528	7534	115256	151420	0
2019-07-09	7546	7560	7464	7484	85152	142708	0
2019-07-10	7468	7500	7412	7444	63684	138640	0
2019-07-11	7444	7480	7430	7460	53062	134800	0
2019-07-12	7464	7588	7442	7452	135942	129216	0
2019-07-15	7470	7514	7434	7460	61556	126858	0
2019-07-16	7502	7556	7472	7502	74968	122840	0
2019-07-17	7482	7498	7364	7400	111266	129996	0
2019-07-18	7410	7434	7388	7414	54626	128344	0
2019-07-19	7382	7528	7380	7510	91526	124360	0
2019-07-22	7484	7502	7380	7386	71908	116926	0
2019-07-23	7348	7420	7348	7392	56346	120318	0
2019-07-24	7368	7424	7358	7392	57322	120566	0
2019-07-25	7392	7472	7382	7450	75978	118444	0
2019-07-26	7456	7474	7380	7390	70168	118594	0
2019-07-29	7338	7446	7336	7408	95860	118132	0
2019-07-30	7416	7426	7360	7376	70296	118388	0
2019-07-31	7384	7430	7378	7414	75380	115184	0
2019-08-01	7386	7448	7382	7420	59142	119928	0
2019-08-02	7394	7426	7322	7342	115124	125482	0
2019-08-05	7360	7364	7288	7296	81896	130618	0
2019-08-06	7270	7292	7228	7242	65568	133090	0
2019-08-07	7240	7280	7226	7240	65120	127490	0
2019-08-08	7228	7264	7212	7216	51790	124618	0
2019-08-09	7228	7228	7142	7166	82992	129486	0
2019-08-12	7190	7204	7166	7196	47094	125886	0
2019-08-13	7172	7190	7164	7182	40514	128562	0
2019-08-14	7216	7216	7146	7146	56954	131920	0
2019-08-15	7148	7200	7130	7188	57374	130000	0
2019-08-16	7184	7236	7176	7216	53242	124170	0
2019-08-19	7284	7310	7210	7234	89560	114806	0
2019-08-20	7258	7268	7232	7260	53164	115588	0
2019-08-21	7244	7256	7132	7214	96208	116406	0
2019-08-22	7224	7230	7156	7198	61412	118482	0
2019-08-23	7172	7228	7170	7220	57086	119568	0
2019-08-26	7170	7180	7014	7018	121856	135164	0
2019-08-27	7024	7058	7010	7032	74754	133832	0
2019-08-28	7042	7052	6998	7014	42710	136554	0
2019-08-29	7026	7030	6860	6886	94378	159644	0
2019-08-30	6922	6968	6902	6956	74636	143140	0
2019-09-02	6958	7082	6946	7006	106074	126686	0
2019-09-03	7000	7058	6976	7048	45286	127962	0
2019-09-04	7030	7050	6988	7016	49334	121518	0
2019-09-05	7034	7044	7004	7006	45038	123614	0
2019-09-06	6984	7034	6984	7026	42216	123622	0
2019-09-09	7018	7072	6946	6976	93204	129496	0
2019-09-10	6988	7032	6960	7028	56972	126632	0
2019-09-11	7012	7018	6912	6918	86850	139598	0
2019-09-12	6936	6938	6878	6916	58698	143482	0
2019-09-16	6934	6944	6906	6910	40014	140554	0
2019-09-17	6924	6948	6898	6922	53950	134196	0
2019-09-18	6882	6978	6876	6882	92986	142500	0
2019-09-19	6874	6898	6854	6872	55912	145076	0
2019-09-20	6872	6874	6730	6780	143812	172058	0
2019-09-23	6796	6830	6770	6778	67540	169684	0
2019-09-24	6778	6792	6746	6788	63408	169686	0
2019-09-25	6794	6800	6760	6776	46566	166458	0
2019-09-26	6766	6792	6742	6776	65054	160840	0
2019-09-27	6688	6710	6648	6664	101374	172984	0
2019-09-30	6682	6700	6654	6696	50710	159494	0
2019-10-08	6682	6720	6660	6674	40236	165458	0
2019-10-09	6678	6688	6622	6624	75922	183928	0
2019-10-10	6630	6656	6610	6640	50508	187018	0
2019-10-11	6646	6650	6572	6576	73922	206700	0
2019-10-14	6588	6598	6540	6570	81744	206094	0
2019-10-15	6550	6602	6550	6554	62682	206816	0
2019-10-16	6566	6612	6552	6592	77138	207936	0
2019-10-17	6598	6632	6558	6564	71404	200458	0
2019-10-18	6578	6600	6550	6584	57378	190288	0
2019-10-21	6572	6572	6452	6506	89118	195524	0
2019-10-22	6502	6508	6452	6456	40692	200226	0
2019-10-23	6490	6496	6462	6476	36648	201770	0
2019-10-24	6466	6474	6364	6384	105172	212070	0
2019-10-25	6356	6386	6286	6288	93646	226044	0
2019-10-28	6290	6304	6234	6262	98976	237542	0
2019-10-29	6262	6302	6250	6292	73492	237020	0
2019-10-30	6280	6286	6186	6186	94852	248044	0
2019-10-31	6204	6226	6124	6128	132532	263976	0
2019-11-01	6130	6164	6110	6112	105054	264388	0
2019-11-04	6060	6074	6034	6034	124770	282466	0
2019-11-05	6034	6098	6030	6084	135346	279152	0
2019-11-06	6068	6134	6048	6106	133764	275180	0
2019-11-07	6100	6122	6074	6076	79106	268072	0
2019-11-08	6046	6058	5950	5972	181244	281948	0
2019-11-11	5966	5974	5920	5944	113836	283296	0
2019-11-12	5928	5960	5900	5916	94880	284674	0
2019-11-13	5932	5936	5862	5932	162768	299136	0
2019-11-14	5944	6092	5936	6066	286462	289964	0
2019-11-15	6086	6132	6086	6102	153158	278872	0
2019-11-18	6164	6264	6148	6216	224702	259138	0
2019-11-19	6208	6242	6184	6222	117384	249566	0
2019-11-20	6278	6282	6146	6150	162446	244516	0
2019-11-21	6148	6226	6104	6198	137214	233236	0
2019-11-22	6196	6206	6156	6188	92006	232614	0
2019-11-25	6202	6212	6160	6172	80562	231644	0
2019-11-26	6146	6178	6126	6148	102404	228802	0
2019-11-27	6134	6156	6114	6114	63496	232990	0
2019-11-28	6104	6104	6002	6024	159708	233012	0
2019-11-29	6016	6052	5998	6004	65458	228578	0
2019-12-02	5976	6130	5972	6112	154522	221092	0
2019-12-03	6122	6170	6066	6078	109554	219536	0
2019-12-04	6058	6100	6032	6074	74138	221340	0
2019-12-05	6060	6090	6044	6086	65048	225786	0
2019-12-06	6100	6176	6100	6118	152876	233246	0
2019-12-09	6176	6224	6148	6196	150296	242460	0
2019-12-10	6232	6252	6212	6242	108400	236302	0
2019-12-11	6282	6370	6240	6368	183408	243512	0
2019-12-12	6368	6370	6244	6250	160612	230984	0
2019-12-13	6278	6320	6244	6308	98536	222926	0
2019-12-16	6322	6330	6252	6290	109138	213036	0
2019-12-17	6282	6332	6272	6300	101508	213070	0
2019-12-18	6324	6446	6324	6422	264292	237750	0
2019-12-19	6412	6446	6382	6392	124132	226304	0
2019-12-20	6420	6474	6406	6456	137704	228356	0
2019-12-23	6466	6528	6402	6426	168040	215966	0
2019-12-24	6442	6444	6306	6350	148338	201290	0
2019-12-25	6368	6402	6358	6368	71592	201608	0
2019-12-26	6352	6416	6338	6400	83236	193826	0
2019-12-27	6436	6468	6422	6442	90238	194874	0
2019-12-30	6442	6450	6366	6406	100006	181000	0
2019-12-31	6420	6422	6380	6382	70146	170814	0
2020-01-02	6392	6424	6356	6382	42667	82468	0
2020-01-03	6378	6446	6370	6376	54533	82439	0
2020-01-06	6320	6350	6266	6280	78311	74411	0
2020-01-07	6282	6330	6272	6298	51439	75335	0
2020-01-08	6308	6318	6276	6288	38256	72962	0
2020-01-09	6280	6338	6274	6288	50397	75111	0
2020-01-10	6268	6308	6268	6286	39626	73982	0
2020-01-13	6296	6354	6224	6224	63914	76214	0
2020-01-14	6226	6262	6188	6232	52538	77053	0
2020-01-15	6232	6250	6214	6244	42782	77186	0
2020-01-16	6234	6248	6198	6242	33822	74669	0
2020-01-17	6264	6314	6248	6276	51857	69139	0
2020-01-20	6278	6422	6268	6410	73357	73265	0
2020-01-21	6414	6420	6360	6406	41169	67778	0
2020-01-22	6394	6434	6370	6414	43983	67815	0
2020-01-23	6418	6418	6376	6416	29244	61740	0
2020-02-03	6322	6608	6322	6522	141338	71768	0
2020-02-04	6524	6670	6522	6654	89134	78489	0
2020-02-05	6682	6688	6490	6494	88496	79661	0
2020-02-06	6470	6534	6458	6504	55953	78984	0
2020-02-07	6512	6528	6466	6502	48979	80424	0
2020-02-10	6508	6520	6474	6502	38685	80261	0
2020-02-11	6500	6558	6490	6550	56791	82658	0
2020-02-12	6560	6564	6424	6444	77236	72226	0
2020-02-13	6452	6454	6350	6366	62988	71269	0
2020-02-14	6346	6352	6280	6286	63129	71333	0
2020-02-17	6238	6292	6228	6280	56338	74789	0
2020-02-18	6284	6318	6228	6230	72181	77420	0
2020-02-19	6244	6256	6198	6206	50974	76493	0
2020-02-20	6220	6302	6204	6290	71365	81320	0
2020-02-21	6268	6312	6226	6244	68431	84006	0
2020-02-24	6252	6264	6090	6114	117854	95145	0
2020-02-25	6082	6114	6048	6084	69856	105232	0
2020-02-26	6076	6154	6072	6102	76020	106206	0
2020-02-27	6084	6092	6026	6064	56760	107779	0
2020-02-28	6042	6078	6016	6058	65685	105509	0
2020-03-02	6042	6120	6028	6094	67901	105505	0
2020-03-03	6126	6126	6072	6082	56486	106905	0
2020-03-04	6070	6178	5990	6146	143270	106918	0
2020-03-05	6148	6166	6102	6106	57994	106342	0
2020-03-06	6068	6102	6036	6098	62274	103940	0
2020-03-09	6010	6088	5948	5992	116119	111188	0
2020-03-10	5998	6074	5998	6038	57327	110807	0
2020-03-11	6044	6052	6000	6036	61199	114091	0
2020-03-12	6024	6114	6024	6092	116527	115101	0
2020-03-13	6068	6114	6038	6098	81786	109515	0
2020-03-16	6192	6290	6192	6250	149422	101009	0
2020-03-17	6248	6286	6198	6278	72594	96974	0
2020-03-18	6342	6422	6288	6350	116937	100310	0
2020-03-19	6350	6356	6218	6286	111493	90874	0
2020-03-20	6392	6428	6306	6336	81952	91398	0
2020-03-23	6304	6338	6236	6242	86200	94469	0
2020-03-24	6292	6472	6278	6442	174176	105349	0
2020-03-25	6520	6560	6462	6558	123197	111510	0
2020-03-26	6600	6912	6588	6912	249816	131748	0
2020-03-27	7036	7044	6610	6836	415313	101837	0
2020-03-30	6798	6958	6752	6860	226589	105639	0
2020-03-31	6896	6906	6820	6852	124950	103301	0
2020-04-01	6832	6832	6518	6590	250470	104641	0
2020-04-02	6592	6722	6512	6688	246689	108494	0
2020-04-03	6712	6712	6590	6634	189956	107179	0
2020-04-07	6628	6762	6536	6704	228087	108759	0
2020-04-08	6676	6738	6646	6670	209183	109626	0
2020-04-09	6638	6662	6562	6586	251338	114714	0
2020-04-10	6824	7010	6778	7008	332595	140930	0
2020-04-13	7036	7090	6972	7014	318948	126871	0
2020-04-14	7004	7054	6828	6884	343500	133137	0
2020-04-15	6916	6968	6896	6958	205863	141512	0
2020-04-16	6942	7262	6936	7166	538534	154135	0
2020-04-17	7196	7278	7138	7226	255348	158120	0
2020-04-20	7242	7272	7162	7220	239500	160878	0
2020-04-21	7444	7452	7302	7398	382213	166321	0
2020-04-22	7414	7416	7318	7398	237608	167748	0
2020-04-23	7392	7396	7218	7250	302805	165030	0
2020-04-24	7238	7314	7158	7302	304192	165713	0
2020-04-27	7360	7366	7212	7212	290838	162186	0
2020-04-28	7210	7264	7120	7182	212215	166077	0
2020-04-29	7202	7224	7112	7148	171531	162873	0
2020-04-30	7160	7160	6984	7126	263990	151949	0
2020-05-06	7148	7258	7116	7166	204096	160349	0
2020-05-07	7186	7200	7118	7152	151492	160805	0
2020-05-08	7162	7210	7056	7140	233409	166645	0
2020-05-11	7216	7216	7084	7142	218229	169888	0
2020-05-12	7146	7320	7134	7296	291382	179052	0
2020-05-13	7246	7270	7200	7256	293633	176018	0
2020-05-14	7250	7262	7084	7094	342667	168527	0
2020-05-15	7108	7160	7068	7132	288850	169070	0
2020-05-18	7130	7194	7014	7016	318639	175727	0
2020-05-19	7020	7116	6946	7116	323814	172959	0
2020-05-20	7110	7154	7060	7104	273034	165259	0
2020-05-21	7092	7108	7008	7084	292362	162157	0
2020-05-22	7068	7214	7050	7082	390442	154559	0
2020-05-25	7050	7064	6860	6888	430146	178667	0
2020-05-26	6896	6912	6800	6856	418733	176258	0
2020-05-27	6834	6850	6752	6752	304530	176903	0
2020-05-28	6748	6802	6710	6800	311515	173711	0
2020-05-29	6814	6840	6726	6762	310739	173610	0
2020-06-01	6810	6902	6782	6832	229023	166169	0
2020-06-02	6838	6850	6752	6790	269018	167149	0
2020-06-03	6822	6840	6738	6744	273889	172849	0
2020-06-04	6690	6714	6562	6572	376270	184997	0
2020-06-05	6582	6670	6572	6640	271936	174718	0
2020-06-08	6662	6692	6602	6628	205948	170558	0
2020-06-09	6582	6582	6456	6458	298091	178572	0
2020-06-10	6478	6482	6408	6438	266358	175291	0
2020-06-11	6450	6632	6444	6630	424660	150426	0
2020-06-12	6630	6762	6576	6682	409893	141346	0
2020-06-15	6640	6874	6636	6850	366805	136383	0
2020-06-16	6856	6906	6756	6762	350078	141209	0
2020-06-17	6776	6848	6738	6756	226349	139563	0
2020-06-18	6782	6842	6678	6724	386698	136712	0
2020-06-19	6734	6802	6702	6726	311182	138066	0
2020-06-22	6720	6746	6570	6600	341995	133031	0
2020-06-23	6608	6686	6590	6616	194095	128495	0
2020-06-24	6622	6650	6550	6584	238040	133268	0
2020-06-29	6528	6534	6456	6460	236062	140188	0
2020-06-30	6476	6586	6444	6496	316615	131690	0
2020-07-01	6488	6534	6476	6506	123839	126088	0
2020-07-02	6474	6564	6468	6520	170542	127838	0
2020-07-03	6514	6548	6472	6476	155598	137362	0
2020-07-06	6440	6594	6430	6586	221507	133611	0
2020-07-07	6622	6658	6480	6496	202511	142001	0
2020-07-08	6538	6644	6532	6626	206683	140394	0
2020-07-09	6656	6660	6596	6620	142536	145691	0
2020-07-10	6568	6682	6564	6648	241903	140961	0
2020-07-13	6678	6720	6556	6562	214245	144620	0
2020-07-14	6572	6582	6434	6438	203622	144342	0
2020-07-15	6464	6504	6448	6450	130282	138868	0
2020-07-16	6470	6480	6290	6300	245802	154548	0
2020-07-17	6314	6350	6278	6304	144708	148701	0
2020-07-20	6278	6390	6256	6330	176671	141793	0
2020-07-21	6342	6360	6296	6306	117448	141280	0
2020-07-22	6340	6380	6300	6310	146603	144575	0
2020-07-23	6314	6350	6250	6308	130856	140584	0
2020-07-24	6314	6332	6204	6206	190525	156963	0
2020-07-27	6204	6238	6154	6208	145490	156253	0
2020-07-28	6216	6248	6174	6184	119756	163323	0
2020-07-29	6208	6296	6198	6206	190798	154526	0
2020-07-30	6218	6284	6200	6226	140111	153563	0
2020-07-31	6236	6258	6202	6246	121871	145986	0
2020-08-03	6248	6282	6130	6240	232001	152522	0
2020-08-04	6256	6416	6250	6326	315118	145715	0
2020-08-05	6330	6366	6310	6324	144217	144376	0
2020-08-06	6346	6362	6276	6284	136067	134191	0
2020-08-07	6306	6386	6286	6370	184084	128187	0
2020-08-10	6384	6484	6374	6458	215784	133626	0
2020-08-11	6470	6502	6418	6444	131660	132525	0
2020-08-12	6442	6572	6412	6540	200622	138340	0
2020-08-13	6520	6566	6488	6496	142925	133738	0
2020-08-14	6504	6518	6460	6490	125278	130858	0
2020-08-17	6508	6516	6382	6408	150542	123531	0
2020-08-18	6384	6404	6292	6310	177318	126566	0
2020-08-19	6314	6354	6300	6308	95856	128221	0
2020-08-20	6288	6342	6240	6250	122400	128402	0
2020-08-21	6254	6254	6186	6194	135663	132835	0
2020-08-24	6198	6236	6196	6198	105229	131847	0
2020-08-25	6210	6258	6204	6246	102314	125637	0
2020-08-26	6262	6266	6216	6224	101955	126795	0
2020-08-27	6236	6282	6230	6248	118826	122695	0
2020-08-28	6256	6306	6240	6254	119592	125553	0
2020-08-31	6276	6394	6258	6376	186268	125804	0
2020-09-01	6368	6450	6336	6420	129105	132469	0
2020-09-02	6424	6484	6392	6472	151616	136142	0
2020-09-03	6500	6630	6424	6438	332776	144140	0
2020-09-04	6400	6524	6392	6490	192063	145067	0
2020-09-07	6476	6496	6416	6424	151894	142433	0
2020-09-08	6444	6502	6436	6466	120215	141036	0
2020-09-09	6464	6532	6394	6394	217388	138828	0
2020-09-10	6418	6422	6284	6296	184697	132927	0
2020-09-11	6298	6300	6244	6256	126375	135506	0
2020-09-14	6282	6330	6276	6290	135348	138456	0
2020-09-15	6302	6322	6272	6302	143761	129409	0
2020-09-16	6310	6350	6300	6324	161717	130193	0
2020-09-17	6320	6338	6262	6270	197523	133811	0
2020-09-18	6284	6308	6208	6232	186787	139299	0
2020-09-21	6232	6250	6134	6134	151536	152355	0
2020-09-22	6152	6186	6122	6174	146833	152464	0
2020-09-23	6162	6190	6052	6062	167709	171277	0
2020-09-24	6066	6086	6030	6066	103732	167497	0
2020-09-25	6086	6122	6080	6090	108409	161749	0
2020-09-28	6090	6138	6008	6134	199635	152530	0
2020-09-29	6128	6144	6058	6094	115585	145617	0
2020-09-30	6104	6124	6020	6038	109041	144926	0
2020-10-09	6068	6114	6024	6028	132300	159961	0
2020-10-12	5996	6204	5978	6196	252297	150373	0
2020-10-13	6164	6168	6128	6152	133830	154257	0
2020-10-14	6144	6174	6118	6144	148112	155929	0
2020-10-15	6150	6166	6126	6142	160231	157814	0
2020-10-16	6152	6246	6152	6244	252534	158550	0
2020-10-19	6256	6268	6180	6212	168388	155896	0
2020-10-20	6214	6232	6132	6190	136418	151558	0
2020-10-21	6214	6240	6176	6210	147641	153484	0
2020-10-22	6196	6204	6054	6058	220206	162067	0
2020-10-23	6080	6090	6034	6036	145416	168278	0
2020-10-26	6012	6052	5992	6012	145700	175726	0
2020-10-27	6020	6058	5994	6046	156451	177971	0
2020-10-28	6058	6086	6016	6072	138299	169976	0
2020-10-29	6064	6096	6020	6048	136975	168928	0
2020-10-30	6078	6156	6078	6080	213034	147416	0
2020-11-02	6092	6148	6082	6140	132987	144846	0
2020-11-03	6154	6194	6126	6160	130205	150458	0
2020-11-04	6170	6184	6146	6156	86985	151875	0
2020-11-05	6174	6206	6132	6166	163871	153644	0
2020-11-06	6160	6166	6102	6130	152769	146050	0
2020-11-09	6174	6282	6172	6230	245268	174759	0
2020-11-10	6210	6242	6158	6184	167401	166348	0
2020-11-11	6202	6270	6188	6268	133970	175153	0
2020-11-12	6276	6300	6230	6250	126108	170384	0
2020-11-13	6278	6330	6272	6304	163448	177785	0
2020-11-16	6296	6296	6128	6138	219724	154219	0
2020-11-17	6162	6168	6076	6080	167095	154362	0
2020-11-18	6078	6102	6044	6046	131810	161550	0
2020-11-19	6044	6096	6042	6084	108221	161627	0
2020-11-20	6090	6148	6084	6090	209607	163347	0
2020-11-23	6140	6172	6110	6150	166457	152934	0
2020-11-24	6152	6280	6136	6274	195336	151250	0
2020-11-25	6260	6274	6216	6250	139365	151944	0
2020-11-26	6238	6312	6230	6266	143292	159610	0
2020-11-27	6276	6368	6156	6268	289076	161204	0
2020-11-30	6298	6392	6292	6354	193851	175305	0
2020-12-01	6308	6334	6232	6256	212484	160326	0
2020-12-02	6286	6350	6272	6312	164920	166351	0
2020-12-03	6284	6320	6258	6284	134132	166291	0
2020-12-04	6290	6562	6244	6494	468783	192922	0
2020-12-07	6552	6636	6450	6458	392746	191224	0
2020-12-08	6456	6492	6414	6416	220311	182170	0
2020-12-09	6448	6462	6308	6352	243172	168522	0
2020-12-10	6386	6442	6306	6440	262241	170015	0
2020-12-11	6504	6572	6354	6356	318981	159493	0
2020-12-14	6378	6510	6374	6480	245756	162436	0
2020-12-15	6520	6630	6470	6550	399265	163987	0
2020-12-16	6584	6656	6562	6620	277459	173386	0
2020-12-17	6630	6672	6588	6630	246420	176937	0
2020-12-18	6698	6858	6660	6812	298031	185226	0
2020-12-21	7020	7072	6798	6930	299618	188478	0
2020-12-22	6966	7038	6610	6714	376673	167961	0
2020-12-23	6702	6858	6684	6846	216094	168952	0
2020-12-24	6930	6936	6754	6812	175277	169455	0
2020-12-25	6868	6952	6810	6870	260872	169144	0
2020-12-28	6874	6986	6790	6808	281385	166117	0
2020-12-29	6844	6916	6746	6794	277481	160974	0
2020-12-30	6818	6930	6784	6910	262905	160737	0
2020-12-31	6876	6894	6702	6770	297243	150532	0
2021-01-04	6780	6934	6722	6888	268353	154086	0
2021-01-05	6886	7032	6828	7030	356617	171318	0
2021-01-06	7074	7244	7022	7180	403388	189966	0
2021-01-07	7240	7538	7158	7440	529067	213766	0
2021-01-08	7502	7796	7358	7468	841553	196695	0
2021-01-11	7490	7660	7386	7550	532873	185148	0
2021-01-12	7432	7452	7302	7414	285134	188993	0
2021-01-13	7522	7598	7362	7516	524959	191429	0
2021-01-14	7478	7602	7440	7474	464778	191045	0
2021-01-15	7548	7628	7160	7296	779360	181984	0
2021-01-18	7324	7482	7296	7432	395897	165856	0
2021-01-19	7482	7484	7334	7436	238034	165977	0
2021-01-20	7462	7556	7374	7506	432670	168945	0
2021-01-21	7484	7496	7248	7254	434350	158782	0
2021-01-22	7292	7368	7082	7108	377040	152137	0
2021-01-25	7256	7274	7106	7178	360881	153477	0
2021-01-26	7186	7218	6976	7038	206259	159161	0
2021-01-27	7060	7104	7010	7024	204307	156794	0
2021-01-28	6974	7088	6918	6978	294333	154540	0
2021-01-29	6970	6976	6742	6798	286516	154837	0
2021-02-01	6840	6916	6806	6870	188936	149519	0
2021-02-02	6872	6884	6702	6742	231509	148637	0
2021-02-03	6734	6786	6670	6766	175953	148725	0
2021-02-04	6764	7016	6720	6984	407977	154354	0
2021-02-05	6952	6964	6788	6798	278376	156031	0
2021-02-08	6818	6890	6784	6834	189512	158168	0
2021-02-09	6866	7066	6838	6968	240369	141716	0
2021-02-10	6986	7234	6964	7234	265796	135322	0
2021-02-18	7292	7490	7228	7476	260301	142435	0
2021-02-19	7362	7384	7266	7338	223006	145591	0
2021-02-22	7448	7578	7370	7488	376392	155901	0
2021-02-23	7524	7594	7478	7542	291621	159008	0
2021-02-24	7602	7744	7544	7616	377694	167770	0
2021-02-25	7724	7724	7472	7514	370608	172666	0
2021-02-26	7450	7670	7366	7624	328255	164513	0
2021-03-01	7798	7806	7542	7712	400422	169510	0
2021-03-02	7654	7770	7544	7642	357420	163443	0
2021-03-03	7692	7758	7556	7582	326263	169587	0
2021-03-04	7558	7652	7500	7504	283333	168488	0
2021-03-05	7386	7820	7368	7808	384646	175060	0
2021-03-08	7878	7882	7654	7752	383713	187836	0
2021-03-09	7788	7806	7530	7570	324930	177709	0
2021-03-10	7592	7776	7522	7562	414033	174001	0
2021-03-11	7498	7518	7366	7416	312515	168438	0
2021-03-12	7454	7468	7258	7276	293284	171884	0
2021-03-15	7240	7240	7090	7144	292189	162302	0
2021-03-16	7136	7186	7046	7052	213612	163307	0
2021-03-17	7072	7096	6970	6984	206421	169108	0
2021-03-18	7012	7180	7012	7120	245428	159391	0
2021-03-19	7034	7164	6880	6922	317420	177534	0
2021-03-22	6942	7086	6874	7062	248813	171761	0
2021-03-23	6990	6990	6896	6934	219754	180129	0
2021-03-24	6896	7004	6822	6850	292085	197693	0
2021-03-25	6868	7012	6852	6950	237141	179610	0
2021-03-26	6934	6964	6774	6920	308038	188179	0
2021-03-29	6944	7056	6846	6850	344191	198743	0
2021-03-30	6814	6920	6788	6810	257042	212801	0
2021-03-31	6780	6864	6716	6804	306053	228468	0
2021-04-01	6810	6892	6784	6812	277991	217229	0
2021-04-02	6844	6926	6780	6874	325726	205962	0
2021-04-06	6886	6936	6746	6850	389344	218661	0
2021-04-07	6892	6962	6798	6852	422019	204895	0
2021-04-08	6838	6920	6798	6798	302454	216513	0
2021-04-09	6804	6834	6734	6736	284205	243072	0
2021-04-12	6706	6770	6656	6728	344434	247441	0
2021-04-13	6758	6834	6728	6796	317992	219013	0
2021-04-14	6768	6948	6754	6948	405231	205608	0
2021-04-15	6954	7074	6914	7054	407865	197417	0
2021-04-16	7064	7196	6942	7148	517158	194369	0
2021-04-19	7086	7240	7064	7180	337204	189052	0
2021-04-20	7176	7186	7114	7164	225319	187869	0
2021-04-21	7112	7244	7110	7176	398915	185148	0
2021-04-22	7238	7278	7140	7190	309581	198751	0
2021-04-23	7182	7426	7176	7426	334751	228211	0
2021-04-26	7426	7436	7276	7280	261708	220497	0
2021-04-27	7314	7332	7150	7188	283480	212897	0
2021-04-28	7240	7296	7180	7212	235262	207061	0
2021-04-29	7262	7406	7254	7362	262965	218148	0
2021-04-30	7312	7434	7124	7132	348822	198902	0
2021-05-06	7216	7400	7168	7352	313692	197370	0
2021-05-07	7352	7548	7314	7422	403828	217631	0
2021-05-10	7502	7652	7464	7590	439300	233725	0
2021-05-11	7462	7568	7416	7464	347500	226493	0
2021-05-12	7482	7714	7376	7642	467063	251996	0
2021-05-13	7572	7718	7178	7208	616018	243392	0
2021-05-14	7190	7334	7012	7116	525482	223331	0
2021-05-17	7172	7226	7128	7170	289601	218337	0
2021-05-18	7220	7432	7194	7428	383000	209725	0
2021-05-19	7344	7476	7260	7424	514420	202449	0
2021-05-20	7206	7572	7152	7566	631669	214918	0
2021-05-21	7506	7680	7454	7522	591323	210206	0
2021-05-24	7512	7572	7334	7448	569768	193435	0
2021-05-25	7446	7594	7296	7304	621874	204592	0
2021-05-26	7320	7366	7242	7268	262321	203545	0
2021-05-27	7294	7328	7128	7160	404853	200987	0
2021-05-28	7322	7466	7208	7454	480340	182877	0
2021-05-31	7508	7762	7502	7762	611474	225506	0
2021-06-01	7746	7830	7694	7764	525424	232252	0
2021-06-02	7690	7778	7642	7758	393873	225117	0
2021-06-03	7800	7978	7686	7762	723655	232008	0
2021-06-04	7744	7848	7672	7840	500883	233342	0
2021-06-07	7856	7938	7770	7824	467896	238552	0
2021-06-08	7806	7842	7638	7708	432504	221190	0
2021-06-09	7742	7762	7616	7708	380382	213765	0
2021-06-10	7704	7718	7562	7566	343946	212219	0
2021-06-11	7636	7676	7514	7558	413577	223646	0
2021-06-15	7512	7540	7380	7418	385296	221082	0
2021-06-16	7422	7444	7302	7310	276046	211833	0
2021-06-17	7316	7376	7244	7304	340541	215611	0
2021-06-18	7256	7278	7184	7222	374955	223398	0
2021-06-21	7240	7366	7232	7314	362122	213883	0
2021-06-22	7332	7416	7286	7384	344839	207347	0
2021-06-23	7400	7504	7364	7480	293137	200079	0
2021-06-24	7500	7592	7482	7550	354904	185129	0
2021-06-25	7606	7684	7534	7614	393787	188362	0
2021-06-28	7586	7692	7546	7688	356749	199370	0
2021-06-29	7674	7676	7574	7606	268369	196659	0
2021-06-30	7618	7662	7586	7612	236037	196650	0
2021-07-01	7608	7608	7274	7274	434781	208689	0
2021-07-02	7280	7304	7238	7274	276039	221230	0
2021-07-05	7278	7368	7246	7338	229458	218207	0
2021-07-06	7388	7476	7368	7430	279049	201661	0
2021-07-07	7366	7482	7352	7474	269377	189945	0
2021-07-08	7474	7500	7262	7298	300986	200421	0
2021-07-09	7310	7376	7288	7322	215409	206911	0
2021-07-12	7342	7370	7204	7338	360117	211579	0
2021-07-13	7334	7340	7232	7252	215385	224326	0
2021-07-14	7284	7672	7280	7648	534218	202848	0
2021-07-15	7626	7788	7604	7782	409453	228374	0
2021-07-16	7836	7970	7802	7908	469573	235931	0
2021-07-19	7980	7996	7834	7862	264532	235623	0
2021-07-20	7798	7878	7776	7842	270476	231500	0
2021-07-21	7828	7828	7642	7698	256070	212539	0
2021-07-22	7696	7716	7596	7634	203924	200153	0
2021-07-23	7668	7788	7636	7702	279973	196506	0
2021-07-26	7736	7822	7658	7710	269410	205144	0
2021-07-27	7750	7770	7654	7716	219940	201787	0
2021-07-28	7774	8012	7762	7950	431415	245022	0
2021-07-29	7924	7944	7876	7932	212934	245437	0
2021-07-30	7994	8004	7810	7900	312409	241844	0
2021-08-02	7788	7872	7706	7826	305985	238152	0
2021-08-03	7846	7868	7736	7780	246625	222458	0
2021-08-04	7856	7904	7752	7784	284269	223460	0
2021-08-05	7804	7870	7698	7738	356616	217680	0
2021-08-06	7758	7848	7734	7832	264652	210403	0
2021-08-09	7820	7992	7772	7868	441200	233077	0
2021-08-10	7864	7920	7840	7892	243860	234467	0
2021-08-11	7934	7950	7758	7790	355700	227601	0
2021-08-12	7818	7838	7760	7782	241072	233548	0
2021-08-13	7788	7802	7684	7734	293311	225888	0
2021-08-16	7728	7740	7594	7608	336908	228317	0
2021-08-17	7626	7866	7588	7866	409790	206406	0
2021-08-18	7874	7946	7814	7946	397025	215016	0
2021-08-19	7894	7990	7874	7962	388398	230178	0
2021-08-20	7934	8008	7886	7938	375957	236825	0
2021-08-23	7998	8186	7962	8104	466767	264209	0
2021-08-24	8092	8114	7770	7770	454316	239833	0
2021-08-25	7850	7880	7778	7822	368955	221487	0
2021-08-26	7880	7884	7798	7810	278343	209664	0
2021-08-27	7786	7926	7780	7902	343514	209267	0
2021-08-30	8106	8328	8100	8328	215084	231649	0
2021-08-31	8522	8708	8460	8640	788257	247595	0
2021-09-01	8604	8762	8562	8680	659124	264972	0
2021-09-02	8634	8938	8632	8748	709018	279080	0
2021-09-03	8720	8764	8526	8714	621543	278750	0
2021-09-06	8726	8800	8632	8672	395919	270170	0
2021-09-07	8836	8962	8746	8784	568372	273599	0
2021-09-08	8744	8884	8738	8748	356293	269537	0
2021-09-09	8800	8976	8766	8908	545521	277652	0
2021-09-10	8926	8984	8672	8798	439291	268784	0
2021-09-13	8842	9174	8814	9118	590439	284096	0
2021-09-14	9078	9466	9040	9404	729995	305442	0
2021-09-15	9540	9870	9514	9870	673092	320962	0
2021-09-16	10244	10502	9828	9960	875995	264597	0
2021-09-17	10030	10116	9804	9960	590694	261958	0
2021-09-22	10644	10724	10580	10722	144835	262205	0
2021-09-23	11384	11856	11382	11854	599797	238576	0
2021-09-24	11532	11532	10188	10652	731914	170773	0
2021-09-27	11108	11708	11024	11616	531545	173891	0
2021-09-28	11794	12446	11600	12440	577507	193785	0
2021-09-29	12574	12750	11360	11896	667623	155805	0
2021-09-30	12124	12652	11846	12628	401550	150926	0
2021-10-08	12344	12668	12150	12422	276551	154853	0
2021-10-11	12760	13036	12448	12812	333301	164299	0
2021-10-12	12530	12794	12050	12258	326268	156731	0
2021-10-13	12324	12328	11116	11120	383695	147460	0
2021-10-14	11050	11534	10834	11522	286352	144783	0
2021-10-15	11572	11822	11138	11748	338110	152795	0
2021-10-18	11610	11928	11140	11784	317110	153486	0
2021-10-19	11626	12776	11552	12220	463164	158207	0
2021-10-20	11122	11444	11104	11104	255814	148676	0
2021-10-21	11752	12096	10446	11074	377572	144788	0
2021-10-22	11200	11202	10428	10430	319878	139222	0
2021-10-25	10418	10626	9792	9958	426579	147368	0
2021-10-26	9984	10278	9502	10116	450456	145482	0
2021-10-27	9764	9764	9012	9206	472911	137153	0
2021-10-28	8966	10114	8856	9688	548627	129580	0
2021-10-29	9690	9814	9388	9684	324935	122816	0
2021-11-01	9696	9754	9358	9568	206446	123260	0
2021-11-02	9466	9570	8862	9110	235077	138977	0
2021-11-03	9120	9374	8926	9232	182477	131011	0
2021-11-04	8958	9174	8758	8972	177505	136077	0
2021-11-05	8856	8860	8562	8570	142971	142043	0
2021-11-08	8686	8706	8530	8596	103871	141597	0
2021-11-09	8596	8820	8590	8692	118251	136445	0
2021-11-10	8470	8562	8314	8530	121150	136328	0
2021-11-11	8666	8926	8570	8714	118932	131344	0
2021-11-12	8618	8724	8546	8606	79012	127861	0
2021-11-15	8546	8552	8118	8120	117508	146960	0
2021-11-16	8150	8350	8120	8128	87556	139785	0
2021-11-17	8066	8198	8026	8050	71658	143958	0
2021-11-18	8000	8024	7818	7818	90012	150178	0
2021-11-19	7838	7956	7768	7884	94570	150023	0
2021-11-22	8008	8070	7890	7926	86850	149182	0
2021-11-23	7998	8552	7980	8362	165437	141774	0
2021-11-24	8510	8578	8438	8498	85581	137769	0
2021-11-25	8610	8660	8442	8496	74738	135622	0
2021-11-26	8220	8230	7826	7918	131296	147554	0
2021-11-29	7984	8298	7932	8224	126964	140631	0
2021-11-30	8284	8388	8180	8322	127453	142462	0
2021-12-01	8386	8590	8340	8462	149054	149778	0
2021-12-02	8304	8444	8224	8238	101226	150077	0
2021-12-03	8260	8380	8194	8278	94608	153423	0
2021-12-06	8382	8496	8060	8122	153296	169560	0
2021-12-07	8236	8240	8084	8096	99914	171807	0
2021-12-08	8054	8062	7826	7988	133881	175879	0
2021-12-09	8006	8156	8000	8064	93993	166088	0
2021-12-10	8082	8202	8044	8092	83895	158706	0
2021-12-13	8110	8194	7922	8162	110901	161058	0
2021-12-14	8140	8244	8084	8162	98711	160252	0
2021-12-15	8156	8158	7928	7932	108173	173651	0
2021-12-16	7908	7970	7886	7904	81683	184486	0
2021-12-17	8008	8066	7922	7936	104774	176504	0
2021-12-20	7962	8334	7956	8278	209162	172022	0
2021-12-21	8334	8388	8250	8334	123636	171376	0
2021-12-22	8390	8402	8066	8084	182799	171596	0
2021-12-23	8084	8124	8016	8032	115749	163897	0
2021-12-24	8104	8338	8092	8322	135850	163702	0
2021-12-27	8238	8316	8168	8218	99564	154404	0
2021-12-28	8266	8278	8100	8200	120089	146636	0
2021-12-29	8258	8498	8258	8440	196518	182785	0
2021-12-30	8422	8440	8264	8274	118520	169346	0
2021-12-31	8292	8332	8116	8172	112982	161937	0
2022-01-04	8230	8260	8016	8034	117044	176915	0
2022-01-05	8060	8106	8038	8050	90000	181543	0
2022-01-06	8078	8302	8078	8246	140710	172546	0
2022-01-07	8258	8398	8224	8320	130193	171734	0
2022-01-10	8342	8524	8334	8460	145928	192643	0
2022-01-11	8404	8436	8302	8428	89573	185277	0
2022-01-12	8514	8526	8402	8470	107815	198051	0
2022-01-13	8526	8812	8526	8546	220140	229137	0
2022-01-14	8578	8690	8548	8572	138791	232150	0
2022-01-17	8454	8474	8112	8128	202764	246079	0
2022-01-18	8164	8242	8136	8204	124845	233998	0
2022-01-19	8316	8420	8228	8282	140458	229303	0
2022-01-20	8332	8368	8258	8280	115975	233632	0
2022-01-21	7952	8166	7952	8044	186227	268036	0
2022-01-24	8126	8232	8090	8098	123460	244008	0
2022-01-25	8048	8116	8008	8044	98245	248523	0
2022-01-26	7986	8086	7978	8006	103090	250739	0
2022-01-27	8044	8100	8010	8030	99839	248646	0
2022-01-28	8052	8374	8032	8346	143467	229792	0
2022-02-07	8372	8492	8312	8430	111904	230392	0
2022-02-08	8482	8482	8376	8428	120844	235746	0
2022-02-09	8394	8396	8260	8316	99373	237839	0
2022-02-10	8358	8396	8324	8326	93287	243624	0
2022-02-11	8354	8388	8060	8062	155201	264341	0
2022-02-14	8014	8146	7980	8044	140772	274564	0
2022-02-15	8052	8102	8024	8090	111106	274375	0
2022-02-16	8150	8216	8102	8162	121220	267913	0
2022-02-17	8114	8180	8078	8090	113960	266335	0
2022-02-18	8114	8318	8108	8310	154277	256960	0
2022-02-21	8326	8470	8274	8442	137661	256026	0
2022-02-22	8470	8470	8328	8382	114420	258681	0
2022-02-23	8414	8474	8366	8460	114341	261926	0
2022-02-24	8482	8488	8316	8396	106838	260340	0
2022-02-25	8388	8438	8086	8112	196535	268481	0
2022-02-28	8152	8408	8142	8384	154543	245728	0
2022-03-01	8482	8570	8404	8496	184764	259365	0
2022-03-02	8530	8582	8430	8468	139648	259544	0
2022-03-03	8478	8584	8474	8510	117433	271400	0
2022-03-04	8474	8594	8386	8496	174805	277481	0
2022-03-07	8632	8822	8530	8674	247013	296502	0
2022-03-08	8692	8944	8676	8716	234598	294858	0
2022-03-09	8804	8804	8672	8724	134343	279924	0
2022-03-10	8620	8874	8574	8868	171746	285891	0
2022-03-11	8894	8960	8824	8888	150284	283458	0
2022-03-14	8914	8992	8810	8834	190485	293922	0
2022-03-15	8824	8842	8606	8660	181269	266392	0
2022-03-16	8786	8942	8762	8896	190246	274856	0
2022-03-17	8884	8892	8738	8802	120787	269662	0
2022-03-18	8868	8910	8742	8770	122247	272654	0
2022-03-21	8812	8836	8708	8730	116113	268497	0
2022-03-22	8722	8764	8652	8660	128100	273317	0
2022-03-23	8590	8610	8534	8564	143424	274442	0
2022-03-24	8636	8676	8578	8586	107269	267384	0
2022-03-25	8632	8792	8620	8744	168608	267750	0
2022-03-28	8696	8858	8688	8784	141076	265344	0
2022-03-29	8852	8854	8774	8824	109475	263762	0
2022-03-30	8770	8772	8676	8698	150192	262674	0
2022-03-31	8704	8766	8664	8686	135329	263420	0
2022-04-01	8658	8686	8620	8676	125099	260179	0
2022-04-06	8718	8910	8704	8894	194066	265569	0
2022-04-07	8840	8862	8642	8656	203418	276807	0
2022-04-08	8686	8870	8686	8840	228679	270993	0
2022-04-11	8832	8854	8636	8636	211248	288457	0
2022-04-12	8678	8698	8636	8684	150282	292739	0
2022-04-13	8704	8718	8646	8654	137750	291827	0
2022-04-14	8682	8828	8650	8724	217780	271138	0
2022-04-15	8750	8896	8750	8858	289285	292379	0
2022-04-18	8980	9068	8890	8996	375337	322365	0
2022-04-19	9018	9076	8844	8906	306117	303458	0
2022-04-20	8954	9020	8908	8932	206685	296810	0
2022-04-21	8956	8964	8874	8906	162248	292827	0
2022-04-22	8916	8922	8824	8888	173383	278585	0
2022-04-25	8662	8690	8452	8456	337485	269883	0
2022-04-26	8502	8572	8482	8486	159616	268779	0
2022-04-27	8556	8582	8466	8502	165288	266841	0
2022-04-28	8526	8558	8472	8534	142243	249473	0
2022-04-29	8504	8526	8456	8526	171367	248045	0
2022-05-05	8538	8606	8482	8564	165863	244936	0
2022-05-06	8522	8558	8362	8384	229822	274413	0
2022-05-09	8300	8336	8250	8268	200471	287305	0
2022-05-10	8166	8246	8070	8100	181012	299567	0
2022-05-11	8162	8222	8124	8154	123245	299812	0
2022-05-12	8174	8174	8032	8056	165356	313908	0
2022-05-13	8230	8300	8136	8148	235435	303938	0
2022-05-16	8218	8276	8180	8268	150899	296180	0
2022-05-17	8290	8414	8290	8364	158254	278579	0
2022-05-18	8288	8328	8256	8302	90044	278528	0
数据来源:通达信
