SNL9 沪锡指数 日线 前复权
      日期	    开盘	    最高	    最低	    收盘	    成交量	    持仓量	    结算价
2015-03-30	118680	119530	115660	118070	2518	852	0
2015-03-31	117210	119740	115990	118150	4522	1198	0
2015-04-01	117770	118860	117080	117910	4390	1300	0
2015-04-02	118240	119060	117980	118610	2728	1066	0
2015-04-03	118860	119430	118540	118830	1394	1030	0
2015-04-07	118870	119060	118270	118840	848	934	0
2015-04-08	118690	118880	117190	117880	860	782	0
2015-04-09	117660	117990	116550	116840	820	830	0
2015-04-10	116560	117020	115400	116050	2438	952	0
2015-04-13	116020	116330	115340	115990	1628	1044	0
2015-04-14	115620	115710	112360	112360	5594	1934	0
2015-04-15	113300	114170	112920	113890	4132	1732	0
2015-04-16	112610	113720	112150	112930	3874	2002	0
2015-04-17	112460	112870	109350	110030	11364	3650	0
2015-04-20	111510	112970	111150	111470	10568	2724	0
2015-04-21	111600	111890	111130	111580	3456	3036	0
2015-04-22	112990	113300	112430	112960	5892	2812	0
2015-04-23	113020	113760	112970	113320	3334	2538	0
2015-04-24	112940	113960	112940	113950	2100	2592	0
2015-04-27	114600	117930	114540	117930	17026	3160	0
2015-04-28	117730	118540	116550	117410	32078	4536	0
2015-04-29	117510	117730	115150	115410	10638	4718	0
2015-04-30	115770	119850	115100	117640	17800	5662	0
2015-05-04	117370	119510	117370	118800	8868	6152	0
2015-05-05	119040	119760	118010	118670	13080	6476	0
2015-05-06	119730	123670	119730	123390	32870	8744	0
2015-05-07	122940	125860	121490	121990	52038	7908	0
2015-05-08	122510	122890	120060	121380	22228	7688	0
2015-05-11	121200	122700	120760	122410	13936	7926	0
2015-05-12	120770	121920	119720	119990	17452	7798	0
2015-05-13	120830	121090	120020	120700	10468	7464	0
2015-05-14	120430	122430	117860	119490	31390	7544	0
2015-05-15	119260	119720	118640	119110	11010	7722	0
2015-05-18	118770	119950	118750	119280	11756	7618	0
2015-05-19	119530	119530	118100	118170	7610	7042	0
2015-05-20	117810	118020	114250	115880	27676	6446	0
2015-05-21	116590	120310	116330	119180	38406	7278	0
2015-05-22	119240	119700	116980	118040	24022	7004	0
2015-05-25	117360	119790	117080	117670	25838	7252	0
2015-05-26	117800	119620	117800	118400	18940	7136	0
2015-05-27	117210	117760	116410	116750	18150	7692	0
2015-05-28	116400	117610	116200	117070	15560	7278	0
2015-05-29	117010	117010	115830	116260	9282	6704	0
2015-06-01	115960	116450	115840	116230	4562	6302	0
2015-06-02	116340	117040	115990	116700	4260	6416	0
2015-06-03	116790	116990	115290	115870	3902	6200	0
2015-06-04	115910	115930	114830	115030	3784	6070	0
2015-06-05	115120	115210	114510	114540	1582	6190	0
2015-06-08	114320	115130	114160	114930	2292	6102	0
2015-06-09	114860	115680	114850	115250	2518	6090	0
2015-06-10	115530	115670	115090	115620	1492	6132	0
2015-06-11	115710	115840	115490	115640	1332	5992	0
2015-06-12	114850	115050	113800	113920	3776	5370	0
2015-06-15	113770	113870	113100	113340	1488	5144	0
2015-06-16	112200	112800	111990	112010	2098	5220	0
2015-06-17	112170	112340	111500	111890	1480	5140	0
2015-06-18	112300	112720	112050	112610	976	4988	0
2015-06-19	112910	114390	112590	113810	1790	4938	0
2015-06-23	113530	114410	113530	114350	1000	4826	0
2015-06-24	114060	114330	113080	113640	1326	4716	0
2015-06-25	113400	113860	110830	111990	2198	4638	0
2015-06-26	112240	112240	110880	111260	3032	5030	0
2015-06-29	110440	111620	109770	110510	2926	5598	0
2015-06-30	109680	110160	106650	106950	4796	6040	0
2015-07-01	107420	108320	105750	107660	3362	6486	0
2015-07-02	107940	109580	107320	109270	2892	6342	0
2015-07-03	109340	111100	109030	109440	2644	6444	0
2015-07-06	108600	109230	106960	107200	2338	6394	0
2015-07-07	108220	108600	106430	107570	2812	6314	0
2015-07-08	106050	106250	103040	103040	4264	6312	0
2015-07-09	104950	108670	103930	107740	3698	5806	0
2015-07-10	107200	108970	106680	107840	4052	6034	0
2015-07-13	107840	108180	106380	106900	2238	5954	0
2015-07-14	107350	109090	107110	108450	2874	5702	0
2015-07-15	108720	109360	108460	109070	2298	5624	0
2015-07-16	109540	109540	108200	109340	1954	2922	0
2015-07-17	109700	110440	109320	110260	2298	3026	0
2015-07-20	111520	112130	110880	111480	6420	2992	0
2015-07-21	111660	111760	110940	111090	3334	2782	0
2015-07-22	110970	111310	109070	109240	2264	2746	0
2015-07-23	108990	109310	108400	109080	1618	2790	0
2015-07-24	109400	109430	108360	108430	1486	2740	0
2015-07-27	108560	110850	107610	108530	3608	2754	0
2015-07-28	108700	109930	108340	109840	1918	2736	0
2015-07-29	111270	111980	110800	111730	3250	2646	0
2015-07-30	111570	111700	110170	110210	2920	2584	0
2015-07-31	110140	111130	109960	110030	1286	2584	0
2015-08-03	110630	111150	109260	109260	1764	2546	0
2015-08-04	109100	109260	108100	108780	1700	2396	0
2015-08-05	108820	109030	107270	107800	1136	2460	0
2015-08-06	107710	108330	106760	107470	1572	2432	0
2015-08-07	107700	108100	107120	107570	922	2400	0
2015-08-10	107010	108020	106990	107910	1018	2308	0
2015-08-11	107500	110380	107410	108560	1312	2190	0
2015-08-12	108490	108500	107570	108340	1192	2232	0
2015-08-13	108350	108930	107680	107910	1594	2184	0
2015-08-14	107900	108290	107500	107500	648	2184	0
2015-08-17	108380	108590	107430	107600	1016	2258	0
2015-08-18	107850	108000	107270	107550	610	2034	0
2015-08-19	107270	107680	107080	107580	876	1892	0
2015-08-20	107730	108090	107240	107470	666	1834	0
2015-08-21	107610	107850	105790	105800	868	1844	0
2015-08-24	104890	105870	102530	102620	1584	1848	0
2015-08-25	101510	102280	100890	101390	978	1824	0
2015-08-26	101580	102180	101090	101090	734	1780	0
2015-08-27	100820	101370	99480	100550	678	1750	0
2015-08-28	100370	102880	100350	101550	1558	1740	0
2015-08-31	101570	102310	99820	100520	1032	1750	0
2015-09-01	100940	101040	100310	100460	156	1728	0
2015-09-02	100800	101200	99090	100250	432	1804	0
2015-09-07	100140	100830	99390	100690	268	1720	0
2015-09-08	100520	101120	99630	101120	270	1730	0
2015-09-09	100400	103040	100390	101060	1180	1838	0
2015-09-10	101690	101870	100900	101640	1436	1896	0
2015-09-11	101490	102780	101490	102320	1334	2126	0
2015-09-14	102590	102760	101240	101340	688	2112	0
2015-09-15	101540	101670	100570	100690	594	2180	0
2015-09-16	101060	102030	100850	101690	472	1572	0
2015-09-17	101910	102180	101560	101570	326	1578	0
2015-09-18	101500	101720	101170	101170	406	1478	0
2015-09-21	100300	100790	99770	100260	804	1498	0
2015-09-22	100180	100180	99110	99110	536	1484	0
2015-09-23	98490	99120	98200	98730	652	1464	0
2015-09-24	98390	98770	97900	98570	350	1494	0
2015-09-25	98360	98970	98360	98660	452	1482	0
2015-09-28	98730	98730	96490	97140	802	1524	0
2015-09-29	96710	97220	96310	96820	804	1554	0
2015-09-30	96910	97740	96750	96870	592	1624	0
2015-10-08	97430	98750	97210	97740	384	1608	0
2015-10-09	97190	98800	97190	98630	1278	1806	0
2015-10-12	98950	99000	98120	98680	864	1970	0
2015-10-13	98760	99300	98390	98500	1454	2324	0
2015-10-14	98050	98550	97540	97710	1072	2532	0
2015-10-15	97760	100250	97600	99090	2830	3180	0
2015-10-16	99410	99560	97370	98530	2108	2556	0
2015-10-19	98470	99350	97400	98100	1976	2440	0
2015-10-20	97990	98560	97770	98240	790	2552	0
2015-10-21	98880	99200	98330	98430	2094	2910	0
2015-10-22	97880	98860	97880	98500	1120	2886	0
2015-10-23	98410	98670	97540	98480	1918	2834	0
2015-10-26	98540	98720	97310	97470	2420	2832	0
2015-10-27	96910	97790	96390	97220	2694	2978	0
2015-10-28	97070	97280	94770	95110	2164	3340	0
2015-10-29	94890	95870	94360	94580	4468	3738	0
2015-10-30	94280	94400	92800	93370	5634	4230	0
2015-11-02	93220	93900	93170	93610	2962	3912	0
2015-11-03	93610	94430	93230	93290	1226	3600	0
2015-11-04	93290	93570	92710	93030	1520	3616	0
2015-11-05	93020	93800	92820	93260	2108	3498	0
2015-11-06	92850	92920	91280	91900	3478	3670	0
2015-11-09	91840	92120	91350	91610	2482	3566	0
2015-11-10	91540	91600	89950	90830	2584	3572	0
2015-11-11	90580	90650	89920	90130	2654	3808	0
2015-11-12	90180	91210	90120	90910	2260	3968	0
2015-11-13	90200	90880	89650	89920	2782	3886	0
2015-11-16	90160	90480	89770	89770	1710	3824	0
2015-11-17	90220	90410	88160	88700	2858	3664	0
2015-11-18	89140	89330	87570	88020	3816	4168	0
2015-11-19	88080	88130	85310	85720	5460	4542	0
2015-11-20	85330	85610	83760	85160	7530	4398	0
2015-11-23	85020	85420	81320	81460	6900	4278	0
2015-11-24	81780	81920	80090	81310	9034	4234	0
2015-11-25	80810	83680	80680	83300	7710	3932	0
2015-11-26	82900	85810	82180	84190	8814	4036	0
2015-11-27	84970	86950	84540	84790	10906	4274	0
2015-11-30	84940	85380	84050	84820	5708	4588	0
2015-12-01	84940	85790	84710	85270	3792	4666	0
2015-12-02	85660	86690	85200	85780	2650	4964	0
2015-12-03	85480	86240	83480	84300	3744	5522	0
2015-12-04	84160	84650	83840	84040	1716	5548	0
2015-12-07	84640	85910	84340	85880	2068	5728	0
2015-12-08	85370	85450	83840	84600	1840	5530	0
2015-12-09	84390	85150	83860	84630	1752	5400	0
2015-12-10	84810	85430	84570	85000	1470	5392	0
2015-12-11	84790	86960	84750	86880	1684	5612	0
2015-12-14	86910	89350	86660	88960	4056	5868	0
2015-12-15	88550	89670	88550	89060	3244	5672	0
2015-12-16	88950	89680	88600	89520	1504	5558	0
2015-12-17	90100	91940	89670	91510	3468	5788	0
2015-12-18	91410	94420	91410	94420	7028	6620	0
2015-12-21	94930	97560	94930	97400	11690	7380	0
2015-12-22	97730	98520	96550	96960	21840	7640	0
2015-12-23	97070	97100	94250	94510	22200	6292	0
2015-12-24	94680	95280	93730	94060	18486	6650	0
2015-12-25	93600	94330	93590	93850	10710	6330	0
2015-12-28	93840	94140	92050	92130	9926	6926	0
2015-12-29	92280	92730	91130	92540	15382	7156	0
2015-12-30	93250	94620	92990	93820	17026	6902	0
2015-12-31	93850	94180	92580	93320	17668	6718	0
2016-01-04	92760	93890	91770	91950	7688	6656	0
2016-01-05	91860	93380	91600	93220	12816	6704	0
2016-01-06	93030	93240	92270	92890	10462	6806	0
2016-01-07	92200	93370	91790	92280	13160	6712	0
2016-01-08	92260	93110	90630	92660	15362	7102	0
2016-01-11	92720	93840	92720	93300	14374	7734	0
2016-01-12	93340	94260	92410	92840	15376	7692	0
2016-01-13	93010	93260	91930	92890	17534	8402	0
2016-01-14	92600	93730	92090	93220	13796	7450	0
2016-01-15	93060	94370	92790	93180	13306	7670	0
2016-01-18	92840	95470	92840	95080	17056	7176	0
2016-01-19	94910	95360	94410	94810	13012	7158	0
2016-01-20	94650	94680	93550	93940	11564	6180	0
2016-01-21	94350	95660	94310	95260	20752	6692	0
2016-01-22	95240	96390	95240	96140	15442	6924	0
2016-01-25	96570	97820	96490	97700	20892	7794	0
2016-01-26	97570	97940	96810	97680	16062	8172	0
2016-01-27	98670	100440	98460	100350	33532	9940	0
2016-01-28	100450	100940	100030	100250	29206	10886	0
2016-01-29	99800	99850	97700	98280	39608	9126	0
2016-02-01	99850	100240	97880	98450	39850	8812	0
2016-02-02	98630	99170	98430	98960	21854	8432	0
2016-02-03	99300	99350	97960	98690	19452	7920	0
2016-02-04	98810	99950	98400	99750	16554	7452	0
2016-02-05	100290	100370	98630	99420	11954	6436	0
2016-02-15	98060	100260	98060	99930	6466	7250	0
2016-02-16	99850	100170	99030	99190	12678	7938	0
2016-02-17	99350	99540	98230	98760	10222	8220	0
2016-02-18	99570	99580	98600	99330	11418	8488	0
2016-02-19	99490	100270	98920	100230	13494	9598	0
2016-02-22	100350	103470	99800	103260	25034	12188	0
2016-02-23	103500	105660	103480	105520	52004	17896	0
2016-02-24	105990	106280	104790	105160	54672	18056	0
2016-02-25	105350	106250	104860	105170	44566	17514	0
2016-02-26	105320	105460	102570	103950	48678	14918	0
2016-02-29	104230	105370	102930	103640	51368	14770	0
2016-03-01	104410	104410	103200	104090	31772	14586	0
2016-03-02	104390	105010	103880	104710	32314	14444	0
2016-03-03	104820	108530	104780	108530	74206	20312	0
2016-03-04	109570	113900	108660	111590	79582	17022	0
2016-03-07	112380	114670	111810	112900	83278	17280	0
2016-03-08	114070	117560	111140	114580	118966	17898	0
2016-03-09	113490	113550	110090	110170	76958	16654	0
2016-03-10	110860	112690	108160	109010	97214	16070	0
2016-03-11	109580	111010	107730	109930	70954	16284	0
2016-03-14	110460	110990	109330	109890	52926	15960	0
2016-03-15	110270	110440	108310	108720	50584	16240	0
2016-03-16	108440	109650	108390	109500	42208	16536	0
2016-03-17	109440	110470	109310	110000	34356	16218	0
2016-03-18	110140	113650	110050	112870	62478	16992	0
2016-03-21	112770	112980	108220	109410	56578	15506	0
2016-03-22	109880	110470	108910	109000	42240	15836	0
2016-03-23	109270	110510	108320	109060	46190	15506	0
2016-03-24	109860	110700	109050	110250	72042	17244	0
2016-03-25	110750	112080	110400	112010	58178	19198	0
2016-03-28	112140	112870	108350	108630	41262	17868	0
2016-03-29	108950	109780	108170	108510	41860	18158	0
2016-03-30	109090	109290	105110	105190	68850	20502	0
2016-03-31	105490	105920	103100	103540	71488	21556	0
2016-04-01	103820	105660	103740	104980	52768	18930	0
2016-04-05	103620	105840	103400	105550	20216	18912	0
2016-04-06	105190	106340	105040	106230	30704	18416	0
2016-04-07	106390	107490	106180	107180	27494	18914	0
2016-04-08	107110	107110	105380	106700	34450	18876	0
2016-04-11	107800	110630	107670	109280	36142	18118	0
2016-04-12	109560	109900	107490	108660	26762	18356	0
2016-04-13	109280	112800	109050	110800	35648	18120	0
2016-04-14	111550	113680	110480	112250	42632	18540	0
2016-04-15	112910	113060	110860	111680	24190	18820	0
2016-04-18	111850	111870	109920	110440	26148	18960	0
2016-04-19	110810	112190	110320	111880	25556	19088	0
2016-04-20	112230	112750	110830	111710	25614	19166	0
2016-04-21	112530	114890	111230	114810	31216	20870	0
2016-04-22	115440	115440	110390	111640	29836	18944	0
2016-04-25	112660	113750	109560	110240	25232	19538	0
2016-04-26	109700	110800	108530	108900	16102	20164	0
2016-04-27	108980	110240	108550	109090	13390	19880	0
2016-04-28	108670	109030	107540	107740	13984	19464	0
2016-04-29	108050	109980	108050	109220	16696	19286	0
2016-05-03	109110	111650	108590	111650	9846	19376	0
2016-05-04	112640	112740	110810	111190	20036	19304	0
2016-05-05	111410	113520	110930	112730	31476	21162	0
2016-05-06	112830	113530	109600	110330	41814	19456	0
2016-05-09	111130	112330	109470	109900	33430	19122	0
2016-05-10	110210	110250	106080	108480	39188	18818	0
2016-05-11	107930	109640	107140	109070	27222	18488	0
2016-05-12	109050	111870	106610	110060	25900	18086	0
2016-05-13	109500	109640	105700	107430	34336	20226	0
2016-05-16	106950	108260	105580	107870	22470	19864	0
2016-05-17	108070	108650	106930	108220	23502	11634	0
2016-05-18	107770	108630	106550	106590	24382	12516	0
2016-05-19	106160	107500	105830	106740	22608	12680	0
2016-05-20	105920	107390	105530	107150	15354	12300	0
2016-05-23	107500	107510	105510	105930	23894	12418	0
2016-05-24	105260	106210	104240	105520	19438	12170	0
2016-05-25	105330	105570	104610	104700	15456	12550	0
2016-05-26	104740	106600	104550	106500	18358	12104	0
2016-05-27	106270	108350	105820	108300	20190	11228	0
2016-05-30	108360	108450	107400	107990	13552	10932	0
2016-05-31	107870	108970	107540	108640	12930	10310	0
2016-06-01	108520	108730	106120	106170	19154	10486	0
2016-06-02	106420	108290	106370	108100	18240	9826	0
2016-06-03	107850	108270	107040	107540	12180	10026	0
2016-06-06	108840	109420	108360	109290	17156	10030	0
2016-06-07	109520	109660	108920	109500	11530	9784	0
2016-06-08	109320	109530	108450	109270	12436	9692	0
2016-06-13	109940	111980	109830	111560	10064	11238	0
2016-06-14	111720	112060	110660	111890	11696	11720	0
2016-06-15	111760	111930	111030	111760	10592	12250	0
2016-06-16	112920	113090	111140	111430	17318	11900	0
2016-06-17	111740	113160	111280	112790	11764	12594	0
2016-06-20	113130	113130	111580	112290	10260	12656	0
2016-06-21	112190	112330	110670	110930	13086	12266	0
2016-06-22	110650	111890	110600	111680	9580	12464	0
2016-06-23	112130	112130	110620	111490	9548	12034	0
2016-06-24	111930	112780	110310	110610	18052	11596	0
2016-06-27	111040	113110	110850	112880	14430	13072	0
2016-06-28	111960	112790	111930	112590	11938	12602	0
2016-06-29	113300	113440	111020	111640	20102	12300	0
2016-06-30	112310	113070	111670	112770	14328	12548	0
2016-07-01	112560	117980	112060	117980	34266	18242	0
2016-07-04	119040	123880	117800	122740	58804	17128	0
2016-07-05	123790	125640	117820	120330	61354	15976	0
2016-07-06	120760	121340	115840	117300	45308	14832	0
2016-07-07	116910	119500	116460	116940	33660	14096	0
2016-07-08	117650	117670	113910	114940	24324	12958	0
2016-07-11	115930	119240	114890	117570	29400	13370	0
2016-07-12	117740	120480	117470	119830	29480	14664	0
2016-07-13	119830	121990	118190	119080	46540	15158	0
2016-07-14	119360	119610	117540	118020	24636	14962	0
2016-07-15	118370	119830	118130	119730	27312	15568	0
2016-07-18	120450	120500	117060	117060	25874	15428	0
2016-07-19	117470	118180	116750	117370	22668	15538	0
2016-07-20	117570	118510	116830	118100	23596	15656	0
2016-07-21	117640	119490	117180	118830	21650	15816	0
2016-07-22	119100	119800	117540	118010	23598	15252	0
2016-07-25	117900	118520	116870	117560	13848	14750	0
2016-07-26	117780	118520	116930	118160	16866	14814	0
2016-07-27	118130	121900	117950	120910	39090	17014	0
2016-07-28	121120	121570	120310	121360	22698	17026	0
2016-07-29	121630	121830	119310	120110	17934	16070	0
2016-08-01	120270	120420	118570	119810	16334	15362	0
2016-08-02	120030	120850	118890	120580	13394	15272	0
2016-08-03	120770	120860	119200	119550	13494	14650	0
2016-08-04	119410	119460	117680	117840	15918	14166	0
2016-08-05	118070	120800	117880	120340	16084	13616	0
2016-08-08	120480	122350	119590	122270	16750	14892	0
2016-08-09	121530	122660	120910	122490	11606	15280	0
2016-08-10	122820	125510	122240	124720	20188	16662	0
2016-08-11	124950	125910	123450	123710	22332	16286	0
2016-08-12	123260	124580	123220	124420	14162	16176	0
2016-08-15	123830	124050	121990	122430	13014	14582	0
2016-08-16	122560	124080	122440	123610	11082	14936	0
2016-08-17	123240	124080	122520	122680	8484	14448	0
2016-08-18	122610	122960	121060	121500	14290	13038	0
2016-08-19	121660	123220	121660	122270	9190	12536	0
2016-08-22	122110	123220	121940	122260	12078	12540	0
2016-08-23	122750	122800	120710	122060	7612	12694	0
2016-08-24	122910	124860	122720	124640	15658	14406	0
2016-08-25	124880	125020	122170	123140	18292	13358	0
2016-08-26	123230	123880	122670	123480	8816	13394	0
2016-08-29	124130	124620	123410	124330	11218	13776	0
2016-08-30	124120	124350	123620	123780	10086	14208	0
2016-08-31	123650	123850	122580	123520	10068	14198	0
2016-09-01	123590	125010	123290	124720	15130	16328	0
2016-09-02	124860	127780	124720	127550	30564	19992	0
2016-09-05	127570	128500	127360	127770	17748	20606	0
2016-09-06	128070	128220	126150	127070	17170	20106	0
2016-09-07	127290	127620	126370	127610	15788	21244	0
2016-09-08	127670	127820	126360	126990	14724	20604	0
2016-09-09	127180	127540	126820	126880	11042	19886	0
2016-09-12	126660	126680	122030	122350	32280	16486	0
2016-09-13	123300	123670	122580	122650	17276	15912	0
2016-09-14	122900	123420	122000	122590	16728	16244	0
2016-09-19	122450	124800	122450	123860	11874	15182	0
2016-09-20	124190	124790	124090	124540	9000	10930	0
2016-09-21	125430	125680	123890	124390	14518	11276	0
2016-09-22	124090	126770	123740	126220	19268	10846	0
2016-09-23	126300	127500	125960	127070	16008	12070	0
2016-09-27	127590	127680	125380	127340	15882	11068	0
2016-09-28	127240	127740	126240	127500	12594	11852	0
2016-09-29	127830	129920	127370	128170	23164	12784	0
2016-09-30	128310	129170	127730	128710	11292	12336	0
2016-10-10	128740	129730	126710	129360	12160	12898	0
2016-10-11	129300	130200	128820	129890	13480	14828	0
2016-10-12	129270	129450	127760	129010	15842	13974	0
2016-10-13	129520	129560	127810	128110	11794	14178	0
2016-10-14	127400	128400	126820	126920	15738	12944	0
2016-10-17	127160	128680	127100	128220	13472	12292	0
2016-10-18	128020	129380	127210	128760	14064	13542	0
2016-10-19	129490	129560	128540	128770	12276	13522	0
2016-10-20	129010	129930	128570	129580	15468	14770	0
2016-10-21	129630	132100	129620	131990	37324	20650	0
2016-10-24	131860	132400	131210	132350	18628	20482	0
2016-10-25	132550	134640	132350	134200	25146	20824	0
2016-10-26	134420	135890	132670	133360	22102	19520	0
2016-10-27	133760	134490	132290	133110	16118	19516	0
2016-10-28	133270	135880	132770	135680	20026	20874	0
2016-10-31	135800	136320	134120	135360	17620	19438	0
2016-11-01	135490	138140	134570	137600	27388	20108	0
2016-11-02	137070	137980	135460	135690	20660	18790	0
2016-11-03	135740	138090	135630	137970	13234	19228	0
2016-11-04	138460	143410	138330	142720	43388	21782	0
2016-11-07	141540	147420	140930	147420	37030	21824	0
2016-11-08	147160	154900	146710	150270	62468	20568	0
2016-11-09	150000	154230	146720	150070	62504	21738	0
2016-11-10	151780	155670	149360	153930	77092	23264	0
2016-11-11	153710	154470	150480	153180	42404	22476	0
2016-11-14	151760	157480	143240	146490	74420	18348	0
2016-11-15	146500	152580	142650	144080	49496	17636	0
2016-11-16	142980	146160	142960	145110	26090	17878	0
2016-11-17	144820	145050	141230	141600	25518	17424	0
2016-11-18	142290	144680	139190	140450	30222	17564	0
2016-11-21	141690	145160	138610	143510	32938	16884	0
2016-11-22	145200	149280	143330	147610	31728	17140	0
2016-11-23	147440	148490	145640	147110	21886	17050	0
2016-11-24	147200	151230	146260	146960	44888	17358	0
2016-11-25	147340	148550	143540	146070	25030	17298	0
2016-11-28	145220	149240	144430	149240	27788	17212	0
2016-11-29	148800	149480	142550	142960	30888	16318	0
2016-11-30	143500	143870	137610	140310	30090	16512	0
2016-12-01	143070	146740	141510	145980	29710	16360	0
2016-12-02	145500	146040	142550	144170	20020	15820	0
2016-12-05	144030	145860	143460	144430	20064	15524	0
2016-12-06	145180	145670	143330	145240	18128	15412	0
2016-12-07	145070	146880	144000	146320	20384	16288	0
2016-12-08	147490	148190	144320	144920	21918	15190	0
2016-12-09	146240	146460	142640	144330	16610	15500	0
2016-12-12	144490	145800	143320	143610	14620	16074	0
2016-12-13	143050	148970	142630	148280	24108	16946	0
2016-12-14	149590	149950	146060	148540	22262	16464	0
2016-12-15	148110	150920	146750	150780	22104	17734	0
2016-12-16	149740	150650	148720	148840	14234	17220	0
2016-12-19	148500	149890	144400	144480	18364	14928	0
2016-12-20	143860	145310	142720	144300	15612	14720	0
2016-12-21	144600	145680	144040	144770	8034	14880	0
2016-12-22	144840	145400	143450	143450	11272	15202	0
2016-12-23	143280	145910	142720	144230	14062	15200	0
2016-12-26	144980	145430	137880	140900	29238	16498	0
2016-12-27	140730	145170	140440	144960	13972	15660	0
2016-12-28	144750	147030	144350	146730	17582	14464	0
2016-12-29	146390	148600	145040	147430	19180	15290	0
2016-12-30	147700	148260	145590	146530	15212	14094	0
2017-01-03	146860	150100	145390	149520	15920	16778	0
2017-01-04	149620	151090	148280	150200	26468	17738	0
2017-01-05	150070	154330	149260	153890	26234	20404	0
2017-01-06	153590	153780	151570	152430	28430	21968	0
2017-01-09	152790	153370	151890	152910	19158	22558	0
2017-01-10	152960	155090	152000	154310	27010	24222	0
2017-01-11	154690	154980	152470	153060	20940	23040	0
2017-01-12	152760	152890	147350	149170	34416	20666	0
2017-01-13	148520	150150	148300	148850	18372	19420	0
2017-01-16	148730	151100	148730	150200	16682	18862	0
2017-01-17	150530	150630	145560	146860	19028	13518	0
2017-01-18	146780	149060	146620	147740	14038	13186	0
2017-01-19	147240	148790	147220	148210	12134	12534	0
2017-01-20	148340	149040	144040	144110	18062	13716	0
2017-01-23	143590	146210	143330	144850	17344	13418	0
2017-01-24	143930	146820	143920	145580	11726	12690	0
2017-01-25	145850	148730	145470	148230	10602	11646	0
2017-01-26	148060	149960	145940	149010	8582	11092	0
2017-02-03	146050	148980	146050	146140	5826	11350	0
2017-02-06	145970	147090	145170	145550	10668	12180	0
2017-02-07	144830	145910	143580	144640	18248	13874	0
2017-02-08	142870	144720	142820	144000	23866	15396	0
2017-02-09	143830	146780	143830	145760	24610	14232	0
2017-02-10	145970	146490	145290	146080	18012	13576	0
2017-02-13	146490	150600	146260	150380	24972	12766	0
2017-02-14	150290	150830	149250	150780	20304	13210	0
2017-02-15	151360	151420	147370	148570	22222	12218	0
2017-02-16	149060	150380	148090	148590	19700	12454	0
2017-02-17	148300	149060	146230	146770	15622	12288	0
2017-02-20	146890	148620	145750	148030	17034	12332	0
2017-02-21	148530	149760	148050	149050	15988	12606	0
2017-02-22	149000	149460	147720	148200	11720	12236	0
2017-02-23	147860	148490	145110	145290	16524	13484	0
2017-02-24	145670	146040	144120	145620	17112	13364	0
2017-02-27	145980	148270	145590	147100	16360	12322	0
2017-02-28	146900	147950	145760	145860	13440	12598	0
2017-03-01	145560	146780	145560	146060	12704	13010	0
2017-03-02	146870	148440	146760	147680	16702	12350	0
2017-03-03	147200	147270	145410	145980	16536	12926	0
2017-03-06	146050	146560	144800	145180	16252	13368	0
2017-03-07	144640	145450	143870	144430	15536	14450	0
2017-03-08	144240	144460	142700	142940	17232	15538	0
2017-03-09	143150	143400	139990	140980	23592	17860	0
2017-03-10	140650	143270	138950	142920	24878	17740	0
2017-03-13	143150	145140	142350	145140	25152	15780	0
2017-03-14	145150	145270	143810	144150	13306	15080	0
2017-03-15	145160	146480	144710	145890	21876	14872	0
2017-03-16	146080	147520	145860	147270	14060	14158	0
2017-03-17	147720	147720	146010	146810	14926	14266	0
2017-03-20	147370	147690	146550	147030	12914	14628	0
2017-03-21	147530	147630	145700	146650	15616	15086	0
2017-03-22	147160	147270	145190	145950	18504	15212	0
2017-03-23	145920	147260	145520	146710	14582	14798	0
2017-03-24	146200	147020	145480	146490	14762	14882	0
2017-03-27	146200	146270	142370	142690	20294	15528	0
2017-03-28	142290	144220	141370	142870	18112	14890	0
2017-03-29	143060	144500	142420	143910	13112	14186	0
2017-03-30	143550	144290	142790	143210	12074	14908	0
2017-03-31	143010	144130	142470	142900	13240	14442	0
2017-04-05	143020	144220	141920	143610	9462	14524	0
2017-04-06	143950	146970	143870	146920	17090	14872	0
2017-04-07	146960	146960	145510	146120	21634	14262	0
2017-04-10	145920	146520	145290	145440	11166	13842	0
2017-04-11	145840	145840	141920	141940	19302	15162	0
2017-04-12	142180	142820	140430	141180	23308	16230	0
2017-04-13	141380	143390	140420	142630	22070	15884	0
2017-04-14	142770	143690	141110	141220	13588	16180	0
2017-04-17	141120	143330	138690	143110	23326	15402	0
2017-04-18	142710	143340	142120	142620	11614	14954	0
2017-04-19	142720	142720	139900	140950	20734	15948	0
2017-04-20	141670	142380	138830	141470	25758	16742	0
2017-04-21	141220	141960	140050	140230	20018	16330	0
2017-04-24	139850	140090	136230	137740	36030	19684	0
2017-04-25	137200	138820	137000	138160	20130	19124	0
2017-04-26	137910	139040	137620	138060	19134	19210	0
2017-04-27	139440	141650	139440	140720	20396	17030	0
2017-04-28	140480	142170	140320	141940	17724	16144	0
2017-05-02	142340	145140	142140	144060	11264	15728	0
2017-05-03	143760	143840	142410	142490	13402	15594	0
2017-05-04	141980	142030	140310	141020	17440	16252	0
2017-05-05	141070	142140	140130	140310	18764	16724	0
2017-05-08	140280	141260	139360	139360	18358	17228	0
2017-05-09	139800	141640	139630	141460	17002	17550	0
2017-05-10	141730	142040	140700	140770	13430	17322	0
2017-05-11	141210	141660	139850	141590	17548	17794	0
2017-05-12	142280	142310	141160	141430	13932	17680	0
2017-05-15	141560	141580	140210	141040	17286	17700	0
2017-05-16	141120	141340	140240	141010	18478	14484	0
2017-05-17	141220	143360	140710	143190	20684	15538	0
2017-05-18	142950	144320	142620	143970	19590	16378	0
2017-05-19	143520	144950	143330	144060	17632	17136	0
2017-05-22	144600	147670	144400	145160	26622	17762	0
2017-05-23	145950	146090	144720	145000	15598	18372	0
2017-05-24	145240	145440	143870	144300	10088	18238	0
2017-05-25	144460	146010	143960	146010	13938	19560	0
2017-05-26	145820	146350	144590	144830	15372	18836	0
2017-05-31	144890	145480	142750	143250	13346	18034	0
2017-06-01	143460	144490	142140	143680	16374	18200	0
2017-06-02	143990	144110	142580	142730	11600	18574	0
2017-06-05	142700	143980	142280	142520	15826	18162	0
2017-06-06	142300	143660	141760	143320	15802	19580	0
2017-06-07	143080	144440	141420	141720	25140	20656	0
2017-06-08	141430	142310	141010	141830	17480	19918	0
2017-06-09	141450	142060	141200	142060	13820	19504	0
2017-06-12	141910	142520	141530	142220	14704	19234	0
2017-06-13	142220	145660	141730	144880	29726	21344	0
2017-06-14	144880	146290	144060	146270	26340	23076	0
2017-06-15	145960	146110	144530	144810	20746	22078	0
2017-06-16	144740	146210	144640	145610	15966	22204	0
2017-06-19	145740	145750	143790	144470	21978	20630	0
2017-06-20	144620	144730	142990	143270	13840	20630	0
2017-06-21	143200	143500	142250	142980	17962	20654	0
2017-06-22	143260	145200	143150	144730	19666	20402	0
2017-06-23	144940	145380	143200	144470	14494	19712	0
2017-06-26	144380	144440	142550	142910	13972	20880	0
2017-06-27	143020	143250	141800	143000	15072	21026	0
2017-06-28	142950	144680	142870	144490	17216	20368	0
2017-06-29	144480	145340	143960	145230	14764	21472	0
2017-06-30	145950	146230	144900	145680	17634	22494	0
2017-07-03	145430	146000	145040	145650	11138	22968	0
2017-07-04	145800	146610	144360	144780	16836	22450	0
2017-07-05	144900	146140	144600	145560	11894	22992	0
2017-07-06	145100	145140	143780	143870	14206	21810	0
2017-07-07	144030	144610	143840	144370	11454	21860	0
2017-07-10	144280	144860	142890	143460	16930	21306	0
2017-07-11	143180	144830	143070	144790	13442	21408	0
2017-07-12	145000	145560	144590	145450	15556	21796	0
2017-07-13	145770	146390	145060	145950	12922	23178	0
2017-07-14	145800	145850	143380	143460	19926	21468	0
2017-07-17	143660	145840	143370	145500	17028	21574	0
2017-07-18	145500	145820	144440	145640	13242	21432	0
2017-07-19	145910	148270	145710	147450	39884	26004	0
2017-07-20	147470	147530	146160	146320	15340	25740	0
2017-07-21	146430	146740	145210	145570	16944	23650	0
2017-07-24	145880	147360	145570	146600	17960	24432	0
2017-07-25	146840	147340	146270	147110	13876	24904	0
2017-07-26	147260	148470	146610	146930	25192	24360	0
2017-07-27	147380	150640	147280	150410	46288	29844	0
2017-07-28	150460	151580	148540	149210	38168	28204	0
2017-07-31	149970	150750	149010	150070	21206	28070	0
2017-08-01	149800	150110	147400	147490	18564	26704	0
2017-08-02	146430	147850	146250	146590	17674	25840	0
2017-08-03	146700	148170	146700	147610	11554	24788	0
2017-08-04	148010	149210	147840	148670	15812	23896	0
2017-08-07	148780	148880	147380	148250	13282	23886	0
2017-08-08	148280	149150	146540	147190	17310	24232	0
2017-08-09	146670	148080	146610	148020	27986	25816	0
2017-08-10	148080	148940	146840	147880	20354	24930	0
2017-08-11	147330	148080	145240	146080	21664	24896	0
2017-08-14	146330	146710	144760	144770	14826	25186	0
2017-08-15	144580	145860	144440	145300	12496	24848	0
2017-08-16	144950	146070	143700	144050	17452	25220	0
2017-08-17	144210	146930	144200	146390	29290	24066	0
2017-08-18	145890	146120	144800	145600	15034	23776	0
2017-08-21	145760	146080	144970	145630	17972	23444	0
2017-08-22	145720	146120	145040	145530	15640	23906	0
2017-08-23	145600	145660	142930	143490	23954	25118	0
2017-08-24	143820	145070	143740	144870	16352	24198	0
2017-08-25	145390	145450	144490	144890	16324	24064	0
2017-08-28	144860	145580	143540	145470	16796	24306	0
2017-08-29	145820	146980	145070	145900	19528	23782	0
2017-08-30	145910	146260	144650	145070	16104	23748	0
2017-08-31	144420	147180	144380	146720	20356	25222	0
2017-09-01	146870	147140	146160	146480	12968	25152	0
2017-09-04	146470	147430	146320	146410	22388	25400	0
2017-09-05	145800	146750	145600	145630	15564	25448	0
2017-09-06	145750	145890	144570	144640	16876	25976	0
2017-09-07	144720	144980	144000	144120	14782	26408	0
2017-09-08	144130	144890	142920	143890	18584	26640	0
2017-09-11	143520	144370	142410	143930	17974	26406	0
2017-09-12	143990	144470	143680	144160	13618	26564	0
2017-09-13	143840	144570	143800	144370	10770	25888	0
2017-09-14	143970	145090	143200	143700	17452	25500	0
2017-09-15	144170	144440	142040	142220	17008	27034	0
2017-09-18	142170	144860	141880	144300	13864	19632	0
2017-09-19	144110	145890	143950	145270	14190	19612	0
2017-09-20	145410	146570	145130	146220	13808	19454	0
2017-09-21	146290	146580	144310	144780	17412	18754	0
2017-09-22	144950	145180	143220	144210	18970	18252	0
2017-09-25	145110	146180	143800	145360	19666	18924	0
2017-09-26	145720	147190	145350	147190	16416	19470	0
2017-09-27	146680	147440	146450	147260	13194	19440	0
2017-09-28	147180	147260	145830	146320	12674	18160	0
2017-09-29	146420	147120	146310	146840	9750	17988	0
2017-10-09	146390	148390	145720	148290	11292	19550	0
2017-10-10	148380	148570	146520	146760	15326	19380	0
2017-10-11	146860	147310	145640	145780	15524	19610	0
2017-10-12	145720	146580	145060	146330	17042	19212	0
2017-10-13	146500	147200	146040	146920	10820	18804	0
2017-10-16	146860	148000	146580	147880	18762	19784	0
2017-10-17	147710	147970	146750	147110	12810	19334	0
2017-10-18	146700	146870	145230	145490	15996	20020	0
2017-10-19	144740	145410	144620	144760	12642	20188	0
2017-10-20	144270	145110	144120	144610	14394	21062	0
2017-10-23	144010	144980	143720	144760	16598	21364	0
2017-10-24	144460	145650	144410	145030	11554	20890	0
2017-10-25	145060	145260	144720	145020	7946	20556	0
2017-10-26	144980	145900	144820	145230	9000	20552	0
2017-10-27	145290	145360	143740	143740	12422	21016	0
2017-10-30	143430	144950	143430	143720	8522	20758	0
2017-10-31	143590	144150	142780	143690	11892	21600	0
2017-11-01	143260	145410	141010	144440	34818	22242	0
2017-11-02	144410	144720	143590	144180	14574	21462	0
2017-11-03	143660	144410	143640	143930	7784	21240	0
2017-11-06	143820	144510	143520	144240	10040	20680	0
2017-11-07	144260	144400	142620	142750	16012	22696	0
2017-11-08	142690	143070	141460	141780	13464	23768	0
2017-11-09	141410	142720	141280	142110	12498	23456	0
2017-11-10	142140	144210	141870	143930	18078	21936	0
2017-11-13	144090	144490	143180	143850	10914	21150	0
2017-11-14	143010	144830	142900	144050	12392	20900	0
2017-11-15	143910	144110	141980	143070	16692	21142	0
2017-11-16	143570	143850	142870	143170	10400	20902	0
2017-11-17	143540	143730	142350	142540	10578	21056	0
2017-11-20	142730	143490	142400	142710	8682	20652	0
2017-11-21	142630	143470	142280	143020	11320	20816	0
2017-11-22	142830	143560	142480	142830	9350	21114	0
2017-11-23	142700	143020	141240	141780	15970	23062	0
2017-11-24	141990	143430	141710	143390	14574	22384	0
2017-11-27	143830	144090	143060	143250	13872	21426	0
2017-11-28	143180	143850	142810	143110	13146	21360	0
2017-11-29	143100	143210	142440	142620	10426	21720	0
2017-11-30	142780	143170	141660	141830	14866	22214	0
2017-12-01	142090	142310	140460	140910	17646	23334	0
2017-12-04	140640	142200	140550	141950	12536	22250	0
2017-12-05	141690	142080	140620	140670	9736	22522	0
2017-12-06	140200	141290	139610	141080	14134	22292	0
2017-12-07	141110	141290	139740	140130	9708	22172	0
2017-12-08	140300	140500	139480	139640	11972	23176	0
2017-12-11	139590	139750	138130	138140	16068	24572	0
2017-12-12	138400	138990	136470	137920	31082	25484	0
2017-12-13	138000	138140	134340	134810	28912	29506	0
2017-12-14	134070	136450	133160	135390	39050	28450	0
2017-12-15	135250	136160	134940	135360	16674	28260	0
2017-12-18	136320	138980	136270	138560	27836	26846	0
2017-12-19	139100	139290	138150	138390	17264	25934	0
2017-12-20	138510	139650	138220	139290	16134	25486	0
2017-12-21	140110	140140	139100	139410	14712	25312	0
2017-12-22	139530	139690	138670	139190	11814	25342	0
2017-12-25	138870	140230	138870	139990	15850	25022	0
2017-12-26	140020	142470	139460	142440	20484	24266	0
2017-12-27	142240	142630	141530	142070	11718	23284	0
2017-12-28	141970	143690	141790	143690	13968	22980	0
2017-12-29	143450	144520	143040	144320	17452	22048	0
2018-01-02	144480	146140	144080	145370	9556	21856	0
2018-01-03	145630	145750	144100	144610	10614	21620	0
2018-01-04	144680	145140	143700	144920	10124	21682	0
2018-01-05	144850	145320	144020	145150	9272	22098	0
2018-01-08	144860	145060	143930	144230	8910	21932	0
2018-01-09	144300	144480	143410	144330	11452	21748	0
2018-01-10	144520	145240	144260	145040	12482	21564	0
2018-01-11	145420	145790	144880	144910	9746	21730	0
2018-01-12	145220	145520	144590	145120	12940	21860	0
2018-01-15	144950	145410	144490	144630	12786	21440	0
2018-01-16	145060	145800	144770	144990	11640	17940	0
2018-01-17	144820	145590	144540	144760	12600	17782	0
2018-01-18	144920	145160	143660	143800	14254	18564	0
2018-01-19	144170	146110	143660	146090	21424	19354	0
2018-01-22	146000	146920	145390	146720	16012	20714	0
2018-01-23	146890	147090	145960	146920	11924	20560	0
2018-01-24	146670	146930	146250	146640	7302	20584	0
2018-01-25	147510	148070	146860	146940	15732	21450	0
2018-01-26	147320	147900	146660	147130	12526	21850	0
2018-01-29	148550	151500	148390	150980	43534	27382	0
2018-01-30	151370	151390	149440	150080	26888	27590	0
2018-01-31	150820	150840	148700	150210	22074	27714	0
2018-02-01	149900	150190	148970	149320	11854	26512	0
2018-02-02	149470	149900	148340	148760	12442	26078	0
2018-02-05	148970	150390	147510	150160	20964	27454	0
2018-02-06	149950	150790	149360	150050	17018	27804	0
2018-02-07	149880	151970	149540	151310	28484	31314	0
2018-02-08	151370	151970	149250	149410	27812	28412	0
2018-02-09	149370	149560	147110	147290	24662	26404	0
2018-02-12	146950	147450	146150	146470	17736	25154	0
2018-02-13	146690	147720	146450	146950	10704	24110	0
2018-02-14	147250	149450	147110	149020	15756	24152	0
2018-02-22	149100	149530	147240	147310	6900	24366	0
2018-02-23	147340	148470	147090	147480	14170	24572	0
2018-02-26	147910	148290	147050	147640	13264	24164	0
2018-02-27	147640	148640	147180	148400	16314	24588	0
2018-02-28	148050	148990	147810	148250	12684	25160	0
2018-03-01	148510	148650	147420	147530	12600	24898	0
2018-03-02	146960	147730	146740	147570	10088	24820	0
2018-03-05	147540	148480	147450	147810	11048	24782	0
2018-03-06	147630	148000	146720	146800	15856	25480	0
2018-03-07	147070	147360	146360	146780	13830	25510	0
2018-03-08	146490	146710	145820	145820	12130	25964	0
2018-03-09	146240	147480	145670	146670	21538	26234	0
2018-03-12	146340	147860	146310	147180	14246	25276	0
2018-03-13	146910	147210	146340	146390	12036	25156	0
2018-03-14	146700	146830	145400	145450	20040	26518	0
2018-03-15	145760	145760	144800	145160	23666	26584	0
2018-03-16	144380	145100	143840	145010	19788	25756	0
2018-03-19	144990	145400	144410	145120	14016	25812	0
2018-03-20	144540	144800	144020	144070	14718	26166	0
2018-03-21	144600	144650	143620	143640	15874	26678	0
2018-03-22	143800	145340	143620	145160	14646	25868	0
2018-03-23	145020	145550	141790	141870	30180	26714	0
2018-03-26	142160	143030	141830	142680	19216	26552	0
2018-03-27	142590	143600	142100	142340	14596	26260	0
2018-03-28	142610	142660	140660	141130	16472	27226	0
2018-03-29	141420	142300	140840	142300	15494	27484	0
2018-03-30	142900	145180	142730	145180	19818	27266	0
2018-04-02	144840	146800	144790	146650	22218	26340	0
2018-04-03	146650	146850	145700	146050	15936	25820	0
2018-04-04	146000	146280	145720	145970	14662	25760	0
2018-04-09	145870	146180	144730	145490	13870	25866	0
2018-04-10	145610	146140	145140	145420	14176	25780	0
2018-04-11	145630	145670	144540	145000	15174	26004	0
2018-04-12	144940	145010	143640	144000	19560	28152	0
2018-04-13	143730	144640	143510	144170	17968	28046	0
2018-04-16	144300	145290	143700	145200	17826	28218	0
2018-04-17	145230	146370	144950	146340	20470	29178	0
2018-04-18	146270	147270	145850	147170	19482	29706	0
2018-04-19	148120	148950	146480	147280	22680	29470	0
2018-04-20	147190	147780	146590	147640	16244	29678	0
2018-04-23	147780	147880	146940	147310	16358	29456	0
2018-04-24	146310	146630	145390	145540	21786	28606	0
2018-04-25	145450	146110	145240	145380	12658	28620	0
2018-04-26	145980	146640	145670	146050	16912	29926	0
2018-04-27	146300	147460	146240	146990	17406	29688	0
2018-05-02	146680	146820	146010	146650	8084	29470	0
2018-05-03	146610	146800	146200	146620	9414	30006	0
2018-05-04	146920	147910	146800	147250	19740	31980	0
2018-05-07	147150	147220	146630	146820	12378	31836	0
2018-05-08	146620	146680	145460	145600	19220	32166	0
2018-05-09	145790	145900	144820	144870	14576	32352	0
2018-05-10	144930	145880	144710	145880	16048	32642	0
2018-05-11	144650	145110	144650	145030	14986	34208	0
2018-05-14	144970	145610	144930	145560	12140	34776	0
2018-05-15	145190	145930	144970	145880	11876	34812	0
2018-05-16	145420	146480	145280	145730	10608	26730	0
2018-05-17	145410	146280	145180	145960	12128	26988	0
2018-05-18	145330	145610	144530	145010	17768	28744	0
2018-05-21	145080	146270	144340	146250	16336	27922	0
2018-05-22	145840	146480	145720	145830	11998	28288	0
2018-05-23	145980	147320	145540	147290	17822	29426	0
2018-05-24	147050	148270	146770	148250	25886	31212	0
2018-05-25	147950	148190	146450	146590	18974	28922	0
2018-05-28	146720	150860	146600	150530	39548	36468	0
2018-05-29	150340	155160	150050	154690	88864	46830	0
2018-05-30	154300	157540	153040	153330	124312	49308	0
2018-05-31	153410	156530	153220	155020	83064	54586	0
2018-06-01	155550	156530	153590	154860	70786	54032	0
2018-06-04	154960	155400	151570	151840	71536	51126	0
2018-06-05	151980	153790	150840	151760	60094	48656	0
2018-06-06	151920	153830	151900	152690	47452	48316	0
2018-06-07	152840	155070	152390	153520	69496	47654	0
2018-06-08	154180	154470	151640	152130	37702	45786	0
2018-06-11	152530	153510	151760	152220	26310	45680	0
2018-06-12	152680	153290	151450	151950	28956	45648	0
2018-06-13	152430	152510	147340	147600	61686	40358	0
2018-06-14	148190	148570	147320	147540	38786	38882	0
2018-06-15	147640	148530	146760	147470	31784	37198	0
2018-06-19	147240	147240	144930	144970	22546	35308	0
2018-06-20	144860	146340	144860	146150	17028	34808	0
2018-06-21	145780	147410	145700	145860	19824	34714	0
2018-06-22	145930	146340	145170	146220	18544	34522	0
2018-06-25	146230	146670	145150	145350	24030	33620	0
2018-06-26	145490	145770	144210	145580	21416	32960	0
2018-06-27	145290	145850	145030	145110	15886	33198	0
2018-06-28	144800	145610	144300	144310	27594	34532	0
2018-06-29	144110	144810	143950	144370	19498	35012	0
2018-07-02	144400	146160	144400	145240	28308	34078	0
2018-07-03	145330	146010	145090	145790	15630	33726	0
2018-07-04	146140	146450	144690	144840	19762	34140	0
2018-07-05	145020	145090	142700	142810	29140	36580	0
2018-07-06	143250	144130	141940	143590	31746	36174	0
2018-07-09	143150	144670	142990	144180	17686	36036	0
2018-07-10	143750	144540	143690	144370	13522	36610	0
2018-07-11	144790	144870	141560	142890	27166	37006	0
2018-07-12	143240	144720	142910	144430	19198	36622	0
2018-07-13	144120	146100	143950	145470	21054	36338	0
2018-07-16	145260	146160	144870	145370	17692	35956	0
2018-07-17	145030	145360	143960	144450	18704	36076	0
2018-07-18	144270	145150	144060	145100	15348	35780	0
2018-07-19	144950	145920	144770	144950	15478	35552	0
2018-07-20	144800	146920	144590	145870	24072	35166	0
2018-07-23	145720	146460	145130	145390	19470	36016	0
2018-07-24	145580	145650	144570	144980	17348	37018	0
2018-07-25	145400	146360	145290	146160	21482	36520	0
2018-07-26	146530	146560	145790	146190	17216	36406	0
2018-07-27	146600	147430	145840	147390	25582	37176	0
2018-07-30	147260	149220	146930	148510	28196	37718	0
2018-07-31	148820	149540	148360	148850	17474	38116	0
2018-08-01	148870	148980	147550	148020	15856	37372	0
2018-08-02	147870	148600	147700	147970	17510	36630	0
2018-08-03	147830	148250	146160	146360	20174	35968	0
2018-08-06	146930	147450	146530	147040	13620	35714	0
2018-08-07	147360	148430	146950	147950	15608	35882	0
2018-08-08	147640	148250	147100	148190	14424	35670	0
2018-08-09	148270	148410	147240	148110	13680	36052	0
2018-08-10	148380	148490	146320	146420	23456	38202	0
2018-08-13	146700	147180	146340	146910	11472	38110	0
2018-08-14	146850	146900	145000	146390	24020	38508	0
2018-08-15	145840	145950	144670	144670	20406	39390	0
2018-08-16	144550	145010	142360	144230	30452	39902	0
2018-08-17	143940	145130	143850	143850	20484	39650	0
2018-08-20	144410	145250	144110	144430	17054	39374	0
2018-08-21	144550	144610	142030	144320	32462	40340	0
2018-08-22	144540	145730	144130	144860	26118	39348	0
2018-08-23	145390	145860	144260	144440	18952	39898	0
2018-08-24	144720	145430	143960	145330	19056	40228	0
2018-08-27	144820	146000	144800	145460	20258	39854	0
2018-08-28	145440	146140	145090	146130	16412	39690	0
2018-08-29	145910	146370	144880	145530	15730	39564	0
2018-08-30	145450	146060	144740	145210	14368	39144	0
2018-08-31	145290	146900	145240	145890	22052	39332	0
2018-09-03	145840	146170	144890	144980	16714	39248	0
2018-09-04	145000	145030	143200	143320	25248	40518	0
2018-09-05	143840	145060	143000	145000	22128	40018	0
2018-09-06	144540	144840	143110	144090	21232	39588	0
2018-09-07	144060	144450	142850	143150	20790	40300	0
2018-09-10	143520	144760	143310	144640	18164	38784	0
2018-09-11	144670	145140	144300	144980	15620	38516	0
2018-09-12	144590	144740	143550	143860	18948	39584	0
2018-09-13	143840	144380	143540	144100	18862	40096	0
2018-09-14	144220	144400	143260	143650	25062	42180	0
2018-09-17	143840	145680	143470	144010	19876	40668	0
2018-09-18	143860	144520	143750	144520	13932	33312	0
2018-09-19	144550	144870	142340	144690	36010	33902	0
2018-09-20	144800	146280	144270	146090	22748	33686	0
2018-09-21	146040	147520	145650	147420	20550	32856	0
2018-09-25	147020	147280	146220	146890	8380	32006	0
2018-09-26	146910	146910	145720	145810	12574	32032	0
2018-09-27	146080	148440	145940	147970	24316	31930	0
2018-09-28	147760	148850	146900	147990	18584	30568	0
2018-10-08	147210	148010	146930	147240	8258	30118	0
2018-10-09	147560	147670	146650	147230	14102	30584	0
2018-10-10	147000	147460	146420	147110	16768	31164	0
2018-10-11	147210	147930	146720	147070	17366	31298	0
2018-10-12	147150	149050	147090	147780	23760	32418	0
2018-10-15	147590	148050	146670	146960	15012	32640	0
2018-10-16	146830	148040	146810	147800	17844	33834	0
2018-10-17	147900	148670	147530	148670	17612	34704	0
2018-10-18	148660	148800	147490	147620	15624	34592	0
2018-10-19	147710	147860	146350	146940	23552	34306	0
2018-10-22	147000	148100	146650	147470	14522	34758	0
2018-10-23	147580	148660	147290	147830	27218	34658	0
2018-10-24	148210	148520	147700	147970	18936	35084	0
2018-10-25	148160	148360	147530	147880	22046	34504	0
2018-10-26	148220	148250	147130	147660	21162	34786	0
2018-10-29	147750	147780	146750	146890	17526	34784	0
2018-10-30	146650	147350	146310	146870	16416	35154	0
2018-10-31	146570	146840	145490	145930	17824	36226	0
2018-11-01	145870	146370	145590	146060	16328	37436	0
2018-11-02	145980	146870	145940	146860	16564	37646	0
2018-11-05	146690	146940	145280	145510	19164	39124	0
2018-11-06	145570	146230	145010	146190	16298	39616	0
2018-11-07	146110	146890	145840	146770	20066	40432	0
2018-11-08	147000	148120	146560	147970	27806	40198	0
2018-11-09	148450	149970	148090	149940	38538	43814	0
2018-11-12	149800	151930	148990	151900	52324	48604	0
2018-11-13	151880	152880	151310	151780	44312	49666	0
2018-11-14	151450	152640	150800	152330	41498	50364	0
2018-11-15	152180	154390	151890	154040	63764	54370	0
2018-11-16	153870	154880	152960	153480	45980	52538	0
2018-11-19	153700	154880	152620	154060	42108	52622	0
2018-11-20	154240	154600	152590	152820	44944	52140	0
2018-11-21	152680	152770	149130	150990	55696	47840	0
2018-11-22	151210	151240	149160	149470	35878	45444	0
2018-11-23	149630	149650	146200	146820	61758	41672	0
2018-11-26	146330	148720	144260	145540	57012	43080	0
2018-11-27	145840	147610	144770	145290	49184	44784	0
2018-11-28	144260	145230	143660	144660	46414	46736	0
2018-11-29	144590	145170	144140	144340	26922	48036	0
2018-11-30	145010	145140	144200	144320	27522	48138	0
2018-12-03	144340	146940	143190	145510	41928	45736	0
2018-12-04	145820	146190	145130	146060	19532	45030	0
2018-12-05	146570	146910	145520	146370	26838	44032	0
2018-12-06	146550	146550	145010	145360	22462	43814	0
2018-12-07	145070	146400	144860	146100	22176	43258	0
2018-12-10	145550	146030	144920	145640	17750	43886	0
2018-12-11	145600	145690	144700	145490	19868	43532	0
2018-12-12	145540	146250	145230	145440	25760	43498	0
2018-12-13	145830	146240	145390	146160	17782	42646	0
2018-12-14	146010	146550	145620	145940	17018	42386	0
2018-12-17	145760	146460	145510	146370	18782	42938	0
2018-12-18	146210	146690	145720	145790	16344	42634	0
2018-12-19	145850	146270	145040	146220	21984	42022	0
2018-12-20	146230	146450	145480	145480	19264	42178	0
2018-12-21	145810	146600	145650	146460	18698	41814	0
2018-12-24	146470	146910	145930	146050	20282	41314	0
2018-12-25	146250	146290	145020	145090	21148	41262	0
2018-12-26	144810	144910	143930	144080	23044	43204	0
2018-12-27	144400	145450	144070	144200	16924	42838	0
2018-12-28	144580	144630	142000	143150	26764	45398	0
2019-01-02	143220	143770	142330	143620	14394	44608	0
2019-01-03	143290	143940	143190	143920	18866	44356	0
2019-01-04	143850	144600	143310	144040	23858	44542	0
2019-01-07	144170	144960	144000	144800	19482	44326	0
2019-01-08	145050	145240	144670	145020	15228	43480	0
2019-01-09	145130	146710	144930	146660	22180	42860	0
2019-01-10	146530	146540	145990	146120	13334	41986	0
2019-01-11	146400	147360	145860	147090	24854	42340	0
2019-01-14	147170	148600	146810	147430	25824	42838	0
2019-01-15	147640	148740	147160	148720	22990	44474	0
2019-01-16	148520	149190	148190	148810	22798	39052	0
2019-01-17	148650	148810	147660	148020	16846	38160	0
2019-01-18	148260	148690	147660	148030	20554	36780	0
2019-01-21	148360	148760	147110	148000	23430	35906	0
2019-01-22	148230	149760	147760	147960	32928	36064	0
2019-01-23	148170	148450	147150	147380	16460	35626	0
2019-01-24	148100	148770	147820	148280	19472	36222	0
2019-01-25	148870	149210	148300	148990	21300	36870	0
2019-01-28	147980	148100	147370	147740	20480	35372	0
2019-01-29	147990	148480	147450	147690	17598	35600	0
2019-01-30	147830	148890	147700	148710	19306	35182	0
2019-01-31	147950	148690	147600	148340	15964	34034	0
2019-02-01	149130	149150	147820	149030	12198	32966	0
2019-02-11	149120	150620	149060	150600	15390	34432	0
2019-02-12	150290	150410	149410	149970	12852	34500	0
2019-02-13	149730	150050	147910	148040	19300	33604	0
2019-02-14	148930	149270	148360	148720	14382	33472	0
2019-02-15	148890	148970	148140	148400	12684	33190	0
2019-02-18	148490	149650	148490	149180	17346	34066	0
2019-02-19	149160	150870	149070	150820	19484	37018	0
2019-02-20	150610	151430	150140	150550	20546	37874	0
2019-02-21	150910	151100	150390	150630	15384	37666	0
2019-02-22	150640	151180	149330	149700	20402	36616	0
2019-02-25	150260	153560	149930	152730	40642	39354	0
2019-02-26	152550	152760	151580	151650	26522	38840	0
2019-02-27	151860	151870	150140	150460	20064	38190	0
2019-02-28	150740	150860	150230	150710	14878	37898	0
2019-03-01	151410	151540	150360	151190	14246	37774	0
2019-03-04	151310	151480	150250	150440	17642	38188	0
2019-03-05	150010	150140	148980	149740	25038	36834	0
2019-03-06	149690	149990	148520	148680	19550	36484	0
2019-03-07	148700	148950	148420	148770	15680	36750	0
2019-03-08	148740	149140	147360	147420	23602	37140	0
2019-03-11	147530	148010	147020	147220	18776	39522	0
2019-03-12	146860	147520	146770	147380	16750	39452	0
2019-03-13	147550	148400	147380	147440	15680	39970	0
2019-03-14	147510	148040	147300	147960	13842	40348	0
2019-03-15	147740	147920	147010	147830	20664	41378	0
2019-03-18	147480	147880	146910	146910	20724	42962	0
2019-03-19	147140	147420	147010	147390	23162	43492	0
2019-03-20	147370	148520	147290	148520	19364	44172	0
2019-03-21	148300	148980	148090	148540	21426	43588	0
2019-03-22	148510	148830	148290	148410	14530	43572	0
2019-03-25	148690	148840	147240	147480	19360	43238	0
2019-03-26	147660	147680	147090	147550	14170	43404	0
2019-03-27	147580	147890	147230	147380	16972	44016	0
2019-03-28	147410	147650	146250	147320	28858	44962	0
2019-03-29	147400	149490	147280	148940	32420	43514	0
2019-04-01	148950	149750	148550	149400	18516	42172	0
2019-04-02	149220	149690	148720	149590	16338	41156	0
2019-04-03	148960	150040	148900	149810	15842	41038	0
2019-04-04	149410	149650	148850	149100	12790	40434	0
2019-04-08	149100	149560	148670	149540	10652	40554	0
2019-04-09	149580	149630	148910	149200	14740	41230	0
2019-04-10	149190	149430	148840	148970	17556	41010	0
2019-04-11	148590	149100	148080	148140	22068	41978	0
2019-04-12	148120	148420	147670	148290	16528	42514	0
2019-04-15	148600	149300	148230	148980	16622	42110	0
2019-04-16	148890	149030	147920	148050	14584	41328	0
2019-04-17	148030	148580	147780	148000	16072	41420	0
2019-04-18	147990	148180	147570	147660	16838	41408	0
2019-04-19	147570	148040	147050	148040	16150	40672	0
2019-04-22	147750	147920	147110	147160	16464	41392	0
2019-04-23	147340	147620	147110	147620	11006	40726	0
2019-04-24	147100	147550	146800	147400	17270	41374	0
2019-04-25	147310	147350	146510	146730	15464	42514	0
2019-04-26	146400	146570	145960	146150	13250	43292	0
2019-04-29	146530	147870	146420	147660	14648	42272	0
2019-04-30	147710	148220	147450	148220	13590	41232	0
2019-05-06	147360	147360	146360	146980	8456	41194	0
2019-05-07	147310	147920	147020	147110	14060	41618	0
2019-05-08	147070	147430	146650	146870	12814	41624	0
2019-05-09	146620	147110	145670	145790	15958	42838	0
2019-05-10	145640	146120	145330	146060	16584	44006	0
2019-05-13	145490	146560	145400	145470	15802	43486	0
2019-05-14	145640	145640	144910	145330	15986	43874	0
2019-05-15	145660	146100	145370	145640	14308	43690	0
2019-05-16	145480	146690	145430	146600	13510	36048	0
2019-05-17	145960	146150	145310	145350	18354	37584	0
2019-05-20	145700	145760	145040	145550	15982	37958	0
2019-05-21	145440	145550	145020	145160	12122	38538	0
2019-05-22	145430	145560	144470	144680	15812	40070	0
2019-05-23	144710	144980	144050	144430	11980	40192	0
2019-05-24	144400	144510	143510	144440	16614	41742	0
2019-05-27	144010	145910	143860	145560	17608	40430	0
2019-05-28	145130	146180	145080	146160	12774	39902	0
2019-05-29	145930	146090	145470	145510	11544	39430	0
2019-05-30	144930	145070	143110	143150	22080	43282	0
2019-05-31	143420	143990	142820	143390	17992	43946	0
2019-06-03	143380	143400	142550	143090	15828	43378	0
2019-06-04	143270	143840	143040	143350	14096	42838	0
2019-06-05	143270	143620	142920	143310	10042	43482	0
2019-06-06	143430	143610	142990	143310	11304	43264	0
2019-06-10	143540	144440	143020	144310	12304	43742	0
2019-06-11	144570	145620	144440	145500	17026	43010	0
2019-06-12	145430	145720	144770	145340	13064	42210	0
2019-06-13	145250	145770	144840	145550	10566	42194	0
2019-06-14	145500	146000	144670	144900	14670	42140	0
2019-06-17	144820	145000	144350	144440	9938	41904	0
2019-06-18	144330	144480	143530	143670	10896	42414	0
2019-06-19	143570	145020	143570	144080	14486	42884	0
2019-06-20	143780	144320	143670	144140	8934	42664	0
2019-06-21	144690	144730	144140	144340	10890	42640	0
2019-06-24	143970	144380	143270	143420	12542	43818	0
2019-06-25	143780	144270	143600	144130	11368	43768	0
2019-06-26	144070	144320	143530	143530	11784	44524	0
2019-06-27	143710	143950	143120	143740	11432	45014	0
2019-06-28	143790	143890	143120	143170	11366	45468	0
2019-07-01	143200	143210	141920	142360	19086	47722	0
2019-07-02	142620	142680	135380	135380	58452	52042	0
2019-07-03	134980	135020	128100	132620	166404	48094	0
2019-07-04	134070	135140	133310	133700	70830	47810	0
2019-07-05	134050	134570	133580	134140	33760	45580	0
2019-07-08	134050	137120	133800	136740	42446	41696	0
2019-07-09	136630	136700	135270	136070	27538	41934	0
2019-07-10	135630	137140	135520	136770	22494	40628	0
2019-07-11	136200	136510	133100	133900	40316	40616	0
2019-07-12	133610	135630	133420	134890	28182	39588	0
2019-07-15	134210	134560	133170	133500	22230	40430	0
2019-07-16	133600	135610	132430	135160	30092	38822	0
2019-07-17	134610	134650	133370	134410	16564	38678	0
2019-07-18	134140	136760	133950	134990	25678	37878	0
2019-07-19	134900	136300	134360	135330	18440	37496	0
2019-07-22	135260	136050	133970	134600	21896	37882	0
2019-07-23	135020	135950	134810	135020	16168	37966	0
2019-07-24	134500	134550	131160	134050	52644	40006	0
2019-07-25	134450	136560	134360	135220	33006	39352	0
2019-07-26	134990	136010	134830	135670	19290	38690	0
2019-07-29	135240	135510	133830	134880	24066	38178	0
2019-07-30	134430	135280	134100	134940	18974	38968	0
2019-07-31	135120	135310	134030	134310	22582	40462	0
2019-08-01	134300	135860	134300	134750	29298	40068	0
2019-08-02	134390	135470	134100	135320	23804	39250	0
2019-08-05	135310	135610	133160	133600	28944	39506	0
2019-08-06	133640	135080	133640	134780	21630	38252	0
2019-08-07	134850	134870	133870	134620	18130	37902	0
2019-08-08	134350	138320	133530	135430	54970	36532	0
2019-08-09	135290	136470	135180	135270	22794	35894	0
2019-08-12	135920	135990	131850	133670	35560	38072	0
2019-08-13	133950	135550	133670	133870	17304	38156	0
2019-08-14	133810	135430	133790	134890	16990	37370	0
2019-08-15	134620	134780	133340	133980	19028	37592	0
2019-08-16	134020	135470	133080	133080	21678	38754	0
2019-08-19	132650	133420	129980	130430	41838	44724	0
2019-08-20	130550	131670	130070	131420	37618	45036	0
2019-08-21	131480	132430	130920	131700	28990	43584	0
2019-08-22	131100	131530	130290	131410	25648	44358	0
2019-08-23	130640	131040	129150	129890	41032	47788	0
2019-08-26	129520	130330	127990	129000	34372	48282	0
2019-08-27	129300	129480	128320	128320	18984	48974	0
2019-08-28	128460	129350	128370	129230	21392	47822	0
2019-08-29	129390	130180	128830	128960	21774	46902	0
2019-08-30	129040	129800	128790	129560	18450	46224	0
2019-09-02	130550	135800	130530	135550	165722	47530	0
2019-09-03	136510	138750	133780	135350	116408	44086	0
2019-09-04	135640	141430	134300	140020	128800	47318	0
2019-09-05	140490	144930	138420	142780	204962	50234	0
2019-09-06	142010	143440	140140	140480	149710	48344	0
2019-09-09	141030	142040	138220	139210	86908	46220	0
2019-09-10	139150	141160	139140	140640	63012	45652	0
2019-09-11	140270	140540	139290	139820	40332	45054	0
2019-09-12	140010	142120	139510	141610	79082	44804	0
2019-09-16	137250	138430	135680	137170	47206	42074	0
2019-09-17	137790	138660	136690	137040	43084	38274	0
2019-09-18	136370	137890	136370	137280	31222	37526	0
2019-09-19	137350	137590	136810	137350	27842	38404	0
2019-09-20	136040	137250	135930	136890	35018	39280	0
2019-09-23	136400	138440	136160	137320	50806	39870	0
2019-09-24	137460	137610	136240	136550	27418	40044	0
2019-09-25	136460	136800	136050	136280	21176	39956	0
2019-09-26	136490	137550	135500	136110	29130	39374	0
2019-09-27	136490	137240	135090	135590	27634	38258	0
2019-09-30	135200	135310	133300	134790	35104	38962	0
2019-10-08	135010	135600	133720	135250	16446	39142	0
2019-10-09	135290	136990	135160	136910	33566	40758	0
2019-10-10	136700	137270	135790	136660	28272	40766	0
2019-10-11	136370	137030	135600	136160	27502	40460	0
2019-10-14	136550	138050	136080	137230	37414	41952	0
2019-10-15	137490	137620	136190	136860	27654	41860	0
2019-10-16	137230	139100	137050	138780	38754	43716	0
2019-10-17	138610	139880	138410	139620	42686	45424	0
2019-10-18	141190	141770	139920	140510	54378	45264	0
2019-10-21	139080	139640	137040	137990	46142	42686	0
2019-10-22	137740	137980	137240	137810	20732	42780	0
2019-10-23	138350	139300	138060	138380	23790	42636	0
2019-10-24	138130	138430	137370	138120	24882	43156	0
2019-10-25	138170	139380	137580	138210	22338	42968	0
2019-10-28	138170	139670	138090	139020	25692	43866	0
2019-10-29	139290	139390	138230	138520	22930	43442	0
2019-10-30	138530	138910	138440	138730	14628	43388	0
2019-10-31	138480	138570	137810	138330	21198	42642	0
2019-11-01	138670	138680	136610	137210	26714	44186	0
2019-11-04	137250	137640	136250	136640	23686	45460	0
2019-11-05	136490	137370	136100	136960	22858	44998	0
2019-11-06	136950	137100	136020	136570	15966	45820	0
2019-11-07	136550	137450	136400	136930	16746	45254	0
2019-11-08	137150	137490	136910	137180	15834	44392	0
2019-11-11	137130	138090	136630	137430	23372	43666	0
2019-11-12	137110	137140	136090	136300	21642	43954	0
2019-11-13	136160	136370	134260	134610	38150	48084	0
2019-11-14	135050	135070	133440	134650	26054	49088	0
2019-11-15	134650	135240	134170	134460	18454	49548	0
2019-11-18	134890	135550	133820	135270	31634	49870	0
2019-11-19	134650	134790	133390	134270	40074	50022	0
2019-11-20	134030	134640	133680	134390	19582	50230	0
2019-11-21	134590	137200	134550	136900	41710	48956	0
2019-11-22	136520	138300	136490	137800	50750	50176	0
2019-11-25	137570	137890	137010	137560	22110	49342	0
2019-11-26	137420	137840	136830	137410	24472	51100	0
2019-11-27	137160	137510	136810	136970	16128	51574	0
2019-11-28	137370	137910	137080	137170	23646	51616	0
2019-11-29	137380	137700	136500	137050	22634	51280	0
2019-12-02	137030	138360	136770	138290	24378	51410	0
2019-12-03	137860	137960	137020	137590	20102	50170	0
2019-12-04	138500	138550	137740	138070	26058	50732	0
2019-12-05	138250	138250	137130	138110	19566	49844	0
2019-12-06	138230	138410	137920	138280	14900	49830	0
2019-12-09	138350	139490	138340	139400	22954	50528	0
2019-12-10	139400	140750	139340	140340	20664	51790	0
2019-12-11	140380	140960	139990	140730	18244	51288	0
2019-12-12	140800	140830	139380	139870	25310	52408	0
2019-12-13	139670	139770	138620	138620	20254	52838	0
2019-12-16	138610	139950	138400	139760	17552	52468	0
2019-12-17	139570	139890	138830	139490	15666	51316	0
2019-12-18	139710	140380	139650	140190	17426	52366	0
2019-12-19	139780	141100	139590	140660	15406	52566	0
2019-12-20	140510	141010	140060	140470	16788	53252	0
2019-12-23	140100	141980	140100	141320	19060	52770	0
2019-12-24	141290	141740	140030	140150	23684	52998	0
2019-12-25	140130	140450	139220	139530	15908	53450	0
2019-12-26	139870	140360	139460	139730	17482	59020	0
2019-12-27	139740	139810	138880	138890	27436	68002	0
2019-12-30	138210	138910	136450	136740	72256	82058	0
2019-12-31	136880	137090	135700	135830	105352	90016	0
2020-01-02	136440	137070	135350	136370	30215	47170	0
2020-01-03	136230	137350	136100	136150	58139	49040	0
2020-01-06	135030	136100	134670	135680	90369	50897	0
2020-01-07	135590	136010	135390	136000	59442	53910	0
2020-01-08	136160	137180	135930	136440	58266	54262	0
2020-01-09	136610	138460	136500	138410	48560	54372	0
2020-01-10	138340	138680	137800	138080	36464	53639	0
2020-01-13	138210	138660	137570	138650	31744	53640	0
2020-01-14	138480	139390	138110	138700	35702	53769	0
2020-01-15	138880	140230	138610	139860	39185	54117	0
2020-01-16	139700	141020	139470	139810	42446	49386	0
2020-01-17	140640	140920	139960	140770	44327	50612	0
2020-01-20	140680	140950	138690	140040	48240	49991	0
2020-01-21	140170	141170	139010	139120	61197	49130	0
2020-01-22	139250	140690	138770	140210	36220	44989	0
2020-01-23	140120	140120	137270	137470	36710	36475	0
2020-02-03	133420	133420	130420	130840	15515	37547	0
2020-02-04	131250	132810	129820	131860	19489	40815	0
2020-02-05	130960	132410	130960	131810	16022	43484	0
2020-02-06	132050	133870	132050	133440	13657	48618	0
2020-02-07	133850	135300	133310	134010	23551	51226	0
2020-02-10	133920	134540	132860	133990	14589	52849	0
2020-02-11	133880	135210	133680	134850	11164	54071	0
2020-02-12	134550	135200	133990	134180	8968	54744	0
2020-02-13	134280	135020	133970	134670	7205	55711	0
2020-02-14	134670	135050	134360	134610	7479	56508	0
2020-02-17	134930	135620	134110	135560	11173	57531	0
2020-02-18	135210	136660	134910	135510	17667	59034	0
2020-02-19	135350	135990	135000	135730	7557	59301	0
2020-02-20	135430	136240	135360	135940	8655	59289	0
2020-02-21	135830	136130	135100	136120	11933	59856	0
2020-02-24	135760	137430	135740	137140	17126	59447	0
2020-02-25	136720	137000	135960	136790	18574	56243	0
2020-02-26	136780	137420	135810	135910	20354	61198	0
2020-02-27	136030	136750	135370	136210	22945	64728	0
2020-02-28	135430	135430	131580	131760	32796	67782	0
2020-03-02	132090	134610	131450	134470	32590	70016	0
2020-03-03	134480	136400	134480	135670	30484	71765	0
2020-03-04	135540	136360	135220	136320	34078	74473	0
2020-03-05	136350	137480	136280	136740	29028	73750	0
2020-03-06	136900	137040	135240	135510	24802	73559	0
2020-03-09	134990	134990	132880	133270	39302	71176	0
2020-03-10	134420	136380	134420	135300	29923	70119	0
2020-03-11	135180	135920	134840	135610	26578	71886	0
2020-03-12	135510	135510	133300	133890	35529	73899	0
2020-03-13	132090	132090	127000	129880	40066	75780	0
2020-03-16	129480	129850	126130	127060	47298	78603	0
2020-03-17	127160	127160	122970	123560	52228	77901	0
2020-03-18	121060	121060	117360	117360	56229	79699	0
2020-03-19	116720	116720	108180	108190	11456	76934	0
2020-03-20	110350	114980	104460	114540	85113	74610	0
2020-03-23	109620	110100	103250	107170	86022	74908	0
2020-03-24	109810	114160	109810	113850	119422	69333	0
2020-03-25	113100	116740	113100	116670	96318	66885	0
2020-03-26	116050	117860	115060	115310	100511	75507	0
2020-03-27	116290	118610	115790	118610	84787	76917	0
2020-03-30	117180	118740	115110	118120	58220	76787	0
2020-03-31	117690	120430	117690	119710	68612	77683	0
2020-04-01	119490	121850	119490	120470	80106	75201	0
2020-04-02	120420	121650	117730	119580	106798	72224	0
2020-04-03	118840	120470	118280	119930	79211	70683	0
2020-04-07	120560	122360	120160	120630	62756	70751	0
2020-04-08	120790	121410	119250	121270	54974	74118	0
2020-04-09	121530	122170	120770	121760	47239	75352	0
2020-04-10	121660	125910	121660	125600	60906	76140	0
2020-04-13	126030	127920	125570	126400	58888	75436	0
2020-04-14	126950	128070	125110	125770	69007	74590	0
2020-04-15	126050	126840	125200	126210	54499	73865	0
2020-04-16	125750	125750	124150	125220	48981	74018	0
2020-04-17	125430	127870	125430	127240	57533	74449	0
2020-04-20	126610	128450	125890	127220	64656	73052	0
2020-04-21	127090	127280	124540	124600	74193	71337	0
2020-04-22	124610	124610	121300	122300	53054	70110	0
2020-04-23	123040	128080	123040	127410	72545	71348	0
2020-04-24	126680	127520	125620	127210	66552	69370	0
2020-04-27	126870	132610	126870	130670	93297	65943	0
2020-04-28	130680	131020	128010	128380	68768	62536	0
2020-04-29	128260	129090	127780	128190	53454	59412	0
2020-04-30	128470	128830	126630	127520	41943	56709	0
2020-05-06	127160	129490	127160	128630	46280	59784	0
2020-05-07	127930	129650	127920	128600	50935	63090	0
2020-05-08	129250	130730	128890	130060	52472	65640	0
2020-05-11	130140	131340	129300	130970	63671	66236	0
2020-05-12	130710	131210	129520	129810	50905	65281	0
2020-05-13	130600	130890	128890	129930	55671	65676	0
2020-05-14	130110	130220	128860	129300	50621	65569	0
2020-05-15	129270	129270	127510	128840	50060	65440	0
2020-05-18	128130	130350	127290	130340	49472	63397	0
2020-05-19	130210	131380	129690	130130	44289	61668	0
2020-05-20	130640	134590	130630	134220	65302	63264	0
2020-05-21	133840	135520	133210	134180	63605	60562	0
2020-05-22	134360	134360	131230	131290	68734	55076	0
2020-05-25	132130	134510	132130	132900	59628	49953	0
2020-05-26	133310	133510	131840	133170	73322	43409	0
2020-05-27	133030	134130	132700	133370	85190	43809	0
2020-05-28	133230	133930	132350	133930	68815	45262	0
2020-05-29	133510	134990	133460	134710	57017	45662	0
2020-06-01	134430	135620	133670	135370	60628	45684	0
2020-06-02	135640	135800	133990	134720	47038	47057	0
2020-06-03	135390	137010	135380	136790	51694	47759	0
2020-06-04	136260	136410	133600	133900	57475	45797	0
2020-06-05	134170	135210	134170	134910	51203	44835	0
2020-06-08	136330	137560	136100	137140	58611	44621	0
2020-06-09	137400	138510	136560	138400	51191	45519	0
2020-06-10	137940	138680	137140	138370	50442	44640	0
2020-06-11	138860	139530	136690	137350	54320	43147	0
2020-06-12	136450	137520	135600	137160	52827	41683	0
2020-06-15	137250	137670	134620	134870	57395	41282	0
2020-06-16	135370	138170	134790	137990	60180	40577	0
2020-06-17	137910	138560	137450	138420	48457	40615	0
2020-06-18	138100	138800	137650	138510	39274	40313	0
2020-06-19	138380	138380	136640	137410	45360	37820	0
2020-06-22	137720	138800	136450	137020	47216	36138	0
2020-06-23	137270	138480	136770	138240	47733	32781	0
2020-06-24	137730	138400	137550	138220	31728	30252	0
2020-06-29	138040	138350	136830	137350	40952	29586	0
2020-06-30	137200	138910	136890	138670	51274	32316	0
2020-07-01	138710	139000	137490	138510	56407	36330	0
2020-07-02	138320	138570	137520	138380	45887	36104	0
2020-07-03	138420	140250	138120	139780	51942	38813	0
2020-07-06	139850	142610	139230	142370	47382	41629	0
2020-07-07	141890	142350	140440	141050	43756	40161	0
2020-07-08	140870	141670	140540	141110	41867	39151	0
2020-07-09	141040	141460	139730	140880	50815	37997	0
2020-07-10	141890	142490	138670	138910	66962	36939	0
2020-07-13	139280	144460	139240	143870	80911	37765	0
2020-07-14	143200	143920	141700	142670	63672	37157	0
2020-07-15	142590	143000	141690	142100	54969	37044	0
2020-07-16	142120	142240	139080	139880	69562	35854	0
2020-07-17	140740	142110	140690	141170	67541	34866	0
2020-07-20	140850	141330	139720	140310	60034	34074	0
2020-07-21	140630	142410	140550	141450	61269	34759	0
2020-07-22	142530	143750	141690	142840	66517	36806	0
2020-07-23	142600	142850	140510	141300	55571	33966	0
2020-07-24	141910	143510	141520	141880	65793	28313	0
2020-07-27	142360	146920	142170	146610	78527	35825	0
2020-07-28	145960	154200	145920	148160	112645	36762	0
2020-07-29	147780	150620	145670	147450	74198	40495	0
2020-07-30	147740	148090	146510	147220	76334	42175	0
2020-07-31	146360	147110	145220	146640	70019	42346	0
2020-08-03	145600	147480	143560	146510	68302	43183	0
2020-08-04	146600	148260	145130	146110	75046	43262	0
2020-08-05	146330	147240	145320	146020	69027	43512	0
2020-08-06	146060	147590	145190	146000	88191	42915	0
2020-08-07	146380	148660	145870	146650	84341	42847	0
2020-08-10	147070	147390	144510	144960	85460	42581	0
2020-08-11	145520	146590	142780	143000	80328	43865	0
2020-08-12	143500	144310	141700	143600	78022	44056	0
2020-08-13	143840	143950	141230	141780	63213	43868	0
2020-08-14	141560	143500	141480	142060	62654	45140	0
2020-08-17	142520	144170	141690	142980	62449	44861	0
2020-08-18	142770	143430	141870	142950	61505	45100	0
2020-08-19	142770	143520	141970	142660	68914	45226	0
2020-08-20	143440	144620	141750	142040	85275	44994	0
2020-08-21	142460	144460	142080	144020	68041	42381	0
2020-08-24	143240	143250	140780	141400	67697	42410	0
2020-08-25	141490	142090	141020	141310	48381	39296	0
2020-08-26	140760	142060	140700	141620	54652	41590	0
2020-08-27	142030	143960	141830	143810	61984	39804	0
2020-08-28	143680	144640	143360	144450	55820	40141	0
2020-08-31	144260	145960	143610	145280	46543	40201	0
2020-09-01	145100	146160	144700	145860	43747	42078	0
2020-09-02	145850	147020	145450	146610	48197	43715	0
2020-09-03	146850	148710	146390	147300	63579	44146	0
2020-09-04	147040	147260	144880	146140	55129	42800	0
2020-09-07	146030	147450	145650	145740	54367	43076	0
2020-09-08	146950	148150	146890	147330	59387	43914	0
2020-09-09	146230	146230	144150	144590	63077	42619	0
2020-09-10	144700	145600	143150	143510	60133	42804	0
2020-09-11	143660	143850	141610	142180	56454	44515	0
2020-09-14	142670	145330	142590	144950	50735	42570	0
2020-09-15	144590	144600	143380	143940	50544	43631	0
2020-09-16	144520	145090	143790	143930	56712	42229	0
2020-09-17	144320	144850	141840	141840	50316	43361	0
2020-09-18	142380	144070	141320	143920	55782	44266	0
2020-09-21	143310	145370	142150	145300	58015	42561	0
2020-09-22	144440	144900	142870	144080	61590	40947	0
2020-09-23	144770	146770	144430	145100	76438	41245	0
2020-09-24	144050	144080	141370	141580	87894	40550	0
2020-09-25	140150	141760	139060	141350	89521	39829	0
2020-09-28	139770	142180	138520	141770	74465	43386	0
2020-09-29	142080	143420	142050	143300	69743	42122	0
2020-09-30	143720	145660	142980	145470	69612	40554	0
2020-10-09	146570	148610	146390	147220	43412	42443	0
2020-10-12	147550	147650	146300	146390	52757	46953	0
2020-10-13	146960	147280	145860	146380	55106	47975	0
2020-10-14	146030	146600	145660	146070	46327	47967	0
2020-10-15	146130	147110	145870	146230	49021	47758	0
2020-10-16	145970	147100	145530	146330	54634	47135	0
2020-10-19	145640	147310	144870	147030	64533	47644	0
2020-10-20	148050	148400	146580	147320	54725	46872	0
2020-10-21	147700	148120	147110	147120	69503	47410	0
2020-10-22	147620	148330	145570	145710	73102	44368	0
2020-10-23	145510	146470	145380	146130	45180	38782	0
2020-10-26	146230	146260	143240	143240	58006	36913	0
2020-10-27	142700	144730	142670	144040	43208	37759	0
2020-10-28	144200	145070	143440	144210	46256	38795	0
2020-10-29	143430	143860	142500	143660	41843	38124	0
2020-10-30	143020	144020	142130	142740	46325	37707	0
2020-11-02	142350	144310	142060	144090	42906	37522	0
2020-11-03	143710	145920	143410	145820	38239	38175	0
2020-11-04	146010	146490	144760	145220	39004	37808	0
2020-11-05	145760	146610	145490	146200	38054	38698	0
2020-11-06	145920	147020	145520	146720	41531	39176	0
2020-11-09	147190	147480	145790	146440	49090	39197	0
2020-11-10	146560	147010	145780	145950	45219	39247	0
2020-11-11	145730	146610	145320	145510	42878	39142	0
2020-11-12	145170	146520	145130	145450	44035	38436	0
2020-11-13	145770	146730	145160	146450	48483	39777	0
2020-11-16	146060	148890	145890	148800	60145	43802	0
2020-11-17	148910	150420	148130	148510	70313	44686	0
2020-11-18	149050	152520	148830	151540	73050	50490	0
2020-11-19	150780	150870	147010	147010	71618	44367	0
2020-11-20	147200	147720	146210	146740	54855	41661	0
2020-11-23	146770	147190	146070	146850	57982	41900	0
2020-11-24	146900	146960	145400	146440	47109	37776	0
2020-11-25	146270	146750	145200	145320	48741	32449	0
2020-11-26	145670	146710	145440	146640	56699	36243	0
2020-11-27	146400	149170	146400	148560	58680	41500	0
2020-11-30	149140	149750	147890	149630	63969	45633	0
2020-12-01	149330	149350	145620	145930	61083	44332	0
2020-12-02	147230	147230	145760	146340	44991	45290	0
2020-12-03	146180	146570	145240	145960	38444	45314	0
2020-12-04	146690	148060	145990	147940	43736	46142	0
2020-12-07	147460	149010	147180	148820	45547	47271	0
2020-12-08	148730	150100	148550	149530	46677	49266	0
2020-12-09	148900	150530	148390	149610	47685	49660	0
2020-12-10	150140	151910	150140	151370	53202	52959	0
2020-12-11	151910	153860	148720	150040	78050	52693	0
2020-12-14	150560	152050	149690	150750	51007	52216	0
2020-12-15	151750	153790	151270	151520	71782	51820	0
2020-12-16	152130	154490	151970	153400	69070	52551	0
2020-12-17	153360	155170	152890	154580	69636	54541	0
2020-12-18	154490	155380	153060	154700	63327	54280	0
2020-12-21	154070	154550	151630	152190	74070	50131	0
2020-12-22	152280	152570	150820	150880	65351	46734	0
2020-12-23	152040	152510	149260	150580	73927	44730	0
2020-12-24	150590	152010	150520	151590	51115	43853	0
2020-12-25	152360	153860	152240	153330	57994	43084	0
2020-12-28	153460	153990	151760	153440	66806	43750	0
2020-12-29	153420	154050	152290	153230	99595	49263	0
2020-12-30	153420	154230	151600	151830	93951	51544	0
2020-12-31	152040	152490	150540	151120	74299	52508	0
2021-01-04	151700	154430	151120	154330	62560	55283	0
2021-01-05	154800	159830	154780	158900	114333	63811	0
2021-01-06	157720	159240	157170	158700	90809	64547	0
2021-01-07	157620	159440	157340	158690	92123	66260	0
2021-01-08	157960	158720	156560	158500	107360	63281	0
2021-01-11	157830	157980	152680	153810	120338	58472	0
2021-01-12	154470	154680	151680	153260	90531	54872	0
2021-01-13	154050	154460	152700	153320	86869	56507	0
2021-01-14	154070	154130	152260	153530	57169	55754	0
2021-01-15	153940	154910	153510	153830	56209	56190	0
2021-01-18	154680	157040	154590	156890	73864	54074	0
2021-01-19	157030	158440	156640	157900	66340	56597	0
2021-01-20	158250	158740	157380	157930	53087	56345	0
2021-01-21	158930	161640	158590	161590	95345	64499	0
2021-01-22	161660	164130	161630	162580	115043	67494	0
2021-01-25	162730	171090	162080	169610	152968	73685	0
2021-01-26	169950	172920	168440	170660	188009	76212	0
2021-01-27	172270	173790	169340	171120	207801	76080	0
2021-01-28	171500	172880	169900	170890	195713	79283	0
2021-01-29	171360	174870	170880	172200	244538	80686	0
2021-02-01	171790	173470	165300	169690	251587	73548	0
2021-02-02	170080	170100	166880	167100	141372	73256	0
2021-02-03	167630	168590	163220	164240	168586	68762	0
2021-02-04	164180	164920	163000	163910	97868	68884	0
2021-02-05	163120	165070	162870	163580	96542	70324	0
2021-02-08	164280	167240	164130	166310	128836	68238	0
2021-02-09	165630	166040	162430	163560	101859	65126	0
2021-02-10	164890	166190	163440	163830	94422	60690	0
2021-02-18	167760	174530	167760	174410	81239	65036	0
2021-02-19	175860	181540	175840	181540	141968	76432	0
2021-02-22	182150	194600	182140	192780	287569	75887	0
2021-02-23	192690	193820	187210	190640	278470	71761	0
2021-02-24	191550	191780	186130	188600	248592	70996	0
2021-02-25	188830	199540	187860	191920	303070	72606	0
2021-02-26	193490	194920	183490	184570	313222	64525	0
2021-03-01	181910	186290	181640	182470	182300	56911	0
2021-03-02	175650	178540	173420	177370	220939	59765	0
2021-03-03	179700	181520	177600	178250	131215	58379	0
2021-03-04	177590	178350	173070	173580	129529	55977	0
2021-03-05	174510	177610	171510	173610	165372	54115	0
2021-03-08	175890	178790	170500	170880	151326	57251	0
2021-03-09	172550	174740	170830	170850	98772	56003	0
2021-03-10	172690	177030	171570	174100	141735	55561	0
2021-03-11	174470	180210	174350	179930	144755	57929	0
2021-03-12	181720	182790	178060	180320	147050	58901	0
2021-03-15	178880	179710	174710	176370	138109	56865	0
2021-03-16	177080	177350	173930	174750	96716	54174	0
2021-03-17	175410	176830	174080	176140	84811	53524	0
2021-03-18	177970	177970	175330	176570	81321	52990	0
2021-03-19	177260	178520	174800	174960	107903	51487	0
2021-03-22	174360	179110	174290	177940	107967	50873	0
2021-03-23	177260	179280	175540	176670	104848	51923	0
2021-03-24	177050	178200	172880	173490	108465	52979	0
2021-03-25	173470	174130	171220	171540	86787	56590	0
2021-03-26	171080	175180	169910	174960	115341	51241	0
2021-03-29	175640	176000	173930	175530	97975	52886	0
2021-03-30	175850	176740	174860	175730	79850	51420	0
2021-03-31	175890	175950	172680	173770	100621	54441	0
2021-04-01	174750	177450	174150	176520	96309	56313	0
2021-04-02	176890	183230	176840	182530	147637	61205	0
2021-04-06	182430	188090	182430	184200	85933	60549	0
2021-04-07	185000	185900	183590	184670	90344	59812	0
2021-04-08	183460	183620	181400	183140	94204	58103	0
2021-04-09	183940	184550	180870	181520	77573	56223	0
2021-04-12	181600	181600	176640	178190	100272	55472	0
2021-04-13	178130	178850	176310	177910	84128	55503	0
2021-04-14	178750	178990	176940	177770	67881	56970	0
2021-04-15	178840	180470	178660	179910	115697	57365	0
2021-04-16	180890	183680	180550	183430	107025	56724	0
2021-04-19	185820	186650	184160	185190	99818	57031	0
2021-04-20	184760	185970	182410	185300	89819	57144	0
2021-04-21	185310	185840	182940	183950	87057	55333	0
2021-04-22	184360	185590	182660	183300	104903	53501	0
2021-04-23	183830	183860	181920	183830	68696	52352	0
2021-04-26	183810	187300	183340	186720	105109	50475	0
2021-04-27	186860	188950	185320	186450	108862	51081	0
2021-04-28	186820	187710	184590	185190	99520	48809	0
2021-04-29	189530	193540	188180	192190	164285	51751	0
2021-04-30	193670	194520	190180	194060	112721	51724	0
2021-05-06	197870	200780	196390	197430	68172	53297	0
2021-05-07	200030	200180	195670	198070	96113	54437	0
2021-05-10	195760	198290	194320	195770	118640	53840	0
2021-05-11	194840	195450	192550	194660	91768	51650	0
2021-05-12	196130	197590	194790	196680	92617	51153	0
2021-05-13	195610	196290	190620	192250	110633	47971	0
2021-05-14	193910	194050	190290	192850	97422	47051	0
2021-05-17	194280	197930	194210	197310	109150	50248	0
2021-05-18	198170	199880	197600	198620	74145	49236	0
2021-05-19	199940	200340	198150	198650	93534	50821	0
2021-05-20	196980	197250	192400	195260	131545	46702	0
2021-05-21	195540	198650	193710	197220	126055	49398	0
2021-05-24	197070	198370	191390	192810	124701	49454	0
2021-05-25	194470	197020	193600	196770	96250	51880	0
2021-05-26	195810	197860	195150	197220	97747	54404	0
2021-05-27	198460	199110	196920	198550	95232	60329	0
2021-05-28	198230	209460	198130	207530	201767	69904	0
2021-05-31	206700	211390	205620	208630	168672	69005	0
2021-06-01	206830	206910	203590	205620	106056	62326	0
2021-06-02	207130	207490	204650	207050	104941	62361	0
2021-06-03	207080	207110	204100	204620	115801	63676	0
2021-06-04	202010	204450	200860	203660	138281	61054	0
2021-06-07	205480	205760	203010	203090	105143	59779	0
2021-06-08	203830	205200	202930	204040	117529	60629	0
2021-06-09	204590	209010	204450	207170	152444	65275	0
2021-06-10	207040	207930	206210	206670	79142	62939	0
2021-06-11	206900	212830	206190	211790	123476	68620	0
2021-06-15	211780	211860	204060	205460	81081	58665	0
2021-06-16	207220	207410	203660	204410	88911	59411	0
2021-06-17	204870	206930	203460	205620	109318	59111	0
2021-06-18	203810	204860	200230	201230	163449	60228	0
2021-06-21	199630	201210	196430	199540	152196	56861	0
2021-06-22	200150	202720	198250	202210	96164	58389	0
2021-06-23	201520	207960	201520	207570	109467	63490	0
2021-06-24	207010	209600	206650	208110	98740	63535	0
2021-06-25	210610	210680	207870	209710	104015	64149	0
2021-06-28	211160	213150	207670	208730	132602	61751	0
2021-06-29	210720	211480	208670	210180	88132	62897	0
2021-06-30	210810	213620	209540	213480	100320	65752	0
2021-07-01	213400	214030	210060	210730	111872	64746	0
2021-07-02	211510	211930	209460	210480	81708	62128	0
2021-07-05	211140	215610	210640	214490	107162	69650	0
2021-07-06	214820	218330	214610	218110	112358	74428	0
2021-07-07	216930	217340	212870	215120	122599	69245	0
2021-07-08	215880	216310	213670	215570	87606	68525	0
2021-07-09	214930	218140	213800	218010	89009	72742	0
2021-07-12	217740	218570	215160	215610	71767	68703	0
2021-07-13	216970	220730	216450	219830	93545	73409	0
2021-07-14	218700	219620	217540	219310	81520	69661	0
2021-07-15	220380	222070	218200	221330	86756	72062	0
2021-07-16	221120	227730	220590	226860	127063	72644	0
2021-07-19	227640	233090	226510	231300	144766	73262	0
2021-07-20	227900	227900	225050	226620	115226	65190	0
2021-07-21	228580	228690	221730	223800	104873	61412	0
2021-07-22	224100	224730	223060	224570	69420	61225	0
2021-07-23	227170	234490	226730	233690	131588	67097	0
2021-07-26	232970	235800	229910	231010	127849	61575	0
2021-07-27	233360	236870	230390	231950	130661	58855	0
2021-07-28	230880	232390	229280	231270	89159	56350	0
2021-07-29	231260	233610	228130	233080	98248	56708	0
2021-07-30	232620	234870	231010	233430	105480	54659	0
2021-08-02	234950	236550	231290	233790	131815	54301	0
2021-08-03	233750	234970	228740	229050	111178	50864	0
2021-08-04	227750	229950	226900	229220	85011	49469	0
2021-08-05	228450	231210	227370	228630	105336	48057	0
2021-08-06	229450	230880	228600	229410	73369	47360	0
2021-08-09	229920	231820	227960	228450	90078	46955	0
2021-08-10	228660	236060	228400	235800	112934	54727	0
2021-08-11	236240	238910	235370	237450	94123	54796	0
2021-08-12	239450	242980	238790	241090	102030	56415	0
2021-08-13	239180	239320	235730	237580	97508	49957	0
2021-08-16	238100	238360	235150	236820	70676	48290	0
2021-08-17	238980	243710	238850	242280	93604	51705	0
2021-08-18	241460	242930	239650	240740	84866	49383	0
2021-08-19	240060	242300	238130	239640	105515	49043	0
2021-08-20	226990	232940	224450	230220	186422	45995	0
2021-08-23	231930	232660	228130	231260	111190	44825	0
2021-08-24	233670	235120	231680	234500	75949	45191	0
2021-08-25	234910	239020	234560	237850	82117	46236	0
2021-08-26	238390	241800	237750	237800	106566	49097	0
2021-08-27	240200	241550	237460	240760	117518	55972	0
2021-08-30	240990	245020	239410	244580	115363	56589	0
2021-08-31	246100	248080	244630	246400	100448	56303	0
2021-09-01	247070	247380	244140	245090	84664	55429	0
2021-09-02	245110	248550	243920	248360	79815	57379	0
2021-09-03	245770	247390	243350	243890	76372	53019	0
2021-09-06	243810	247400	242140	243690	95380	51231	0
2021-09-07	243350	244610	242860	243260	61270	50901	0
2021-09-08	244480	247070	240900	243010	109408	49855	0
2021-09-09	244140	250430	244140	249460	96291	54324	0
2021-09-10	249800	255580	249390	253360	104440	57047	0
2021-09-13	253990	259020	253320	253980	111442	56713	0
2021-09-14	255170	255350	251450	252390	88569	53263	0
2021-09-15	253220	255290	250530	254930	94835	52688	0
2021-09-16	254820	259860	254020	257750	108232	53902	0
2021-09-17	258380	261100	255580	258520	92572	52392	0
2021-09-22	257520	274450	256580	274440	99025	58438	0
2021-09-23	272550	276350	269810	275270	148792	56942	0
2021-09-24	274240	286820	273150	281320	203857	58653	0
2021-09-27	281120	288960	268050	268460	252008	52138	0
2021-09-28	268020	270930	267160	269150	134746	48520	0
2021-09-29	273110	277860	270160	272250	131384	44970	0
2021-09-30	273040	273040	267960	268770	92938	40506	0
2021-10-08	272010	282230	270560	278610	61496	43136	0
2021-10-11	278310	285730	277150	282770	100704	51693	0
2021-10-12	282440	282470	275410	276650	81695	46656	0
2021-10-13	279050	279100	270430	274950	81911	46867	0
2021-10-14	275700	279520	269660	277200	109579	47563	0
2021-10-15	281960	281960	276660	279640	82433	46670	0
2021-10-18	281520	292700	280510	292700	112548	49890	0
2021-10-19	287210	295050	283990	292170	123419	49834	0
2021-10-20	292210	293030	277820	281990	132023	50403	0
2021-10-21	283790	293530	283550	284300	130232	51875	0
2021-10-22	284410	285330	277260	281400	148097	52534	0
2021-10-25	287140	289000	278100	279330	161421	51836	0
2021-10-26	280500	282220	274850	278640	134522	55181	0
2021-10-27	281140	282440	276050	277020	123720	55050	0
2021-10-28	274720	275590	257130	257290	174787	60476	0
2021-10-29	260290	266530	253300	264180	219092	63261	0
2021-11-01	265410	274240	264460	271800	159908	65496	0
2021-11-02	271030	276000	267790	269250	143133	67962	0
2021-11-03	270860	273110	266970	272980	125012	67645	0
2021-11-04	272210	272580	266550	270100	119452	67972	0
2021-11-05	273400	273410	264050	268120	178353	74063	0
2021-11-08	268950	270580	263040	267240	109809	73008	0
2021-11-09	267170	270230	264930	268880	79708	70682	0
2021-11-10	268190	268530	264380	267800	104118	71585	0
2021-11-11	267000	280420	266190	279740	119189	78906	0
2021-11-12	278330	282410	277480	280270	82860	75038	0
2021-11-15	278760	279940	272030	273320	94476	74915	0
2021-11-16	273930	275140	271710	273330	59504	71049	0
2021-11-17	274090	274120	271190	272130	58186	71835	0
2021-11-18	272770	276510	272710	274280	68726	71880	0
2021-11-19	276000	279920	274640	277620	76868	73325	0
2021-11-22	275720	281660	275710	280680	68977	75028	0
2021-11-23	280210	283560	278060	278230	78856	73440	0
2021-11-24	280840	281800	278780	281340	81050	75702	0
2021-11-25	282540	287350	282150	285280	93143	81164	0
2021-11-26	284550	284960	280550	281070	75266	76350	0
2021-11-29	279960	282980	278470	281370	77627	75425	0
2021-11-30	282930	283680	279450	280740	77540	75792	0
2021-12-01	281630	282290	279600	281950	65525	74172	0
2021-12-02	281890	282920	278550	281470	65111	72379	0
2021-12-03	281080	283060	279060	282220	69602	70302	0
2021-12-06	281890	282620	271520	273010	99343	72207	0
2021-12-07	273500	280090	273050	279840	88206	69454	0
2021-12-08	281380	281420	278510	279030	55242	66070	0
2021-12-09	279710	281280	279120	279960	52751	66178	0
2021-12-10	279670	281690	278590	281470	58290	68292	0
2021-12-13	280670	280850	278580	280290	61053	65717	0
2021-12-14	281940	283390	280260	282630	59712	69559	0
2021-12-15	281160	281290	276580	276800	93854	70471	0
2021-12-16	273180	278210	271870	276180	101265	65742	0
2021-12-17	276810	281220	276810	279860	76328	66089	0
2021-12-20	279130	279350	274650	275850	82167	63594	0
2021-12-21	277010	279450	276050	278770	70755	67086	0
2021-12-22	278880	281950	278390	280650	71429	71214	0
2021-12-23	281390	281740	279130	281410	76212	70646	0
2021-12-24	282270	286670	281370	286490	113209	76210	0
2021-12-27	287540	288500	284390	285190	106298	72886	0
2021-12-28	286690	287340	284820	287050	82629	73795	0
2021-12-29	287240	287530	285920	287110	75430	74062	0
2021-12-30	286990	291710	286820	291450	96652	78761	0
2021-12-31	290740	293050	289620	292680	72933	77180	0
2022-01-04	291570	292460	285070	286670	73460	69956	0
2022-01-05	287390	293810	287390	292130	101099	74959	0
2022-01-06	292260	293730	291130	292040	69386	76057	0
2022-01-07	291110	295260	289830	294470	89241	77013	0
2022-01-10	296810	296810	293420	295280	81678	75794	0
2022-01-11	294550	296810	291890	296510	90111	74219	0
2022-01-12	295920	313070	295920	306080	202440	76047	0
2022-01-13	307110	309730	302770	303640	154863	71205	0
2022-01-14	304050	305780	300820	304860	113494	70916	0
2022-01-17	302670	304990	298990	303870	100042	76239	0
2022-01-18	304180	314510	304180	313160	143776	83546	0
2022-01-19	311880	315030	310910	313060	103977	79170	0
2022-01-20	316400	333560	315990	325910	218618	83075	0
2022-01-21	323460	329870	320240	325730	159461	78175	0
2022-01-24	328460	334590	324890	325760	242915	86549	0
2022-01-25	320040	321260	310140	313500	260794	74604	0
2022-01-26	313400	318950	313220	316440	186898	68334	0
2022-01-27	320300	326890	320210	322680	117057	70456	0
2022-01-28	321390	326610	316640	324470	93268	60517	0
2022-02-07	326940	330120	322410	326580	50472	59568	0
2022-02-08	325040	330230	325030	327580	62522	61970	0
2022-02-09	327770	329430	321650	324930	88787	61801	0
2022-02-10	327610	333490	323890	332580	91831	64840	0
2022-02-11	334780	336050	329780	329830	86635	63260	0
2022-02-14	329320	330460	324900	326490	94021	62802	0
2022-02-15	323680	328800	319030	328460	104346	64887	0
2022-02-16	327020	328950	325900	327620	66529	61969	0
2022-02-17	328180	329980	325650	327510	72939	64279	0
2022-02-18	328290	335080	327830	334790	88759	67094	0
2022-02-21	333520	335590	330310	332930	78565	65089	0
2022-02-22	331940	337000	331690	334190	79442	64889	0
2022-02-23	333750	334600	332370	333760	72040	63490	0
2022-02-24	334520	338690	334350	338110	125875	70060	0
2022-02-25	340630	344260	333820	335680	116630	61818	0
2022-02-28	335570	338590	330640	337330	96222	59400	0
2022-03-01	338960	341030	337670	340640	74933	64695	0
2022-03-02	339200	340920	337370	339900	75617	60856	0
2022-03-03	343670	344110	338740	341820	80432	59516	0
2022-03-04	343150	343620	339120	341790	84507	58813	0
2022-03-07	341630	359640	340790	357920	120709	60235	0
2022-03-08	357830	391000	344860	390650	146451	51420	0
2022-03-09	353580	393670	352240	356840	174936	44025	0
2022-03-10	354960	358330	326700	337420	146212	46067	0
2022-03-11	343110	344990	338320	343390	71529	45143	0
2022-03-14	336490	340970	327770	331970	63220	43226	0
2022-03-15	332900	332900	320390	322060	72162	46589	0
2022-03-16	324220	334120	322650	332010	54279	44363	0
2022-03-17	331270	331270	324020	326650	43143	44739	0
2022-03-18	327360	339560	325780	338120	59843	48432	0
2022-03-21	335110	343930	333980	335670	62718	49686	0
2022-03-22	336830	338020	333460	335500	35908	48490	0
2022-03-23	336270	338720	332060	337570	37735	49776	0
2022-03-24	344650	358000	343190	348720	80294	54179	0
2022-03-25	349780	350810	337200	344140	68047	50646	0
2022-03-28	340420	341900	335210	340670	53444	47931	0
2022-03-29	343000	346020	341530	344610	38300	48923	0
2022-03-30	339640	346320	339390	344050	40086	48986	0
2022-03-31	343330	344420	338340	342300	45776	49715	0
2022-04-01	342870	343500	336300	338250	37349	46854	0
2022-04-06	341150	344850	339780	343280	25784	46343	0
2022-04-07	342590	342790	336430	338210	40085	46494	0
2022-04-08	339070	339470	328470	338460	50741	46918	0
2022-04-11	338740	339220	333000	334700	35312	44227	0
2022-04-12	334680	337120	333650	336970	27022	45008	0
2022-04-13	332370	333510	329350	330760	48597	46880	0
2022-04-14	332210	338680	331710	336440	38878	45303	0
2022-04-15	335480	335900	332970	335260	27837	44612	0
2022-04-18	333710	334090	330630	332990	32580	43501	0
2022-04-19	335650	342440	334920	335380	47841	44389	0
2022-04-20	336260	339710	334160	334420	36456	43454	0
2022-04-21	333480	336100	331740	333250	32846	44207	0
2022-04-22	334640	335000	332050	332740	28384	43526	0
2022-04-25	331180	332160	313760	319460	79440	50649	0
2022-04-26	319510	330180	314990	327580	72171	50052	0
2022-04-27	327010	332040	325880	329960	64642	46900	0
2022-04-28	327230	327230	320720	323120	46683	44436	0
2022-04-29	324990	329380	324500	327760	38993	41788	0
2022-05-05	325440	327610	321800	324900	30172	41168	0
2022-05-06	326640	328330	321140	321780	39839	43613	0
2022-05-09	321980	322550	308000	309810	63307	48411	0
2022-05-10	303030	306010	297020	300800	74585	50505	0
2022-05-11	298270	299630	287390	289210	85012	54417	0
2022-05-12	288450	294760	273720	276640	100405	56256	0
2022-05-13	276500	284680	275650	282030	92366	57393	0
2022-05-16	282660	285010	274240	281900	91613	55378	0
2022-05-17	279560	281730	273780	274880	78886	52701	0
2022-05-18	276770	279670	269350	270970	59728	53203	0
数据来源:通达信
