SPL9 纸浆指数 日线 前复权
      日期	    开盘	    最高	    最低	    收盘	    成交量	    持仓量	    结算价
2018-11-28	5282	5308	5144	5182	1052692	110136	0
2018-11-29	5172	5286	5118	5180	1011342	123652	0
2018-11-30	5194	5210	5116	5142	912050	148070	0
2018-12-03	5148	5254	4968	4976	1449330	225246	0
2018-12-04	5002	5106	4984	5054	1152400	205746	0
2018-12-05	5050	5148	5036	5128	1529330	185554	0
2018-12-06	5142	5252	5120	5120	1656822	190878	0
2018-12-07	5092	5194	5076	5126	1319878	194840	0
2018-12-10	5142	5206	5126	5152	1114422	194276	0
2018-12-11	5156	5180	5064	5082	1042492	199062	0
2018-12-12	5098	5138	5092	5122	607484	180756	0
2018-12-13	5126	5142	5084	5112	698196	168468	0
2018-12-14	5112	5148	5090	5116	583294	161044	0
2018-12-17	5108	5132	5096	5116	334206	162624	0
2018-12-18	5114	5144	5098	5110	299568	164956	0
2018-12-19	5108	5128	5022	5046	473256	176314	0
2018-12-20	5054	5066	5030	5050	208552	169216	0
2018-12-21	5050	5056	5014	5032	274728	170746	0
2018-12-24	5032	5048	4954	4970	403546	205218	0
2018-12-25	4970	5020	4962	4984	390200	183896	0
2018-12-26	4988	4996	4904	4922	485218	198194	0
2018-12-27	4928	4980	4926	4934	250548	180002	0
2018-12-28	4926	5036	4920	5026	216820	159416	0
2019-01-02	5022	5102	4990	5066	329884	184466	0
2019-01-03	5060	5094	5050	5068	252736	176312	0
2019-01-04	5060	5216	5060	5124	613574	165526	0
2019-01-07	5134	5170	5100	5154	343138	156916	0
2019-01-08	5156	5174	5124	5140	228296	154806	0
2019-01-09	5150	5324	5146	5290	705516	168010	0
2019-01-10	5288	5350	5248	5260	704030	162110	0
2019-01-11	5262	5316	5242	5312	407878	161962	0
2019-01-14	5314	5358	5270	5282	513926	157924	0
2019-01-15	5280	5282	5202	5230	472108	156064	0
2019-01-16	5228	5308	5224	5306	402922	153854	0
2019-01-17	5300	5330	5272	5302	430046	161648	0
2019-01-18	5288	5402	5252	5368	727322	163262	0
2019-01-21	5378	5460	5360	5436	627036	163758	0
2019-01-22	5432	5520	5406	5418	691892	157512	0
2019-01-23	5418	5456	5390	5430	453732	160680	0
2019-01-24	5440	5468	5358	5384	537250	161806	0
2019-01-25	5378	5448	5352	5400	441022	150558	0
2019-01-28	5388	5420	5308	5318	463850	153416	0
2019-01-29	5326	5348	5300	5310	309582	148554	0
2019-01-30	5318	5360	5300	5306	269280	135808	0
2019-01-31	5314	5416	5270	5412	458558	126944	0
2019-02-01	5408	5522	5398	5456	557572	101246	0
2019-02-11	5450	5494	5380	5398	221510	109410	0
2019-02-12	5418	5500	5416	5492	350018	139054	0
2019-02-13	5504	5506	5422	5446	393152	132314	0
2019-02-14	5448	5492	5374	5402	441232	143002	0
2019-02-15	5404	5416	5342	5382	346110	139460	0
2019-02-18	5390	5438	5366	5428	296158	139490	0
2019-02-19	5438	5504	5418	5502	326988	143828	0
2019-02-20	5506	5510	5454	5482	326622	147942	0
2019-02-21	5488	5612	5470	5604	544484	194338	0
2019-02-22	5596	5680	5576	5664	576934	222574	0
2019-02-25	5668	5670	5604	5610	406026	201540	0
2019-02-26	5612	5622	5546	5584	412260	184402	0
2019-02-27	5584	5610	5540	5562	342416	175484	0
2019-02-28	5572	5600	5512	5540	366356	173668	0
2019-03-01	5542	5602	5532	5586	337572	171076	0
2019-03-04	5594	5626	5486	5540	641896	167712	0
2019-03-05	5544	5576	5516	5548	350960	163560	0
2019-03-06	5556	5592	5534	5542	359108	164292	0
2019-03-07	5540	5556	5456	5464	355602	171606	0
2019-03-08	5466	5478	5370	5398	415130	166922	0
2019-03-11	5392	5446	5384	5424	243544	160618	0
2019-03-12	5422	5442	5402	5418	187648	166616	0
2019-03-13	5422	5454	5390	5400	291092	157968	0
2019-03-14	5408	5436	5368	5374	272278	159076	0
2019-03-15	5372	5424	5360	5406	217408	155912	0
2019-03-18	5412	5442	5386	5418	210436	153252	0
2019-03-19	5424	5464	5400	5432	216156	145822	0
2019-03-20	5434	5454	5302	5310	293858	153022	0
2019-03-21	5312	5334	5294	5316	167846	156408	0
2019-03-22	5318	5336	5278	5324	154946	154226	0
2019-03-25	5326	5332	5274	5298	160422	149034	0
2019-03-26	5318	5334	5300	5306	113748	146252	0
2019-03-27	5314	5346	5280	5306	160968	143566	0
2019-03-28	5310	5330	5212	5228	244614	143288	0
2019-03-29	5230	5336	5214	5312	209412	130028	0
2019-04-01	5328	5372	5286	5344	173176	135606	0
2019-04-02	5334	5370	5320	5334	113490	135536	0
2019-04-03	5336	5426	5304	5426	208926	130942	0
2019-04-04	5426	5432	5388	5412	105454	127640	0
2019-04-08	5416	5466	5390	5446	110084	121796	0
2019-04-09	5452	5452	5394	5422	118772	120050	0
2019-04-10	5416	5452	5372	5426	157650	120676	0
2019-04-11	5424	5464	5382	5452	141592	122270	0
2019-04-12	5442	5476	5426	5426	158996	117816	0
2019-04-15	5442	5506	5414	5422	177182	125270	0
2019-04-16	5424	5448	5384	5392	146704	129342	0
2019-04-17	5392	5412	5348	5350	147380	131928	0
2019-04-18	5352	5372	5330	5354	119322	125918	0
2019-04-19	5340	5396	5318	5394	141390	119324	0
2019-04-22	5392	5424	5384	5410	114188	115860	0
2019-04-23	5414	5418	5348	5348	127312	118910	0
2019-04-24	5356	5374	5316	5360	122884	111584	0
2019-04-25	5350	5366	5336	5344	86450	109090	0
2019-04-26	5332	5342	5254	5266	178614	110632	0
2019-04-29	5268	5280	5238	5272	102666	108516	0
2019-04-30	5270	5272	5218	5224	91222	105288	0
2019-05-06	5220	5234	5094	5112	102946	107734	0
2019-05-07	5118	5150	5110	5128	110058	109554	0
2019-05-08	5128	5156	5120	5124	79828	107100	0
2019-05-09	5114	5146	5064	5078	149678	111634	0
2019-05-10	5082	5112	5074	5100	81328	113912	0
2019-05-13	5098	5172	5062	5140	197622	121308	0
2019-05-14	5126	5142	4942	5014	258980	113440	0
2019-05-15	5022	5026	4970	5008	107496	113700	0
2019-05-16	5004	5050	4998	5012	121608	118798	0
2019-05-17	5020	5030	4916	4948	225144	134890	0
2019-05-20	4956	4992	4928	4952	117558	139640	0
2019-05-21	4948	4982	4944	4970	102648	139380	0
2019-05-22	4970	4978	4870	4880	164306	144226	0
2019-05-23	4888	4908	4830	4884	165114	147220	0
2019-05-24	4884	4948	4852	4886	235090	149638	0
2019-05-27	4884	4920	4846	4900	183300	149876	0
2019-05-28	4900	4942	4874	4904	216816	160192	0
2019-05-29	4908	4966	4900	4938	277766	170820	0
2019-05-30	4936	4946	4858	4870	236022	181546	0
2019-05-31	4878	4894	4836	4846	210332	190068	0
2019-06-03	4846	4848	4652	4684	341220	203892	0
2019-06-04	4700	4720	4678	4704	164764	198176	0
2019-06-05	4700	4708	4640	4646	189468	220602	0
2019-06-06	4638	4664	4538	4584	287872	212060	0
2019-06-10	4598	4628	4582	4606	127170	219828	0
2019-06-11	4610	4670	4600	4656	215054	215536	0
2019-06-12	4658	4660	4566	4572	212930	233514	0
2019-06-13	4574	4622	4570	4596	201038	241554	0
2019-06-14	4600	4620	4570	4576	168026	250862	0
2019-06-17	4576	4596	4528	4574	213576	260212	0
2019-06-18	4576	4612	4546	4568	248568	274390	0
2019-06-19	4572	4638	4560	4572	381756	307120	0
2019-06-20	4572	4572	4532	4544	336628	354120	0
2019-06-21	4516	4554	4482	4530	436650	366764	0
2019-06-24	4538	4588	4508	4566	368972	371728	0
2019-06-25	4572	4634	4568	4592	509542	368576	0
2019-06-26	4598	4598	4542	4568	324024	379252	0
2019-06-27	4576	4602	4536	4552	358482	385030	0
2019-06-28	4552	4718	4518	4662	919108	394212	0
2019-07-01	4674	4750	4644	4722	693818	396778	0
2019-07-02	4726	4754	4668	4746	491626	393140	0
2019-07-03	4732	4776	4688	4734	592060	375964	0
2019-07-04	4742	4888	4726	4820	1059558	364556	0
2019-07-05	4838	4864	4784	4802	575214	340514	0
2019-07-08	4820	4848	4704	4716	586872	328326	0
2019-07-09	4722	4734	4544	4552	685192	314584	0
2019-07-10	4538	4592	4484	4566	508966	323426	0
2019-07-11	4574	4622	4564	4584	417752	317994	0
2019-07-12	4574	4584	4534	4574	405942	330690	0
2019-07-15	4574	4604	4560	4586	335532	333724	0
2019-07-16	4592	4630	4562	4596	383100	323508	0
2019-07-17	4596	4612	4554	4570	309872	323710	0
2019-07-18	4572	4580	4496	4544	474074	332836	0
2019-07-19	4546	4586	4510	4580	373736	335622	0
2019-07-22	4580	4624	4556	4602	456784	330682	0
2019-07-23	4606	4692	4596	4636	729722	329460	0
2019-07-24	4632	4634	4546	4572	429366	320306	0
2019-07-25	4580	4600	4564	4584	265220	319592	0
2019-07-26	4586	4614	4570	4572	341406	317308	0
2019-07-29	4570	4618	4558	4592	353506	317106	0
2019-07-30	4602	4640	4574	4574	453390	331322	0
2019-07-31	4574	4602	4548	4598	309688	312886	0
2019-08-01	4604	4604	4550	4552	224934	319734	0
2019-08-02	4552	4576	4454	4512	354108	309382	0
2019-08-05	4516	4532	4478	4488	215464	309474	0
2019-08-06	4504	4570	4500	4550	338320	291900	0
2019-08-07	4548	4572	4512	4546	223768	288718	0
2019-08-08	4546	4608	4532	4584	310546	277126	0
2019-08-09	4590	4622	4570	4614	259950	268384	0
2019-08-12	4624	4708	4610	4686	458752	279322	0
2019-08-13	4686	4714	4650	4690	340592	287766	0
2019-08-14	4684	4740	4668	4702	494328	294756	0
2019-08-15	4700	4718	4608	4632	401058	263400	0
2019-08-16	4644	4672	4618	4652	264476	257648	0
2019-08-19	4654	4712	4632	4712	302128	278458	0
2019-08-20	4710	4716	4606	4636	483154	263636	0
2019-08-21	4640	4654	4596	4646	277820	244246	0
2019-08-22	4642	4652	4598	4606	198914	249120	0
2019-08-23	4604	4662	4592	4652	233360	243806	0
2019-08-26	4640	4782	4620	4774	551016	289162	0
2019-08-27	4768	4806	4724	4770	625864	321702	0
2019-08-28	4760	4790	4726	4764	448044	333426	0
2019-08-29	4764	4794	4738	4750	417080	332256	0
2019-08-30	4760	4762	4684	4694	479500	294994	0
2019-09-02	4698	4748	4698	4712	325164	301118	0
2019-09-03	4712	4740	4668	4736	389048	285856	0
2019-09-04	4734	4768	4718	4748	432154	307138	0
2019-09-05	4758	4778	4722	4722	455076	311124	0
2019-09-06	4724	4770	4704	4722	436638	309944	0
2019-09-09	4728	4782	4714	4768	362346	326546	0
2019-09-10	4768	4806	4724	4724	666068	328442	0
2019-09-11	4732	4740	4698	4706	332114	327822	0
2019-09-12	4708	4716	4686	4690	237664	311842	0
2019-09-16	4714	4772	4704	4754	317094	307956	0
2019-09-17	4756	4866	4752	4824	740492	346924	0
2019-09-18	4830	4834	4780	4802	458650	355628	0
2019-09-19	4798	4862	4784	4796	820432	391154	0
2019-09-20	4802	4812	4740	4762	493182	352600	0
2019-09-23	4766	4792	4756	4782	243708	346114	0
2019-09-24	4782	4820	4746	4756	472862	329768	0
2019-09-25	4756	4766	4722	4750	278254	325422	0
2019-09-26	4756	4764	4728	4740	260556	313396	0
2019-09-27	4738	4740	4624	4626	434158	275906	0
2019-09-30	4630	4680	4630	4656	177444	255144	0
2019-10-08	4644	4684	4610	4660	143614	260096	0
2019-10-09	4662	4710	4662	4704	223246	262956	0
2019-10-10	4698	4708	4676	4688	136438	262644	0
2019-10-11	4690	4694	4658	4690	219258	266050	0
2019-10-14	4688	4698	4632	4642	287494	293406	0
2019-10-15	4644	4658	4616	4650	203318	283358	0
2019-10-16	4648	4666	4606	4612	196070	287532	0
2019-10-17	4604	4632	4586	4600	199310	291764	0
2019-10-18	4606	4622	4592	4620	141026	281936	0
2019-10-21	4624	4638	4584	4586	164910	284666	0
2019-10-22	4580	4624	4542	4618	308812	288590	0
2019-10-23	4612	4646	4594	4636	183484	281790	0
2019-10-24	4634	4654	4626	4634	166330	278702	0
2019-10-25	4636	4648	4618	4636	121926	271352	0
2019-10-28	4634	4662	4602	4606	164098	269728	0
2019-10-29	4610	4650	4596	4650	176108	268220	0
2019-10-30	4644	4672	4638	4672	188150	268776	0
2019-10-31	4666	4678	4646	4652	138430	261526	0
2019-11-01	4654	4672	4614	4624	188272	260286	0
2019-11-04	4630	4648	4618	4646	121218	252882	0
2019-11-05	4646	4672	4634	4664	172908	253446	0
2019-11-06	4664	4664	4590	4592	252040	268096	0
2019-11-07	4602	4612	4582	4586	152078	264982	0
2019-11-08	4590	4622	4576	4598	187082	256124	0
2019-11-11	4596	4622	4572	4586	169014	244232	0
2019-11-12	4594	4596	4562	4574	206416	252042	0
2019-11-13	4582	4602	4572	4574	141642	257468	0
2019-11-14	4576	4590	4564	4570	121730	259766	0
2019-11-15	4570	4580	4540	4540	233022	276928	0
2019-11-18	4544	4566	4538	4544	172632	286382	0
2019-11-19	4534	4548	4500	4512	255766	306004	0
2019-11-20	4514	4536	4494	4496	226688	304694	0
2019-11-21	4500	4522	4498	4518	129586	297192	0
2019-11-22	4522	4558	4514	4520	193266	286770	0
2019-11-25	4524	4542	4518	4540	120166	279816	0
2019-11-26	4538	4552	4524	4534	153558	274974	0
2019-11-27	4538	4548	4524	4528	162192	278596	0
2019-11-28	4526	4542	4486	4510	253652	294544	0
2019-11-29	4514	4516	4468	4478	213886	300010	0
2019-12-02	4478	4482	4420	4436	300558	307424	0
2019-12-03	4440	4462	4434	4452	149878	304730	0
2019-12-04	4452	4458	4426	4452	169642	309604	0
2019-12-05	4454	4486	4448	4470	185086	309450	0
2019-12-06	4466	4476	4458	4466	113978	309800	0
2019-12-09	4462	4504	4462	4494	196120	300684	0
2019-12-10	4494	4498	4478	4488	118730	300970	0
2019-12-11	4496	4518	4486	4506	162474	297930	0
2019-12-12	4504	4516	4498	4510	143244	294834	0
2019-12-13	4508	4538	4504	4518	262518	290254	0
2019-12-16	4522	4526	4494	4508	199878	291224	0
2019-12-17	4510	4528	4504	4514	134064	295798	0
2019-12-18	4516	4526	4496	4500	198786	311238	0
2019-12-19	4502	4512	4498	4512	104296	300748	0
2019-12-20	4512	4518	4502	4510	111580	299690	0
2019-12-23	4512	4574	4498	4566	362824	287590	0
2019-12-24	4566	4578	4556	4568	209992	294334	0
2019-12-25	4570	4590	4560	4580	183318	299176	0
2019-12-26	4582	4604	4574	4584	169654	298732	0
2019-12-27	4588	4608	4574	4596	139616	290058	0
2019-12-30	4604	4620	4588	4608	171234	283940	0
2019-12-31	4610	4614	4584	4594	157750	270512	0
2020-01-02	4598	4624	4598	4602	53003	134676	0
2020-01-03	4606	4620	4592	4596	56992	132271	0
2020-01-06	4596	4598	4554	4560	90016	132058	0
2020-01-07	4560	4582	4556	4576	52977	132826	0
2020-01-08	4578	4674	4576	4654	213139	149291	0
2020-01-09	4656	4688	4636	4660	119300	146576	0
2020-01-10	4662	4686	4638	4646	99157	150242	0
2020-01-13	4648	4686	4638	4678	101503	154321	0
2020-01-14	4676	4690	4652	4662	83992	151261	0
2020-01-15	4670	4672	4648	4658	57345	146793	0
2020-01-16	4660	4712	4658	4678	141168	144482	0
2020-01-17	4674	4698	4668	4678	60655	141124	0
2020-01-20	4690	4746	4672	4744	101908	147068	0
2020-01-21	4738	4746	4638	4642	145612	131165	0
2020-01-22	4624	4634	4590	4610	118161	127502	0
2020-01-23	4608	4610	4530	4572	77589	120645	0
2020-02-03	4426	4436	4262	4400	104161	113097	0
2020-02-04	4400	4506	4394	4472	87426	111747	0
2020-02-05	4456	4506	4456	4474	43943	112091	0
2020-02-06	4478	4512	4474	4506	49501	112524	0
2020-02-07	4494	4508	4480	4488	35255	112185	0
2020-02-10	4480	4488	4454	4480	35398	112047	0
2020-02-11	4478	4506	4476	4502	31606	111820	0
2020-02-12	4502	4542	4488	4498	72775	111032	0
2020-02-13	4502	4522	4490	4506	33167	110998	0
2020-02-14	4506	4516	4492	4506	35641	109965	0
2020-02-17	4506	4536	4506	4530	48473	109845	0
2020-02-18	4528	4556	4516	4538	52467	109641	0
2020-02-19	4536	4562	4526	4550	44739	110428	0
2020-02-20	4554	4624	4554	4620	67887	113512	0
2020-02-21	4616	4652	4610	4630	81097	115418	0
2020-02-24	4624	4638	4546	4616	90337	114677	0
2020-02-25	4604	4634	4586	4602	78583	119740	0
2020-02-26	4594	4606	4564	4566	73525	114899	0
2020-02-27	4568	4576	4536	4536	69874	113114	0
2020-02-28	4536	4536	4480	4488	90113	104611	0
2020-03-02	4490	4552	4490	4520	73555	105901	0
2020-03-03	4530	4562	4528	4530	58568	106847	0
2020-03-04	4536	4554	4526	4534	43352	108671	0
2020-03-05	4532	4552	4526	4544	44709	111478	0
2020-03-06	4540	4634	4534	4594	175610	121121	0
2020-03-09	4546	4572	4426	4528	133555	102941	0
2020-03-10	4532	4608	4532	4592	91518	105041	0
2020-03-11	4586	4624	4580	4590	89098	107296	0
2020-03-12	4594	4596	4546	4566	71654	101221	0
2020-03-13	4556	4564	4504	4544	97035	93129	0
2020-03-16	4554	4614	4524	4524	96165	90610	0
2020-03-17	4530	4530	4488	4516	61944	94716	0
2020-03-18	4516	4560	4512	4520	77921	92480	0
2020-03-19	4532	4572	4484	4560	134729	92815	0
2020-03-20	4558	4576	4508	4512	101864	94285	0
2020-03-23	4512	4512	4466	4472	86650	100812	0
2020-03-24	4502	4534	4482	4516	82040	95275	0
2020-03-25	4544	4552	4520	4538	68455	87365	0
2020-03-26	4538	4578	4526	4574	93750	87768	0
2020-03-27	4576	4688	4576	4644	214570	94361	0
2020-03-30	4632	4646	4550	4574	117379	84319	0
2020-03-31	4620	4620	4554	4570	88171	83545	0
2020-04-01	4590	4594	4540	4552	104198	84268	0
2020-04-02	4556	4590	4534	4568	87998	83276	0
2020-04-03	4580	4584	4540	4554	85729	84404	0
2020-04-07	4566	4618	4566	4614	98267	79176	0
2020-04-08	4614	4650	4594	4596	101231	79751	0
2020-04-09	4606	4614	4574	4582	71834	81501	0
2020-04-10	4584	4600	4564	4578	66028	83464	0
2020-04-13	4594	4596	4558	4566	66480	84535	0
2020-04-14	4568	4594	4550	4580	57499	82243	0
2020-04-15	4582	4592	4566	4574	45954	83149	0
2020-04-16	4568	4590	4544	4582	84428	79888	0
2020-04-17	4586	4606	4578	4580	63349	76805	0
2020-04-20	4578	4580	4538	4554	57354	85676	0
2020-04-21	4552	4556	4466	4470	103926	101708	0
2020-04-22	4452	4530	4438	4502	87909	97323	0
2020-04-23	4500	4520	4482	4498	60498	98316	0
2020-04-24	4502	4516	4486	4492	39317	96244	0
2020-04-27	4504	4526	4462	4480	93630	98531	0
2020-04-28	4480	4502	4472	4486	54361	94296	0
2020-04-29	4488	4492	4458	4468	60697	95294	0
2020-04-30	4480	4516	4476	4504	44743	85523	0
2020-05-06	4494	4512	4452	4462	67652	96562	0
2020-05-07	4472	4492	4460	4464	64110	101830	0
2020-05-08	4466	4502	4464	4484	81971	96158	0
2020-05-11	4484	4486	4454	4472	70651	103066	0
2020-05-12	4474	4476	4434	4464	70865	100520	0
2020-05-13	4468	4474	4404	4414	92985	114631	0
2020-05-14	4412	4418	4368	4402	89938	120289	0
2020-05-15	4392	4426	4386	4414	61440	112656	0
2020-05-18	4408	4422	4394	4404	48012	105279	0
2020-05-19	4410	4444	4408	4422	62562	104359	0
2020-05-20	4424	4432	4418	4424	38892	105717	0
2020-05-21	4426	4462	4422	4450	79129	104124	0
2020-05-22	4452	4454	4380	4386	83270	106176	0
2020-05-25	4396	4412	4388	4410	54583	104190	0
2020-05-26	4402	4444	4402	4436	68262	100824	0
2020-05-27	4438	4444	4426	4436	32781	99300	0
2020-05-28	4440	4440	4404	4416	58593	103312	0
2020-05-29	4412	4416	4388	4390	52959	112555	0
2020-06-01	4390	4454	4388	4442	88767	103884	0
2020-06-02	4440	4440	4422	4424	43362	104038	0
2020-06-03	4416	4438	4414	4438	56871	105576	0
2020-06-04	4438	4470	4424	4458	124134	112188	0
2020-06-05	4460	4482	4446	4470	99592	117966	0
2020-06-08	4468	4480	4456	4462	61355	116798	0
2020-06-09	4464	4486	4450	4464	70478	117013	0
2020-06-10	4462	4474	4450	4458	46869	116086	0
2020-06-11	4456	4464	4406	4406	85389	113113	0
2020-06-12	4402	4420	4394	4402	74987	113544	0
2020-06-15	4408	4412	4352	4386	162825	120280	0
2020-06-16	4384	4424	4376	4422	79016	115300	0
2020-06-17	4418	4428	4402	4410	50057	115473	0
2020-06-18	4414	4418	4390	4396	50034	117777	0
2020-06-19	4398	4424	4392	4422	55868	113302	0
2020-06-22	4434	4440	4398	4402	52567	112530	0
2020-06-23	4408	4420	4400	4402	40925	109943	0
2020-06-24	4402	4412	4378	4406	69142	109599	0
2020-06-29	4404	4428	4394	4404	64174	113577	0
2020-06-30	4408	4430	4404	4414	49457	121004	0
2020-07-01	4418	4426	4412	4420	35837	123261	0
2020-07-02	4426	4436	4418	4436	64190	133727	0
2020-07-03	4440	4458	4438	4456	76506	139523	0
2020-07-06	4456	4470	4450	4460	52294	143102	0
2020-07-07	4460	4462	4438	4442	64008	143180	0
2020-07-08	4446	4456	4442	4448	45968	144591	0
2020-07-09	4448	4468	4444	4460	64367	150235	0
2020-07-10	4458	4464	4418	4420	102431	144936	0
2020-07-13	4422	4434	4404	4420	89781	153285	0
2020-07-14	4424	4436	4418	4426	55913	147625	0
2020-07-15	4428	4458	4428	4444	83022	146237	0
2020-07-16	4442	4458	4424	4426	64025	142781	0
2020-07-17	4430	4434	4414	4414	77243	148242	0
2020-07-20	4422	4446	4408	4440	81275	148131	0
2020-07-21	4444	4460	4438	4456	74215	148990	0
2020-07-22	4454	4496	4448	4478	155073	173719	0
2020-07-23	4474	4530	4468	4508	220816	189635	0
2020-07-24	4508	4530	4490	4512	140604	189077	0
2020-07-27	4516	4588	4506	4564	199072	207877	0
2020-07-28	4560	4570	4438	4476	215911	180046	0
2020-07-29	4480	4494	4460	4474	111954	176041	0
2020-07-30	4478	4480	4452	4454	75316	170454	0
2020-07-31	4454	4458	4434	4442	94992	164853	0
2020-08-03	4444	4458	4432	4442	69634	164883	0
2020-08-04	4450	4484	4448	4484	89089	166732	0
2020-08-05	4486	4498	4460	4464	80724	164018	0
2020-08-06	4470	4474	4456	4468	59274	162992	0
2020-08-07	4470	4536	4466	4534	165147	170552	0
2020-08-10	4536	4546	4502	4528	116528	169079	0
2020-08-11	4536	4564	4516	4550	139312	175023	0
2020-08-12	4554	4614	4522	4552	298962	182987	0
2020-08-13	4556	4584	4530	4574	113604	182420	0
2020-08-14	4572	4598	4548	4564	114164	178124	0
2020-08-17	4564	4572	4538	4570	78262	173560	0
2020-08-18	4580	4582	4542	4558	83606	173834	0
2020-08-19	4554	4570	4548	4552	77417	172063	0
2020-08-20	4558	4564	4536	4538	72255	169422	0
2020-08-21	4546	4638	4540	4624	222915	196978	0
2020-08-24	4616	4674	4610	4648	256526	211331	0
2020-08-25	4638	4654	4624	4654	113515	209934	0
2020-08-26	4650	4716	4632	4712	188114	233139	0
2020-08-27	4710	4790	4680	4748	349304	237420	0
2020-08-28	4746	4798	4728	4798	228514	244978	0
2020-08-31	4806	5000	4804	4982	590541	279059	0
2020-09-01	4976	5024	4920	4944	566519	291092	0
2020-09-02	4952	5032	4920	4924	447991	295043	0
2020-09-03	4932	4940	4808	4834	503931	279303	0
2020-09-04	4830	4898	4774	4866	461291	268305	0
2020-09-07	4872	4908	4814	4838	392701	269507	0
2020-09-08	4846	4900	4840	4892	276308	275022	0
2020-09-09	4862	4884	4722	4776	363855	244493	0
2020-09-10	4798	4820	4738	4802	292332	237916	0
2020-09-11	4790	4842	4760	4794	259894	237058	0
2020-09-14	4794	4860	4754	4858	308489	246626	0
2020-09-15	4860	4872	4750	4756	343629	240371	0
2020-09-16	4772	4780	4708	4748	278612	224728	0
2020-09-17	4754	4766	4700	4708	172765	221180	0
2020-09-18	4706	4750	4688	4726	206633	219615	0
2020-09-21	4718	4774	4714	4740	212730	223349	0
2020-09-22	4718	4730	4658	4694	218719	214869	0
2020-09-23	4710	4744	4664	4686	226670	210394	0
2020-09-24	4690	4700	4654	4674	147096	200562	0
2020-09-25	4674	4730	4660	4710	175823	187514	0
2020-09-28	4712	4716	4646	4648	160518	187198	0
2020-09-29	4652	4656	4592	4596	165602	181091	0
2020-09-30	4598	4608	4564	4598	130987	168537	0
2020-10-09	4626	4644	4596	4614	85940	173709	0
2020-10-12	4626	4734	4622	4728	190855	195770	0
2020-10-13	4724	4768	4710	4744	192636	208323	0
2020-10-14	4746	4746	4696	4724	137264	215252	0
2020-10-15	4724	4768	4722	4724	183712	223385	0
2020-10-16	4702	4792	4698	4786	211190	231699	0
2020-10-19	4784	4818	4756	4782	210620	236402	0
2020-10-20	4784	4798	4764	4780	99780	235224	0
2020-10-21	4784	4792	4736	4750	155411	236533	0
2020-10-22	4754	4768	4654	4656	215875	236511	0
2020-10-23	4654	4676	4648	4656	112082	236671	0
2020-10-26	4668	4678	4636	4660	128364	247194	0
2020-10-27	4658	4680	4648	4672	109193	253291	0
2020-10-28	4672	4702	4632	4640	181299	259663	0
2020-10-29	4638	4650	4628	4640	116103	261647	0
2020-10-30	4626	4644	4604	4614	209652	268720	0
2020-11-02	4616	4622	4542	4564	263960	274227	0
2020-11-03	4572	4640	4568	4624	202533	265424	0
2020-11-04	4628	4636	4614	4622	129695	263617	0
2020-11-05	4630	4636	4602	4616	194577	268775	0
2020-11-06	4616	4740	4612	4736	306160	267352	0
2020-11-09	4728	4756	4684	4708	285729	263261	0
2020-11-10	4726	4750	4712	4746	181081	260877	0
2020-11-11	4750	4796	4746	4760	193659	272755	0
2020-11-12	4764	4776	4744	4766	172378	272893	0
2020-11-13	4768	4822	4760	4810	231965	288320	0
2020-11-16	4796	4850	4782	4848	201417	300510	0
2020-11-17	4840	4904	4840	4884	262924	315578	0
2020-11-18	4888	4978	4802	4816	405696	324910	0
2020-11-19	4824	4854	4802	4832	213971	320711	0
2020-11-20	4828	4894	4828	4852	191514	324555	0
2020-11-23	4860	4902	4830	4874	225443	325189	0
2020-11-24	4876	4910	4862	4896	194299	331810	0
2020-11-25	4902	4916	4886	4894	177664	320356	0
2020-11-26	4894	4944	4880	4926	200177	327018	0
2020-11-27	4924	4948	4892	4918	156035	325692	0
2020-11-30	4932	4958	4840	4844	263714	314319	0
2020-12-01	4858	4898	4830	4896	152118	302152	0
2020-12-02	4914	4940	4886	4924	207896	299537	0
2020-12-03	4926	4952	4910	4942	165912	296815	0
2020-12-04	4956	4968	4916	4940	153090	294351	0
2020-12-07	4940	5158	4936	5080	329989	315809	0
2020-12-08	5080	5120	5048	5116	240176	320011	0
2020-12-09	5110	5200	5086	5160	302657	328373	0
2020-12-10	5160	5238	5134	5196	242955	329341	0
2020-12-11	5190	5224	5148	5224	251699	323905	0
2020-12-14	5212	5282	5172	5188	232389	320963	0
2020-12-15	5194	5210	5156	5198	146480	317256	0
2020-12-16	5200	5236	5150	5178	243186	313091	0
2020-12-17	5190	5222	5178	5192	119119	306423	0
2020-12-18	5200	5288	5178	5262	237219	307306	0
2020-12-21	5272	5340	5242	5310	216936	305123	0
2020-12-22	5326	5366	5240	5266	239845	283203	0
2020-12-23	5278	5438	5278	5412	369469	298881	0
2020-12-24	5408	5430	5364	5394	208655	276391	0
2020-12-25	5422	5644	5412	5576	395717	278946	0
2020-12-28	5578	5598	5504	5532	255343	266317	0
2020-12-29	5546	5694	5466	5488	519673	275725	0
2020-12-30	5486	5616	5466	5598	345173	281100	0
2020-12-31	5632	5760	5632	5758	486541	288927	0
2021-01-04	5742	5798	5702	5754	245068	282819	0
2021-01-05	5760	5960	5748	5900	470931	292259	0
2021-01-06	5922	5970	5886	5960	387881	296048	0
2021-01-07	5984	6134	5978	6132	490078	305311	0
2021-01-08	6122	6358	6020	6110	922041	294264	0
2021-01-11	6134	6260	5934	5976	809291	283406	0
2021-01-12	5994	6236	5918	6228	629755	305829	0
2021-01-13	6240	6308	6144	6172	792852	302678	0
2021-01-14	6174	6280	6098	6176	654900	296972	0
2021-01-15	6178	6340	6176	6306	673976	306428	0
2021-01-18	6296	6450	6272	6444	657155	340203	0
2021-01-19	6428	6436	6224	6244	736830	317174	0
2021-01-20	6260	6312	6234	6272	480775	322489	0
2021-01-21	6270	6348	6214	6332	591221	328896	0
2021-01-22	6326	6352	6274	6312	426021	335669	0
2021-01-25	6282	6418	6264	6382	661193	356390	0
2021-01-26	6384	6542	6370	6522	682745	404120	0
2021-01-27	6522	6592	6498	6588	692212	419142	0
2021-01-28	6582	6614	6490	6538	743238	396348	0
2021-01-29	6552	6732	6538	6696	851712	430813	0
2021-02-01	6694	6744	6602	6684	657584	406664	0
2021-02-02	6700	6702	6594	6618	576347	409550	0
2021-02-03	6638	6640	6398	6438	987944	406844	0
2021-02-04	6436	6590	6422	6582	707882	421105	0
2021-02-05	6576	6630	6518	6576	652224	417163	0
2021-02-08	6562	6654	6494	6650	722166	401303	0
2021-02-09	6628	6784	6614	6730	680629	394958	0
2021-02-10	6718	6830	6694	6816	468501	385436	0
2021-02-18	6870	6922	6750	6840	320351	392824	0
2021-02-19	6842	6992	6838	6968	554648	421391	0
2021-02-22	6956	7052	6864	6930	616202	406360	0
2021-02-23	6914	7320	6872	7212	937100	394134	0
2021-02-24	7210	7290	7178	7270	634201	393444	0
2021-02-25	7280	7516	7208	7464	715089	381787	0
2021-02-26	7460	7510	7330	7454	646693	373672	0
2021-03-01	7400	7626	7386	7470	773305	375101	0
2021-03-02	7454	7464	7102	7260	1012336	362274	0
2021-03-03	7326	7590	7296	7406	1144740	367999	0
2021-03-04	7418	7432	7318	7348	740082	361315	0
2021-03-05	7318	7332	7120	7276	893659	359705	0
2021-03-08	7280	7420	7130	7230	926297	375779	0
2021-03-09	7188	7384	7116	7200	967081	375456	0
2021-03-10	7250	7362	7156	7236	1030313	388881	0
2021-03-11	7228	7322	7146	7256	980749	397527	0
2021-03-12	7264	7354	7220	7296	809597	394916	0
2021-03-15	7328	7374	7134	7200	918450	405635	0
2021-03-16	7194	7214	6990	7130	1089760	422644	0
2021-03-17	7132	7228	7114	7226	619755	425069	0
2021-03-18	7210	7324	7198	7318	654149	434271	0
2021-03-19	7288	7290	7022	7052	902965	419219	0
2021-03-22	7062	7262	7026	7238	902918	427676	0
2021-03-23	7246	7250	7154	7192	656862	422110	0
2021-03-24	7170	7208	7058	7192	835393	423496	0
2021-03-25	7210	7212	7070	7072	639734	432046	0
2021-03-26	7014	7090	6908	7080	922366	423872	0
2021-03-29	7082	7122	7020	7022	690909	435513	0
2021-03-30	6982	6982	6712	6780	1010109	443483	0
2021-03-31	6772	6806	6522	6558	936660	454329	0
2021-04-01	6570	6878	6558	6856	811571	438562	0
2021-04-02	6844	7112	6774	6906	1227790	407519	0
2021-04-06	6890	7102	6880	7028	526121	408132	0
2021-04-07	7058	7096	6974	7068	560824	408472	0
2021-04-08	7074	7082	7018	7044	407204	406701	0
2021-04-09	7064	7076	6894	6930	685189	411533	0
2021-04-12	6956	6958	6784	6798	594656	402972	0
2021-04-13	6800	7174	6800	7104	906379	431192	0
2021-04-14	7122	7154	7068	7084	474840	429482	0
2021-04-15	7020	7064	6944	6996	794186	409745	0
2021-04-16	7058	7176	7016	7152	695014	420329	0
2021-04-19	7162	7288	7108	7222	676322	426996	0
2021-04-20	7216	7234	7166	7226	394193	426809	0
2021-04-21	7196	7200	7046	7082	551055	403382	0
2021-04-22	7068	7102	6992	7026	517063	401207	0
2021-04-23	7046	7062	6976	7032	469760	391727	0
2021-04-26	7030	7162	7026	7148	565888	391638	0
2021-04-27	7158	7162	7088	7116	407478	383246	0
2021-04-28	7136	7186	7116	7146	414324	375227	0
2021-04-29	7148	7166	7032	7078	422175	362762	0
2021-04-30	7078	7142	7046	7090	455127	345608	0
2021-05-06	7106	7180	6952	7138	532865	340740	0
2021-05-07	7142	7284	7142	7212	727552	355131	0
2021-05-10	7198	7280	7150	7188	541866	338614	0
2021-05-11	7194	7212	7096	7170	448471	329435	0
2021-05-12	7170	7194	7102	7160	347268	326834	0
2021-05-13	7106	7182	6990	7090	636623	297542	0
2021-05-14	7098	7134	6870	6932	637837	293002	0
2021-05-17	6970	7026	6860	6862	423158	302872	0
2021-05-18	6840	6932	6832	6894	300318	294490	0
2021-05-19	6914	6926	6842	6860	356996	296493	0
2021-05-20	6788	6854	6652	6798	608903	308553	0
2021-05-21	6786	6788	6664	6696	439762	313117	0
2021-05-24	6672	6742	6526	6578	638084	309672	0
2021-05-25	6564	6614	6434	6444	530164	317214	0
2021-05-26	6478	6494	6278	6290	554271	320767	0
2021-05-27	6306	6356	6002	6014	744267	333738	0
2021-05-28	5978	6282	5972	6248	1044336	282805	0
2021-05-31	6234	6306	6190	6280	506729	275211	0
2021-06-01	6268	6288	6180	6220	428726	280978	0
2021-06-02	6254	6260	6066	6182	686079	280074	0
2021-06-03	6178	6184	6048	6058	529326	295283	0
2021-06-04	6060	6262	6050	6240	638112	272817	0
2021-06-07	6238	6292	6190	6240	459486	266437	0
2021-06-08	6252	6256	6094	6108	488006	263692	0
2021-06-09	6122	6162	5960	6042	643391	276072	0
2021-06-10	6078	6096	6028	6064	420286	260489	0
2021-06-11	6072	6118	6022	6100	355207	252502	0
2021-06-15	6078	6176	5852	5930	477186	256769	0
2021-06-16	5946	6020	5934	5938	382657	252658	0
2021-06-17	5946	5968	5872	5896	455104	256386	0
2021-06-18	5864	5870	5734	5756	527932	274565	0
2021-06-21	5768	5808	5720	5780	324859	270256	0
2021-06-22	5772	5914	5738	5912	444981	256642	0
2021-06-23	5908	6010	5862	5996	420255	240658	0
2021-06-24	6008	6138	6008	6120	429576	232520	0
2021-06-25	6094	6156	6064	6096	339128	227518	0
2021-06-28	6082	6192	6036	6162	436968	233533	0
2021-06-29	6148	6148	6036	6100	295850	228627	0
2021-06-30	6126	6190	6060	6180	407297	244284	0
2021-07-01	6178	6196	6118	6162	270008	242423	0
2021-07-02	6188	6238	6134	6182	383011	247661	0
2021-07-05	6190	6256	6116	6224	365854	249288	0
2021-07-06	6240	6250	6170	6190	267003	247655	0
2021-07-07	6198	6206	6070	6202	373857	240825	0
2021-07-08	6192	6292	6172	6234	466043	248887	0
2021-07-09	6212	6418	6210	6408	467658	280413	0
2021-07-12	6396	6506	6392	6424	402229	281669	0
2021-07-13	6442	6466	6330	6334	289092	275855	0
2021-07-14	6322	6376	6306	6344	343677	274497	0
2021-07-15	6362	6368	6276	6342	274328	274190	0
2021-07-16	6338	6414	6314	6352	281688	273841	0
2021-07-19	6352	6594	6340	6582	429453	290728	0
2021-07-20	6534	6566	6196	6236	495389	245459	0
2021-07-21	6260	6362	6234	6332	340884	241096	0
2021-07-22	6320	6364	6290	6328	231305	238405	0
2021-07-23	6340	6340	6118	6210	527089	240628	0
2021-07-26	6208	6242	6098	6102	325710	246328	0
2021-07-27	6114	6176	6076	6098	318340	248152	0
2021-07-28	6100	6202	6068	6128	368497	236061	0
2021-07-29	6132	6230	6130	6206	273035	237390	0
2021-07-30	6212	6260	6186	6204	260497	232824	0
2021-08-02	6196	6210	6042	6062	371629	237657	0
2021-08-03	6040	6132	5992	6106	343046	246740	0
2021-08-04	6120	6318	6112	6308	432760	257133	0
2021-08-05	6292	6334	6246	6320	319463	255047	0
2021-08-06	6308	6340	6262	6278	247193	256117	0
2021-08-09	6254	6330	6210	6270	339368	252402	0
2021-08-10	6274	6402	6254	6294	367108	253231	0
2021-08-11	6294	6332	6254	6304	194168	248668	0
2021-08-12	6314	6340	6264	6296	191931	245838	0
2021-08-13	6298	6360	6260	6302	278257	251631	0
2021-08-16	6318	6410	6298	6396	311814	267629	0
2021-08-17	6388	6396	6190	6324	420582	247536	0
2021-08-18	6334	6352	6244	6264	247620	240420	0
2021-08-19	6294	6310	6214	6302	239010	238971	0
2021-08-20	6282	6290	6136	6192	358725	232502	0
2021-08-23	6180	6212	6094	6138	293195	241318	0
2021-08-24	6150	6194	6138	6172	219460	244556	0
2021-08-25	6134	6174	6104	6120	257155	257649	0
2021-08-26	6106	6120	6018	6056	344815	273017	0
2021-08-27	6056	6090	6010	6062	254797	269294	0
2021-08-30	6086	6126	6030	6062	315202	278499	0
2021-08-31	6078	6098	5986	5988	248024	285228	0
2021-09-01	5982	6006	5904	5910	295221	293740	0
2021-09-02	5920	6088	5920	6074	327721	279732	0
2021-09-03	6080	6140	6066	6132	230400	275331	0
2021-09-06	6180	6182	6082	6122	205306	273657	0
2021-09-07	6114	6124	6058	6096	151634	271715	0
2021-09-08	6096	6096	6036	6064	160379	269829	0
2021-09-09	6076	6082	6010	6064	192544	270395	0
2021-09-10	6054	6192	6046	6132	407826	289026	0
2021-09-13	6134	6150	5940	6010	318139	285224	0
2021-09-14	6036	6070	5988	6024	205079	283464	0
2021-09-15	6022	6074	5986	6014	237667	291916	0
2021-09-16	6008	6044	5826	5840	309698	300107	0
2021-09-17	5842	6014	5806	6014	346285	286217	0
2021-09-22	5984	6060	5976	6004	180956	283446	0
2021-09-23	5978	6026	5918	5968	214935	281850	0
2021-09-24	5990	5994	5752	5826	324395	291728	0
2021-09-27	5842	5922	5804	5858	290419	272304	0
2021-09-28	5804	5866	5730	5744	276240	272413	0
2021-09-29	5762	5792	5742	5768	180098	253635	0
2021-09-30	5762	5804	5668	5776	282766	228925	0
2021-10-08	5798	5850	5752	5790	179473	227503	0
2021-10-11	5798	5834	5768	5798	225090	233024	0
2021-10-12	5770	5776	5618	5622	352922	263493	0
2021-10-13	5614	5618	5474	5500	336074	269110	0
2021-10-14	5536	5650	5424	5460	425609	275001	0
2021-10-15	5426	5438	5282	5374	436282	277945	0
2021-10-18	5352	5368	5286	5322	269462	264727	0
2021-10-19	5338	5364	5138	5202	418756	276757	0
2021-10-20	5202	5304	5188	5282	343858	266269	0
2021-10-21	5286	5330	5248	5256	286143	261068	0
2021-10-22	5232	5266	5180	5212	304912	257235	0
2021-10-25	5216	5222	4900	5028	509212	254503	0
2021-10-26	5016	5040	4934	5000	313157	243253	0
2021-10-27	4958	4994	4878	4934	412356	247436	0
2021-10-28	4908	4912	4750	4816	470790	246571	0
2021-10-29	4846	4976	4838	4938	443554	224554	0
2021-11-01	4934	4996	4850	4958	389060	228600	0
2021-11-02	5002	5026	4870	4968	405709	220334	0
2021-11-03	4988	5066	4956	5026	419591	215922	0
2021-11-04	5026	5036	4964	5030	308571	215342	0
2021-11-05	5062	5068	4926	5050	375535	214595	0
2021-11-08	5046	5110	5004	5098	328490	213472	0
2021-11-09	5102	5116	5056	5072	228206	208360	0
2021-11-10	5068	5068	4902	4928	394131	216162	0
2021-11-11	4928	4968	4916	4936	291343	215597	0
2021-11-12	4922	4936	4868	4892	261326	216039	0
2021-11-15	4870	4964	4866	4894	236292	216930	0
2021-11-16	4884	4928	4860	4874	179659	220076	0
2021-11-17	4878	4942	4850	4924	223501	213480	0
2021-11-18	4948	5036	4920	5036	309994	215678	0
2021-11-19	5046	5092	5014	5088	213885	211356	0
2021-11-22	5052	5184	5038	5158	291406	222741	0
2021-11-23	5170	5204	5148	5180	194966	219739	0
2021-11-24	5176	5246	5156	5216	251369	225247	0
2021-11-25	5206	5278	5196	5260	213786	227817	0
2021-11-26	5294	5376	5238	5374	418659	248015	0
2021-11-29	5360	5532	5354	5514	614046	263280	0
2021-11-30	5550	5622	5476	5506	647688	261817	0
2021-12-01	5528	5902	5522	5854	1018761	294363	0
2021-12-02	5878	5944	5782	5866	793387	299188	0
2021-12-03	5832	5870	5648	5834	828928	306235	0
2021-12-06	5832	5834	5704	5772	582947	297676	0
2021-12-07	5778	5920	5748	5892	471318	326897	0
2021-12-08	5876	6048	5840	6004	749100	345482	0
2021-12-09	5992	6046	5920	5946	512864	341129	0
2021-12-10	5912	5920	5630	5686	875023	324770	0
2021-12-13	5710	5710	5574	5598	543722	324892	0
2021-12-14	5566	5638	5520	5626	412871	323079	0
2021-12-15	5640	5686	5560	5606	376169	319807	0
2021-12-16	5610	5690	5592	5634	373432	323671	0
2021-12-17	5644	5662	5396	5410	539951	351278	0
2021-12-20	5418	5506	5402	5454	344835	341660	0
2021-12-21	5460	5494	5434	5452	274747	336070	0
2021-12-22	5444	5554	5358	5536	469111	350822	0
2021-12-23	5542	5776	5506	5764	464208	358379	0
2021-12-24	5750	5840	5730	5820	411086	361178	0
2021-12-27	5824	5848	5728	5770	351760	344717	0
2021-12-28	5752	5924	5748	5804	490758	360422	0
2021-12-29	5820	5910	5780	5906	368185	357745	0
2021-12-30	5908	6026	5878	6006	539549	406536	0
2021-12-31	5994	6050	5964	6048	314663	383529	0
2022-01-04	6036	6086	5972	6074	240195	393410	0
2022-01-05	6070	6100	6024	6050	301326	394152	0
2022-01-06	6068	6074	5978	6020	370425	409584	0
2022-01-07	6018	6206	6006	6200	381745	423929	0
2022-01-10	6194	6296	6184	6254	357849	428064	0
2022-01-11	6222	6232	6062	6108	415360	398016	0
2022-01-12	6130	6280	6094	6256	363819	409980	0
2022-01-13	6238	6330	6206	6222	370580	410752	0
2022-01-14	6212	6312	6192	6278	383276	408476	0
2022-01-17	6262	6264	6078	6114	435609	392423	0
2022-01-18	6106	6158	6010	6110	344963	370952	0
2022-01-19	6112	6264	6056	6240	439617	385564	0
2022-01-20	6224	6268	6196	6210	254537	373976	0
2022-01-21	6138	6372	6082	6320	584869	417694	0
2022-01-24	6324	6340	6038	6040	489839	388050	0
2022-01-25	6004	6054	5958	5998	343062	375956	0
2022-01-26	5970	6030	5934	6002	327946	359029	0
2022-01-27	5988	6038	5898	5900	284260	343972	0
2022-01-28	5936	6268	5918	6268	436368	326025	0
2022-02-07	6272	6428	6264	6304	208974	319270	0
2022-02-08	6332	6390	6308	6384	226857	338945	0
2022-02-09	6380	6384	6302	6362	260675	342569	0
2022-02-10	6346	6460	6344	6448	342587	351976	0
2022-02-11	6470	6472	6312	6328	269740	343839	0
2022-02-14	6366	6450	6356	6422	267814	351584	0
2022-02-15	6362	6404	6278	6402	344124	349182	0
2022-02-16	6370	6414	6334	6386	227059	344791	0
2022-02-17	6372	6400	6306	6326	265201	351195	0
2022-02-18	6336	6502	6306	6492	342373	374380	0
2022-02-21	6490	6538	6444	6482	293645	375903	0
2022-02-22	6480	6576	6480	6528	246957	370611	0
2022-02-23	6528	6618	6500	6600	233330	374700	0
2022-02-24	6610	6762	6578	6618	354913	376154	0
2022-02-25	6634	6724	6590	6680	385516	386422	0
2022-02-28	6658	6712	6614	6664	292705	380185	0
2022-03-01	6650	6742	6596	6710	309542	386060	0
2022-03-02	6740	6778	6662	6770	317172	392351	0
2022-03-03	6782	6968	6778	6936	360672	401730	0
2022-03-04	6926	6944	6842	6872	267958	387656	0
2022-03-07	6896	7132	6868	7110	337576	389585	0
2022-03-08	7074	7252	6972	7198	350538	364828	0
2022-03-09	7144	7412	7140	7396	316608	350621	0
2022-03-10	7308	7362	7148	7240	375664	329479	0
2022-03-11	7318	7408	7186	7196	295468	331924	0
2022-03-14	7114	7150	6866	6898	385693	326346	0
2022-03-15	6914	6914	6686	6720	332602	316999	0
2022-03-16	6674	6894	6598	6860	312840	304089	0
2022-03-17	6852	6924	6764	6776	264968	309291	0
2022-03-18	6852	6870	6776	6838	187716	305462	0
2022-03-21	6752	6842	6686	6754	268262	316113	0
2022-03-22	6752	7066	6734	7010	303326	311606	0
2022-03-23	7014	7140	7008	7134	249315	314441	0
2022-03-24	7160	7166	7038	7044	226208	309377	0
2022-03-25	7068	7070	6746	6808	468069	321836	0
2022-03-28	6798	7030	6708	7018	364706	308934	0
2022-03-29	7052	7076	6934	6994	302986	305554	0
2022-03-30	6866	6944	6768	6886	293551	305297	0
2022-03-31	6864	6906	6704	6806	323178	290072	0
2022-04-01	6786	6926	6786	6830	262334	279858	0
2022-04-06	6844	7058	6824	7052	177966	281723	0
2022-04-07	7030	7032	6786	6806	311450	289849	0
2022-04-08	6812	6902	6784	6886	338751	280422	0
2022-04-11	6898	7030	6660	7026	589279	305951	0
2022-04-12	7044	7122	6918	7008	531838	297028	0
2022-04-13	7034	7086	6950	6976	306359	297838	0
2022-04-14	7000	7060	6956	7006	286580	296566	0
2022-04-15	7010	7174	6988	7026	426699	298759	0
2022-04-18	7032	7094	6996	7036	267622	288826	0
2022-04-19	7060	7238	7042	7182	392520	309571	0
2022-04-20	7174	7184	7084	7156	265440	302880	0
2022-04-21	7154	7266	7140	7264	319577	321296	0
2022-04-22	7260	7320	7240	7284	318693	318204	0
2022-04-25	7304	7306	6846	6864	529904	275346	0
2022-04-26	6842	6890	6714	6806	402505	262600	0
2022-04-27	6846	7110	6808	7094	477726	269009	0
2022-04-28	7120	7236	7094	7230	380523	274106	0
2022-04-29	7198	7270	7186	7268	278083	268857	0
2022-05-05	7272	7476	7230	7324	239107	283677	0
2022-05-06	7318	7342	7236	7276	305139	301740	0
2022-05-09	7304	7466	7170	7336	595746	326842	0
2022-05-10	7250	7386	7170	7372	523880	339078	0
2022-05-11	7408	7412	7296	7336	440753	341679	0
2022-05-12	7294	7368	7240	7304	450063	335113	0
2022-05-13	7294	7314	7202	7272	439327	325569	0
2022-05-16	7314	7338	7194	7282	368472	325765	0
2022-05-17	7292	7378	7288	7312	309994	323177	0
2022-05-18	7290	7362	7290	7354	192132	324206	0
数据来源:通达信
