SSL9 不锈钢指数 日线 前复权
      日期	    开盘	    最高	    最低	    收盘	    成交量	    持仓量	    结算价
2019-09-26	15565	15885	15530	15675	109736	21454	0
2019-09-27	15695	15720	15550	15690	29974	17858	0
2019-09-30	15670	15755	15600	15665	16000	16490	0
2019-10-08	15600	15765	15515	15645	8166	16364	0
2019-10-09	15620	15665	15600	15645	5094	16216	0
2019-10-10	15685	15745	15580	15735	12114	17006	0
2019-10-11	15750	15770	15680	15715	8230	16380	0
2019-10-14	15715	15800	15705	15735	10110	16514	0
2019-10-15	15710	15790	15165	15415	23902	16616	0
2019-10-16	15440	15550	15410	15465	10036	15930	0
2019-10-17	15465	15480	15100	15165	22638	16748	0
2019-10-18	15160	15225	14790	15005	27382	18086	0
2019-10-21	15095	15100	14675	14835	25286	19562	0
2019-10-22	14835	14960	14760	14880	10480	20136	0
2019-10-23	14840	15135	14830	14960	17854	19218	0
2019-10-24	14945	15110	14940	14995	11922	18890	0
2019-10-25	15030	15045	14805	14945	13746	19038	0
2019-10-28	14860	15045	14850	14990	9664	18298	0
2019-10-29	15010	15205	14950	15000	14242	17768	0
2019-10-30	15025	15045	14950	15045	5548	17558	0
2019-10-31	15045	15060	14910	14965	6618	17802	0
2019-11-01	14925	14980	14840	14980	8414	18048	0
2019-11-04	14965	14980	14930	14960	4650	17980	0
2019-11-05	14930	14975	14865	14895	8336	18114	0
2019-11-06	14900	14955	14850	14915	8420	17798	0
2019-11-07	14915	14945	14835	14905	8288	17254	0
2019-11-08	14890	14920	14765	14770	8038	16936	0
2019-11-11	14750	14765	14195	14205	40230	21460	0
2019-11-12	14200	14405	14165	14365	22786	21592	0
2019-11-13	14335	14440	14240	14340	12002	22100	0
2019-11-14	14315	14410	14260	14355	9402	21404	0
2019-11-15	14385	14420	14190	14360	15078	21122	0
2019-11-18	14340	14345	14110	14290	18310	21728	0
2019-11-19	14345	14450	14310	14370	17588	20458	0
2019-11-20	14345	14475	14330	14405	11470	19350	0
2019-11-21	14365	14385	14255	14365	12456	18436	0
2019-11-22	14415	14565	14305	14515	18402	18500	0
2019-11-25	14520	14580	14445	14510	8486	18386	0
2019-11-26	14540	14550	14345	14360	10248	17112	0
2019-11-27	14360	14370	14175	14210	14530	17812	0
2019-11-28	14225	14250	14090	14100	11274	19466	0
2019-11-29	14075	14120	13990	13995	10864	20934	0
2019-12-02	13960	14060	13895	13920	11840	21926	0
2019-12-03	13925	14050	13915	14010	6708	21156	0
2019-12-04	14020	14060	13830	13840	14708	23234	0
2019-12-05	13825	13960	13760	13870	18504	24370	0
2019-12-06	13860	14005	13850	13945	18364	24164	0
2019-12-09	13830	14095	13825	13935	19316	23668	0
2019-12-10	13870	14025	13865	13980	8322	23682	0
2019-12-11	13965	14270	13965	14195	25488	22784	0
2019-12-12	14225	14385	14215	14235	26404	23730	0
2019-12-13	14140	14285	14140	14265	11018	23074	0
2019-12-16	14290	14360	14185	14250	12860	21610	0
2019-12-17	14260	14315	14230	14285	6074	22154	0
2019-12-18	14290	14330	14220	14285	8540	21484	0
2019-12-19	14280	14380	14240	14375	9310	21064	0
2019-12-20	14365	14420	14305	14325	12512	20812	0
2019-12-23	14370	14450	14350	14420	10310	20386	0
2019-12-24	14450	14455	14230	14280	13082	19536	0
2019-12-25	14265	14290	14215	14215	6842	18982	0
2019-12-26	14220	14260	14220	14230	4784	20186	0
2019-12-27	14165	14265	14155	14185	10744	23928	0
2019-12-30	14190	14260	14175	14240	19300	35380	0
2019-12-31	14320	14505	14275	14460	33222	42498	0
2020-01-02	14390	14420	13855	13870	18623	24160	0
2020-01-03	13970	13980	13775	13780	23240	29298	0
2020-01-06	13770	13990	13760	13915	20945	31133	0
2020-01-07	13935	13985	13880	13945	10396	31489	0
2020-01-08	13970	14115	13935	13980	15101	32091	0
2020-01-09	13985	14075	13945	13960	18304	34030	0
2020-01-10	14000	14105	13975	14075	13669	36329	0
2020-01-13	14100	14105	14005	14035	12586	37492	0
2020-01-14	13950	14000	13840	13850	15078	38634	0
2020-01-15	13875	13900	13825	13840	9321	39732	0
2020-01-16	13880	13955	13860	13940	11137	40662	0
2020-01-17	13995	14015	13800	13845	15095	42555	0
2020-01-20	13835	13875	13825	13865	10629	43175	0
2020-01-21	13820	13945	13805	13870	12788	42287	0
2020-01-22	13865	13920	13770	13855	22526	31997	0
2020-01-23	13845	13855	13690	13710	14460	27883	0
2020-02-03	13505	13505	12935	13030	11166	28334	0
2020-02-04	13085	13295	13040	13245	8223	28918	0
2020-02-05	13190	13330	13165	13240	6612	32121	0
2020-02-06	13265	13360	13235	13270	3926	32849	0
2020-02-07	13265	13300	13190	13270	13468	38550	0
2020-02-10	13215	13325	13195	13290	4372	39303	0
2020-02-11	13260	13425	13260	13395	6738	41076	0
2020-02-12	13425	13550	13390	13500	9247	42852	0
2020-02-13	13555	13620	13465	13465	6483	43827	0
2020-02-14	13455	13580	13285	13295	11665	46310	0
2020-02-17	13355	13365	13300	13345	7633	47803	0
2020-02-18	13315	13340	13220	13250	10113	49332	0
2020-02-19	13225	13275	13180	13180	13143	54154	0
2020-02-20	13165	13250	13165	13250	8012	54963	0
2020-02-21	13250	13330	13200	13205	8221	55316	0
2020-02-24	13180	13225	13045	13090	15452	53441	0
2020-02-25	13075	13075	12965	12985	22434	47689	0
2020-02-26	12965	12990	12660	12665	30481	58820	0
2020-02-27	12685	12810	12670	12690	21764	64014	0
2020-02-28	12690	12690	12400	12480	27456	70033	0
2020-03-02	12515	12735	12505	12650	15713	72170	0
2020-03-03	12680	12835	12645	12675	16512	75801	0
2020-03-04	12705	12720	12555	12585	13569	79224	0
2020-03-05	12575	12710	12530	12650	18095	82649	0
2020-03-06	12650	12665	12565	12595	11141	84421	0
2020-03-09	12470	12470	12110	12205	24548	81972	0
2020-03-10	12230	12525	12230	12440	26035	82569	0
2020-03-11	12440	12460	12340	12370	21619	84566	0
2020-03-12	12360	12365	12150	12260	23151	85732	0
2020-03-13	12110	12295	11990	12190	30350	85657	0
2020-03-16	12165	12400	12155	12220	33202	86011	0
2020-03-17	12245	12245	12110	12200	23047	82540	0
2020-03-18	12190	12280	12025	12060	43989	85282	0
2020-03-19	12145	12145	11700	11950	46479	83179	0
2020-03-20	11920	12025	11910	11980	31566	83130	0
2020-03-23	11900	11905	11740	11805	21656	81939	0
2020-03-24	11805	11860	11745	11805	20507	76032	0
2020-03-25	11870	11980	11850	11975	27191	65239	0
2020-03-26	11975	12040	11920	11945	32100	75861	0
2020-03-27	11995	12075	11940	12075	24616	81364	0
2020-03-30	12010	12075	11840	11885	21121	83182	0
2020-03-31	11910	12035	11905	11980	16690	84264	0
2020-04-01	11985	12055	11930	11990	21017	81295	0
2020-04-02	11955	11990	11820	11960	24949	78065	0
2020-04-03	11975	12020	11910	11920	14292	75769	0
2020-04-07	11965	12145	11955	12045	16738	77101	0
2020-04-08	12030	12245	11985	12195	20811	80166	0
2020-04-09	12205	12315	12160	12290	22690	83737	0
2020-04-10	12330	12455	12265	12445	21796	84809	0
2020-04-13	12375	12655	12375	12505	37324	86126	0
2020-04-14	12590	12830	12540	12805	30993	86747	0
2020-04-15	12745	13165	12745	12840	56524	85648	0
2020-04-16	12890	12890	12665	12680	42397	85358	0
2020-04-17	12755	12925	12750	12915	40628	85765	0
2020-04-20	12865	13315	12865	13265	48273	88282	0
2020-04-21	13210	13430	12770	12990	54985	85381	0
2020-04-22	13020	13020	12810	12880	39432	83144	0
2020-04-23	12925	13100	12805	12985	49990	79416	0
2020-04-24	12910	13105	12810	12900	51801	67068	0
2020-04-27	12930	13000	12810	12860	39186	55280	0
2020-04-28	12835	12905	12650	12855	31411	53884	0
2020-04-29	12840	12975	12750	12770	23314	52802	0
2020-04-30	12880	12890	12785	12870	16896	48520	0
2020-05-06	12855	13240	12810	13210	29640	52055	0
2020-05-07	13265	13445	12935	13115	48485	54590	0
2020-05-08	13195	13220	13080	13190	20186	54210	0
2020-05-11	13280	13725	13250	13665	76577	62716	0
2020-05-12	13655	13705	13430	13435	43268	59843	0
2020-05-13	13475	13545	13320	13505	32494	58919	0
2020-05-14	13505	13520	13310	13420	22003	58957	0
2020-05-15	13390	13420	13265	13340	20694	59789	0
2020-05-18	13325	13505	13295	13420	27636	59703	0
2020-05-19	13445	13590	13385	13450	28370	58689	0
2020-05-20	13500	13515	13355	13380	22854	59832	0
2020-05-21	13375	13625	13230	13625	39235	58791	0
2020-05-22	13595	13610	13090	13120	47567	52218	0
2020-05-25	13140	13315	13135	13250	24891	42828	0
2020-05-26	13250	13325	13145	13225	44987	43469	0
2020-05-27	13220	13220	12975	13050	41169	45792	0
2020-05-28	13020	13085	12980	13000	34336	49785	0
2020-05-29	12975	13050	12960	12970	24909	51014	0
2020-06-01	13010	13140	12980	13105	31718	53408	0
2020-06-02	13030	13110	12995	13055	18704	54901	0
2020-06-03	13090	13170	12985	13040	32655	56381	0
2020-06-04	12995	13010	12835	12850	27059	60934	0
2020-06-05	12870	12980	12850	12950	24292	60708	0
2020-06-08	12970	13070	12915	12990	23130	61414	0
2020-06-09	12985	13055	12915	12945	24583	62372	0
2020-06-10	12965	12965	12845	12910	21442	64536	0
2020-06-11	12910	12950	12765	12820	20453	66820	0
2020-06-12	12785	12830	12665	12770	20628	68100	0
2020-06-15	12805	12865	12570	12585	23454	70909	0
2020-06-16	12625	12770	12600	12740	17329	70778	0
2020-06-17	12795	12795	12680	12710	28673	71920	0
2020-06-18	12690	12790	12655	12735	22402	73527	0
2020-06-19	12775	13265	12765	13225	70661	73673	0
2020-06-22	13185	13350	13055	13180	46808	70448	0
2020-06-23	13205	13280	13105	13160	33562	59524	0
2020-06-24	13195	13220	12970	13110	40653	42753	0
2020-06-29	13110	13175	12990	13090	18674	38619	0
2020-06-30	13105	13110	12970	13005	27805	35451	0
2020-07-01	13050	13060	12990	13040	15399	36600	0
2020-07-02	13015	13245	13015	13240	27733	41796	0
2020-07-03	13220	13480	13215	13385	47764	42981	0
2020-07-06	13345	13425	13240	13320	32919	44139	0
2020-07-07	13345	13525	13340	13410	25808	45906	0
2020-07-08	13450	13670	13385	13510	31624	48871	0
2020-07-09	13465	13565	13455	13540	22530	49937	0
2020-07-10	13590	13615	13300	13410	29621	48935	0
2020-07-13	13485	13690	13460	13655	32538	50748	0
2020-07-14	13630	13780	13535	13580	35497	51841	0
2020-07-15	13600	13640	13540	13545	24245	52148	0
2020-07-16	13565	13590	13330	13395	35262	51501	0
2020-07-17	13435	13475	13395	13435	17080	51087	0
2020-07-20	13380	13425	13300	13405	21351	51199	0
2020-07-21	13490	13560	13385	13485	24544	50703	0
2020-07-22	13550	13665	13495	13560	29303	49017	0
2020-07-23	13440	13480	13340	13445	27117	42863	0
2020-07-24	13535	13700	13495	13645	37582	37517	0
2020-07-27	13710	13900	13640	13665	46892	36490	0
2020-07-28	13690	13785	13625	13720	28549	37305	0
2020-07-29	13605	13745	13560	13685	23447	42951	0
2020-07-30	13620	13850	13600	13825	34258	49817	0
2020-07-31	13820	14000	13620	14000	45846	55524	0
2020-08-03	13995	14025	13785	13905	39167	57575	0
2020-08-04	13920	14180	13910	14150	44215	61045	0
2020-08-05	14095	14460	14095	14430	65691	66603	0
2020-08-06	14445	14760	14395	14410	60139	64742	0
2020-08-07	14450	14535	14265	14370	34980	63863	0
2020-08-10	14345	14380	14110	14165	32460	62679	0
2020-08-11	14245	14265	13955	13965	31438	61725	0
2020-08-12	13995	14080	13935	14065	30342	62050	0
2020-08-13	14115	14265	14100	14125	29221	61587	0
2020-08-14	14080	14390	13980	14370	39621	63316	0
2020-08-17	14470	14865	14400	14850	76657	69663	0
2020-08-18	14930	15065	14750	14955	86613	68831	0
2020-08-19	14985	15020	14650	14725	63823	66546	0
2020-08-20	14795	14860	14645	14855	65653	63847	0
2020-08-21	14870	14885	14670	14685	51032	61872	0
2020-08-24	14645	15005	14630	14965	52001	61136	0
2020-08-25	15075	15085	14920	14950	56484	58739	0
2020-08-26	14945	15190	14905	15175	52599	60757	0
2020-08-27	15180	15185	15050	15095	37861	61824	0
2020-08-28	15085	15185	15020	15175	41231	64343	0
2020-08-31	15205	15360	15165	15300	37517	63862	0
2020-09-01	15265	15335	15100	15265	38809	64217	0
2020-09-02	15240	15340	15190	15230	35552	66611	0
2020-09-03	15225	15445	14930	14935	54654	67136	0
2020-09-04	14890	14965	14770	14775	47156	66246	0
2020-09-07	14815	14930	14700	14800	35551	65317	0
2020-09-08	14835	14885	14735	14880	25952	66610	0
2020-09-09	14665	14680	14195	14210	46506	66115	0
2020-09-10	14325	14440	14060	14120	42101	68130	0
2020-09-11	14185	14300	14105	14205	39408	71597	0
2020-09-14	14205	14475	14195	14445	37058	71256	0
2020-09-15	14445	14490	14390	14400	29294	71912	0
2020-09-16	14430	14440	13990	14120	63947	70746	0
2020-09-17	14085	14155	13945	14020	34285	71002	0
2020-09-18	13995	14200	13880	14135	43313	69440	0
2020-09-21	14075	14155	13925	14015	41990	69445	0
2020-09-22	14015	14125	13835	13950	58696	69621	0
2020-09-23	13960	14075	13860	14010	42287	66495	0
2020-09-24	13995	14345	13955	14255	68685	57613	0
2020-09-25	14255	14435	14180	14300	58883	52668	0
2020-09-28	14330	14435	14230	14265	61605	49740	0
2020-09-29	14280	14320	14090	14195	46072	47049	0
2020-09-30	14210	14255	13955	14070	38997	45086	0
2020-10-09	14210	14545	14210	14530	37151	47980	0
2020-10-12	14545	14575	14405	14505	45349	54052	0
2020-10-13	14475	14500	14250	14365	42423	59524	0
2020-10-14	14370	14405	14175	14375	36828	61296	0
2020-10-15	14465	14545	14270	14335	42930	65201	0
2020-10-16	14300	14470	14230	14455	36642	66649	0
2020-10-19	14505	14760	14455	14495	51940	69666	0
2020-10-20	14520	14545	14385	14470	38370	70008	0
2020-10-21	14515	14670	14490	14660	50816	69566	0
2020-10-22	14675	14750	14440	14485	49780	66268	0
2020-10-23	14510	14590	14400	14470	46713	60584	0
2020-10-26	14435	14470	14210	14225	67528	60008	0
2020-10-27	14245	14280	14200	14260	50634	64582	0
2020-10-28	14225	14880	14110	14735	97661	70999	0
2020-10-29	14600	14610	14290	14325	65531	67697	0
2020-10-30	14210	14375	14100	14100	66682	66295	0
2020-11-02	14100	14180	13800	13800	64938	72815	0
2020-11-03	13795	13910	13760	13845	50667	75841	0
2020-11-04	13875	14015	13700	13845	57643	76825	0
2020-11-05	13910	13930	13710	13820	53861	81509	0
2020-11-06	13830	13990	13750	13830	56986	83709	0
2020-11-09	13855	14030	13560	13960	77163	86286	0
2020-11-10	14010	14010	13755	13800	68067	88662	0
2020-11-11	13780	13805	13640	13690	72071	92293	0
2020-11-12	13635	13655	13480	13505	81530	93876	0
2020-11-13	13545	13640	13500	13555	53131	92901	0
2020-11-16	13555	13705	13275	13305	99723	101133	0
2020-11-17	13295	13315	12965	12995	112777	106077	0
2020-11-18	13060	13105	12955	13035	91423	108837	0
2020-11-19	12990	13210	12870	13150	103464	107382	0
2020-11-20	13165	13255	13125	13175	82891	109809	0
2020-11-23	13200	13380	13190	13330	116901	108586	0
2020-11-24	13250	13395	13205	13380	81810	108574	0
2020-11-25	13365	13440	13105	13235	114825	95503	0
2020-11-26	13200	13265	13145	13185	66622	104670	0
2020-11-27	13200	13415	13180	13355	99652	109798	0
2020-11-30	13390	13440	13265	13300	88568	113660	0
2020-12-01	13325	13330	13035	13250	76880	115902	0
2020-12-02	13310	13385	13240	13345	70676	118277	0
2020-12-03	13275	13455	13255	13305	94420	121458	0
2020-12-04	13335	13360	13215	13305	70402	122355	0
2020-12-07	13325	13505	13305	13480	104084	135853	0
2020-12-08	13490	13575	13380	13435	81865	139086	0
2020-12-09	13435	13545	13390	13495	73869	142573	0
2020-12-10	13565	13655	13400	13445	112250	152334	0
2020-12-11	13520	14115	13520	13870	196618	154657	0
2020-12-14	13805	14255	13770	14050	169797	167516	0
2020-12-15	14105	14200	13875	13960	133159	169738	0
2020-12-16	13980	14085	13655	13730	146627	167752	0
2020-12-17	13785	13845	13725	13825	85922	168958	0
2020-12-18	13865	13930	13750	13905	126715	172484	0
2020-12-21	13880	14020	13685	13950	175599	174907	0
2020-12-22	13855	13895	13305	13335	197092	171242	0
2020-12-23	13385	13420	13130	13320	118189	168641	0
2020-12-24	13365	13475	13315	13405	104301	163869	0
2020-12-25	13420	13680	13385	13665	120366	159736	0
2020-12-28	13690	13740	13510	13605	91440	160784	0
2020-12-29	13585	13640	13295	13305	119418	169670	0
2020-12-30	13315	13430	13275	13390	101878	168652	0
2020-12-31	13360	13465	13315	13420	78701	171626	0
2021-01-04	13405	13715	13405	13715	81291	175418	0
2021-01-05	13725	13945	13620	13920	119327	190375	0
2021-01-06	13950	14095	13860	13975	126842	202197	0
2021-01-07	14020	14660	14020	14655	215322	234723	0
2021-01-08	14715	14910	14170	14365	322017	230981	0
2021-01-11	14400	14460	13835	13840	202260	228995	0
2021-01-12	13750	13930	13570	13885	213525	223811	0
2021-01-13	13940	14035	13760	13875	170092	228238	0
2021-01-14	13860	13975	13705	13900	166515	228344	0
2021-01-15	13970	14185	13885	13965	210254	225599	0
2021-01-18	13995	14335	13930	14290	161061	223902	0
2021-01-19	14305	14395	14170	14270	144181	226680	0
2021-01-20	14305	14450	14180	14355	161654	226736	0
2021-01-21	14430	14515	14295	14370	146681	228926	0
2021-01-22	14390	14395	14035	14080	160895	224978	0
2021-01-25	14055	14385	13980	14335	156608	218490	0
2021-01-26	14300	14655	14270	14455	209525	221155	0
2021-01-27	14500	14600	14265	14360	162583	217532	0
2021-01-28	14270	14330	14160	14220	146377	217414	0
2021-01-29	14240	14375	14230	14300	135133	220845	0
2021-02-01	14315	14520	14315	14450	138555	223673	0
2021-02-02	14400	14450	14165	14225	117367	227941	0
2021-02-03	14140	14200	14080	14200	135408	229995	0
2021-02-04	14200	14460	14190	14285	190513	229814	0
2021-02-05	14245	14395	14225	14345	139348	232178	0
2021-02-08	14355	14465	14245	14450	133398	219383	0
2021-02-09	14430	14495	14310	14455	108344	209963	0
2021-02-10	14525	14660	14390	14505	130721	206655	0
2021-02-18	14705	14935	14580	14875	101482	208291	0
2021-02-19	15005	15320	14930	15315	174978	214162	0
2021-02-22	15355	15675	15170	15260	224566	211765	0
2021-02-23	15315	15570	15130	15320	203004	203588	0
2021-02-24	15295	15315	15130	15205	169483	193152	0
2021-02-25	15315	15620	15250	15495	222420	194301	0
2021-02-26	15420	15515	14885	15025	209608	190010	0
2021-03-01	14995	15295	14975	15075	200952	193033	0
2021-03-02	15035	15200	14760	14880	200771	195460	0
2021-03-03	14990	15020	14585	14660	171504	198956	0
2021-03-04	14345	14405	13965	13965	185997	203610	0
2021-03-05	13710	14265	13710	14210	294291	204064	0
2021-03-08	14240	14565	14095	14165	233216	203910	0
2021-03-09	14170	14255	13965	13965	163430	206850	0
2021-03-10	13990	14110	13775	13865	200322	207414	0
2021-03-11	13905	14110	13880	14075	170413	203118	0
2021-03-12	14125	14160	13945	13955	133063	203080	0
2021-03-15	13945	14125	13800	14035	182480	198729	0
2021-03-16	14080	14100	13925	13945	120794	188369	0
2021-03-17	13970	14050	13825	13960	114350	185929	0
2021-03-18	14005	14080	13915	14030	119620	185559	0
2021-03-19	14015	14105	13900	13965	149382	183624	0
2021-03-22	13985	14270	13880	14185	183890	181297	0
2021-03-23	14235	14305	14150	14280	127834	179733	0
2021-03-24	14265	14310	14105	14185	123918	177680	0
2021-03-25	14290	14380	14210	14220	137293	176076	0
2021-03-26	14200	14395	14155	14395	139253	164790	0
2021-03-29	14385	14440	14325	14420	116562	166392	0
2021-03-30	14480	14615	14480	14605	126633	163544	0
2021-03-31	14600	14630	14270	14345	134220	154930	0
2021-04-01	14385	14395	14225	14245	94219	155673	0
2021-04-02	14200	14300	14160	14265	111858	156748	0
2021-04-06	14300	14445	14270	14310	75313	156905	0
2021-04-07	14355	14480	14345	14460	92434	156481	0
2021-04-08	14455	14535	14315	14460	114522	158976	0
2021-04-09	14500	14680	14395	14395	150957	167962	0
2021-04-12	14425	14545	14055	14065	157466	164924	0
2021-04-13	14060	14115	13880	13960	150995	169190	0
2021-04-14	14000	14015	13805	13840	113856	176821	0
2021-04-15	13845	13925	13770	13845	123171	179279	0
2021-04-16	13820	13970	13815	13910	119362	173367	0
2021-04-19	13930	14005	13760	13935	124545	168061	0
2021-04-20	13975	14025	13855	13940	113111	168857	0
2021-04-21	13895	13945	13800	13900	131856	167072	0
2021-04-22	13910	13940	13815	13825	118085	169696	0
2021-04-23	13850	13980	13830	13960	118814	164840	0
2021-04-26	13980	14160	13935	14130	166220	146420	0
2021-04-27	14110	14440	14110	14440	142541	139025	0
2021-04-28	14435	14560	14280	14555	123003	135274	0
2021-04-29	14415	14515	14260	14405	171035	130287	0
2021-04-30	14465	14515	14330	14395	123827	122947	0
2021-05-06	14455	15040	14455	15030	111979	129985	0
2021-05-07	15035	15060	14840	14905	126280	134504	0
2021-05-10	14865	15535	14735	15290	234779	136875	0
2021-05-11	15315	15400	15065	15380	171347	136018	0
2021-05-12	15490	15845	15370	15555	198693	140632	0
2021-05-13	15410	15720	15125	15245	195325	137968	0
2021-05-14	15255	15290	14855	15100	144835	137680	0
2021-05-17	15220	15450	15120	15270	140632	137422	0
2021-05-18	15185	15660	15130	15620	135144	135336	0
2021-05-19	15685	15685	15390	15515	141589	136018	0
2021-05-20	15250	15275	14790	15075	219831	128490	0
2021-05-21	15110	15270	14950	15080	198548	133647	0
2021-05-24	15175	15190	14750	14905	194596	129540	0
2021-05-25	14915	15060	14780	14825	128280	124766	0
2021-05-26	14815	14915	14675	14760	167741	112535	0
2021-05-27	14795	15010	14715	14960	171635	111750	0
2021-05-28	14995	15300	14970	15290	227748	119705	0
2021-05-31	15230	15620	15200	15515	196779	126045	0
2021-06-01	15495	16005	15435	15960	182210	131969	0
2021-06-02	15875	16025	15730	15935	161117	130180	0
2021-06-03	15890	16115	15765	15895	208035	127768	0
2021-06-04	15705	15800	15380	15380	190754	119887	0
2021-06-07	15550	15690	15330	15390	167588	115477	0
2021-06-08	15425	15440	15305	15330	128611	110899	0
2021-06-09	15340	15720	15335	15690	135829	114400	0
2021-06-10	15765	15815	15625	15720	138966	114756	0
2021-06-11	15700	16405	15700	16405	208727	124905	0
2021-06-15	16415	16420	15925	16175	139735	120656	0
2021-06-16	16110	16230	15790	15825	168976	110286	0
2021-06-17	15870	15980	15690	15870	144758	104250	0
2021-06-18	15815	16055	15765	15890	179963	104500	0
2021-06-21	15845	15960	15685	15775	168916	100763	0
2021-06-22	15825	16330	15760	16190	188910	110175	0
2021-06-23	16185	16470	16170	16295	198510	117751	0
2021-06-24	16375	16565	16260	16545	172784	120049	0
2021-06-25	16575	16850	16545	16675	204832	114130	0
2021-06-28	16755	16875	16450	16580	200793	99033	0
2021-06-29	16590	16645	16380	16490	152835	92336	0
2021-06-30	16575	16755	16540	16755	143147	94092	0
2021-07-01	16745	16895	16460	16480	156222	92953	0
2021-07-02	16505	16615	16215	16235	149491	82855	0
2021-07-05	16325	16635	16260	16545	148615	82662	0
2021-07-06	16500	16840	16480	16760	123409	86748	0
2021-07-07	16740	16740	16465	16710	137437	81839	0
2021-07-08	16760	17165	16760	17030	233052	93198	0
2021-07-09	17065	17245	16955	17240	201571	99318	0
2021-07-12	17235	17355	17070	17190	189046	91826	0
2021-07-13	17160	17345	17020	17300	129918	91692	0
2021-07-14	17215	17825	17210	17760	209235	97961	0
2021-07-15	17780	18120	17650	18040	208993	95597	0
2021-07-16	18140	19050	18070	18595	449449	86506	0
2021-07-19	18650	18900	18400	18560	279696	79040	0
2021-07-20	18260	18470	17965	18360	271265	71293	0
2021-07-21	18405	18615	18150	18250	180101	68910	0
2021-07-22	18245	18580	18220	18435	193539	68012	0
2021-07-23	18750	19255	18690	19190	311973	76593	0
2021-07-26	19135	19635	19120	19405	250325	79699	0
2021-07-27	19600	19830	18870	18990	315412	76599	0
2021-07-28	18985	19460	18710	19040	350417	77923	0
2021-07-29	19300	19670	19065	19665	297366	85432	0
2021-07-30	19685	19970	19620	19935	343125	89540	0
2021-08-02	19995	20005	19115	19270	398979	86363	0
2021-08-03	19175	19375	18505	18605	266034	88548	0
2021-08-04	18615	19015	18605	18795	266635	85014	0
2021-08-05	18755	19060	18465	18655	300721	87584	0
2021-08-06	18735	18915	18620	18870	203699	90234	0
2021-08-09	18785	18895	17960	18060	242157	91132	0
2021-08-10	18050	18305	17930	18270	135849	84890	0
2021-08-11	18170	18335	17945	18105	134875	89575	0
2021-08-12	18310	18685	18200	18395	178266	89356	0
2021-08-13	18185	18335	18015	18110	140816	85220	0
2021-08-16	18255	18305	17940	18010	134133	84208	0
2021-08-17	17945	18340	17945	18220	130790	79304	0
2021-08-18	18165	18255	17865	17955	132592	77795	0
2021-08-19	17930	17940	17390	17470	168195	77636	0
2021-08-20	17460	17575	16960	17495	157053	73328	0
2021-08-23	17500	17780	17370	17560	140280	70280	0
2021-08-24	17605	17685	17505	17585	92656	66540	0
2021-08-25	17770	17860	17630	17745	114934	72358	0
2021-08-26	17740	17835	17500	17560	119273	68102	0
2021-08-27	17575	17590	17320	17545	108783	68366	0
2021-08-30	17510	18100	17480	18060	128310	69396	0
2021-08-31	18075	18425	18010	18375	126556	72540	0
2021-09-01	18305	18310	17415	17490	157612	68670	0
2021-09-02	17540	17865	17415	17720	115894	63853	0
2021-09-03	17760	18660	17705	18605	206024	75063	0
2021-09-06	18860	19475	18815	19470	256754	77927	0
2021-09-07	19565	19685	19065	19295	233907	78583	0
2021-09-08	19265	19325	18920	19225	163190	74187	0
2021-09-09	19330	19755	19055	19355	193986	79044	0
2021-09-10	19295	19860	19190	19395	208862	73712	0
2021-09-13	19470	19545	18850	19045	172169	73558	0
2021-09-14	19005	19025	18630	18835	140901	70103	0
2021-09-15	19175	19640	18785	19615	209632	83774	0
2021-09-16	19885	20465	19885	20450	240045	92297	0
2021-09-17	20750	21695	20365	21585	470647	102843	0
2021-09-22	21490	21710	21010	21630	198557	91737	0
2021-09-23	21720	21925	20975	21360	324544	109489	0
2021-09-24	21400	21420	19975	20185	327925	96490	0
2021-09-27	20210	20445	19590	19855	267848	88077	0
2021-09-28	20045	20165	19780	19995	170414	79584	0
2021-09-29	20155	20710	19400	19610	234431	83580	0
2021-09-30	19635	19855	19215	19600	130361	65893	0
2021-10-08	20385	20775	19975	20375	61525	66455	0
2021-10-11	20595	20705	19655	19870	141413	78037	0
2021-10-12	19990	20015	19500	19760	128028	73668	0
2021-10-13	19605	20180	19255	19750	170656	81341	0
2021-10-14	19725	20030	19435	19775	136203	79478	0
2021-10-15	20015	20430	19920	20380	164421	85892	0
2021-10-18	20835	20840	19920	20270	151262	80028	0
2021-10-19	20450	20510	19820	19995	124332	77586	0
2021-10-20	20015	20230	19570	19635	141292	77749	0
2021-10-21	19695	20560	19660	19930	175120	86700	0
2021-10-22	19745	19920	19420	19780	180546	79616	0
2021-10-25	19810	20050	19350	19560	175138	80512	0
2021-10-26	19580	20180	19565	20075	189463	79900	0
2021-10-27	20100	20100	19385	19395	194245	73842	0
2021-10-28	19245	19360	18170	18930	353877	70791	0
2021-10-29	18815	19125	18540	18665	154428	79025	0
2021-11-01	18310	18790	18295	18500	148632	83809	0
2021-11-02	18505	18700	17820	18265	183929	92796	0
2021-11-03	18375	18460	17780	18145	162646	95139	0
2021-11-04	18000	18100	17560	17630	153815	100081	0
2021-11-05	17820	17835	17490	17535	131573	102998	0
2021-11-08	17570	17985	17495	17510	141236	106851	0
2021-11-09	17585	17660	17165	17330	135177	112629	0
2021-11-10	17300	17615	17100	17590	176141	112551	0
2021-11-11	17585	17685	17265	17350	162441	104471	0
2021-11-12	17330	17495	17085	17090	154633	108108	0
2021-11-15	17040	17370	17000	17045	149195	106135	0
2021-11-16	17265	17600	17215	17300	192861	110628	0
2021-11-17	17330	17435	17145	17335	123183	108942	0
2021-11-18	17290	17360	16840	16840	152604	117489	0
2021-11-19	16795	17275	16690	17135	202618	110015	0
2021-11-22	17040	17275	17020	17145	133962	107963	0
2021-11-23	17185	17430	17170	17395	141521	109855	0
2021-11-24	17520	17925	17520	17910	138225	112567	0
2021-11-25	17955	18060	17680	17725	121297	110255	0
2021-11-26	17750	17770	17095	17125	113939	109928	0
2021-11-29	16995	17085	16850	16915	96154	107693	0
2021-11-30	16800	16915	16570	16635	100144	117703	0
2021-12-01	16750	16820	16570	16730	83442	114706	0
2021-12-02	16760	16830	16435	16490	110221	121585	0
2021-12-03	16555	16560	16345	16490	97123	121593	0
2021-12-06	16465	16625	16165	16245	97383	125974	0
2021-12-07	16310	16510	16255	16280	92785	122320	0
2021-12-08	16290	16300	15960	15965	144685	138089	0
2021-12-09	15910	15980	15530	15725	146246	137659	0
2021-12-10	15710	15880	15655	15700	82503	135034	0
2021-12-13	15660	15975	15450	15970	127062	140639	0
2021-12-14	15905	15930	15705	15845	83754	132035	0
2021-12-15	16020	16130	15965	16045	99550	133013	0
2021-12-16	16000	16105	15855	16065	117742	129986	0
2021-12-17	16110	16120	15865	15935	108141	126886	0
2021-12-20	15970	16100	15860	15925	115692	125697	0
2021-12-21	15945	16120	15930	16030	86481	120801	0
2021-12-22	16100	16210	15965	16170	93256	120616	0
2021-12-23	16305	16520	16235	16510	99231	124529	0
2021-12-24	16555	16695	16465	16680	98856	121738	0
2021-12-27	16845	16900	16435	16535	136577	114785	0
2021-12-28	16555	16750	16495	16695	77524	112589	0
2021-12-29	16640	16700	16470	16690	80341	110742	0
2021-12-30	16770	16985	16710	16980	99361	117083	0
2021-12-31	16875	17025	16770	16915	86822	113441	0
2022-01-04	16925	17240	16790	17045	70755	113770	0
2022-01-05	17010	17200	16910	16930	77776	120197	0
2022-01-06	17005	17010	16675	16715	78137	114745	0
2022-01-07	16770	16790	16530	16740	79796	110070	0
2022-01-10	16595	17170	16525	17150	125668	121322	0
2022-01-11	17145	17615	17010	17480	144738	138463	0
2022-01-12	17520	17970	17520	17885	119330	139576	0
2022-01-13	17820	18270	17355	17445	176648	136923	0
2022-01-14	17475	17725	17295	17715	157577	130792	0
2022-01-17	17595	17700	17295	17300	150338	127118	0
2022-01-18	17405	17930	17405	17825	185370	129424	0
2022-01-19	17645	17660	17425	17640	184598	127195	0
2022-01-20	17780	18920	17755	18670	282436	137910	0
2022-01-21	18410	18685	18150	18405	251420	130321	0
2022-01-24	18430	18595	17590	17670	267762	123251	0
2022-01-25	17490	17635	16885	17025	309141	117609	0
2022-01-26	17145	17375	17080	17200	221803	112510	0
2022-01-27	17330	17440	17090	17140	131135	113858	0
2022-01-28	17345	17585	17115	17345	107642	105551	0
2022-02-07	17565	17990	17370	17800	67135	106191	0
2022-02-08	17720	18090	17690	18005	81966	107661	0
2022-02-09	18035	18240	17780	18095	107223	110887	0
2022-02-10	18205	18340	18035	18260	79320	110703	0
2022-02-11	18315	18335	18090	18190	116091	116518	0
2022-02-14	18325	18745	18055	18640	137959	116534	0
2022-02-15	18505	18760	18355	18645	138755	118776	0
2022-02-16	18855	19115	18750	19100	141372	111228	0
2022-02-17	19100	19140	18600	18600	125165	105865	0
2022-02-18	18695	18810	18495	18715	133454	104275	0
2022-02-21	18645	18925	18410	18700	189421	106925	0
2022-02-22	18520	18870	18485	18735	155231	106608	0
2022-02-23	18665	18685	18030	18180	180755	105558	0
2022-02-24	18315	18505	18130	18320	148537	103235	0
2022-02-25	18430	18480	17595	17775	184657	100979	0
2022-02-28	17710	17840	17430	17480	130914	98482	0
2022-03-01	17565	17770	17480	17500	111671	95957	0
2022-03-02	17540	17730	17455	17550	124583	100394	0
2022-03-03	17675	18435	17580	18425	179817	93213	0
2022-03-04	18680	18765	18440	18675	159431	93062	0
2022-03-07	18765	20555	18680	20485	260847	91374	0
2022-03-08	20990	22065	20615	22065	492143	85346	0
2022-03-09	22680	24550	20485	20960	801096	78219	0
2022-03-10	20410	20430	19895	19895	85330	76182	0
2022-03-11	19140	19745	18905	19205	233630	75213	0
2022-03-14	19155	19895	19155	19290	216193	76427	0
2022-03-15	19340	19955	19295	19745	163317	78681	0
2022-03-16	19610	20805	19565	20595	166310	87488	0
2022-03-17	20165	20315	19495	19650	176642	98028	0
2022-03-18	19625	19870	19555	19805	107549	100161	0
2022-03-21	19920	20110	19550	19600	115209	104887	0
2022-03-22	19590	19850	19525	19635	85774	99508	0
2022-03-23	19900	20370	19885	20205	133248	109777	0
2022-03-24	20930	22050	20775	21490	270821	121413	0
2022-03-25	22350	22770	20315	20990	464999	131482	0
2022-03-28	20655	20850	19790	20115	261440	117953	0
2022-03-29	20175	20310	19890	20150	143468	119724	0
2022-03-30	19875	20575	19875	20575	141184	115435	0
2022-03-31	20510	20645	19985	20115	142560	108508	0
2022-04-01	20270	20335	19965	20160	81586	99026	0
2022-04-06	20350	20645	20130	20645	62826	102463	0
2022-04-07	20705	20770	20240	20280	89278	101727	0
2022-04-08	20380	20385	19860	19920	90940	106592	0
2022-04-11	19735	19760	19085	19250	135387	117002	0
2022-04-12	19255	19545	19090	19465	93426	110324	0
2022-04-13	19385	19850	19335	19730	107836	115321	0
2022-04-14	19715	19765	19505	19695	78816	108841	0
2022-04-15	19790	19855	19600	19735	84646	110184	0
2022-04-18	19715	19800	19375	19440	100000	105591	0
2022-04-19	19540	20600	19500	20205	184043	118068	0
2022-04-20	20110	20225	19835	19850	124811	107970	0
2022-04-21	19895	20015	19760	19900	89668	108306	0
2022-04-22	19895	20260	19890	19990	109625	108145	0
2022-04-25	19905	19940	19000	19050	135678	111265	0
2022-04-26	19115	19360	18725	19165	132164	106286	0
2022-04-27	19120	19475	19105	19445	101589	97288	0
2022-04-28	19505	19570	19260	19365	81167	96611	0
2022-04-29	19230	19360	18965	19295	93077	94869	0
2022-05-05	19135	19465	19120	19410	50333	85029	0
2022-05-06	19375	19410	18730	18730	99980	101508	0
2022-05-09	18815	19350	18720	19235	120472	96755	0
2022-05-10	18680	18895	18460	18745	126393	97018	0
2022-05-11	18800	19065	18575	18950	94931	94544	0
2022-05-12	18870	19100	18690	18750	97644	93920	0
2022-05-13	18750	18895	18520	18725	104465	96142	0
2022-05-16	18685	19085	18540	19015	107113	91218	0
2022-05-17	18885	18955	18535	18635	103615	89684	0
2022-05-18	18605	18705	18265	18355	85454	97878	0
数据来源:通达信
