T008 钢铁综合 日线 前复权
      日期	    开盘	    最高	    最低	    收盘	    成交量	    持仓量	    结算价
2015-07-30	103.99	104.23	103.06	103.41	9075238	4652854	0.00
2015-07-31	103.41	105.03	102.84	104.37	8424168	4747410	0.00
2015-08-03	104.37	105.11	104.11	104.85	2954900	4833432	0.00
2015-08-05	104.65	106.06	104.65	105.97	8562254	4857494	0.00
2015-08-06	105.97	105.99	104.53	104.87	7236514	4989742	0.00
2015-08-07	104.87	105.04	103.12	104.11	7836776	5079648	0.00
2015-08-10	104.11	104.28	103.42	104.01	1394674	5072798	0.00
2015-08-11	103.32	105.39	103.24	103.64	8898800	5129172	0.00
2015-08-12	103.64	104.76	102.91	104.69	7116222	4998280	0.00
2015-08-13	104.69	106.68	104.69	106.49	9785190	5018828	0.00
2015-08-14	106.49	106.49	105.52	105.90	4824318	4982588	0.00
2015-08-17	105.90	106.68	105.73	105.84	2719740	5091664	0.00
2015-08-18	104.65	105.62	104.60	104.82	5013264	5041236	0.00
2015-08-19	104.82	104.99	102.36	103.56	7927842	4921348	0.00
2015-08-20	103.56	103.94	102.18	102.91	6185642	5017600	0.00
2015-08-21	102.91	103.64	102.68	103.09	4969586	5016996	0.00
2015-08-24	102.69	102.69	102.69	102.69	1849178	5092852	0.00
2015-08-25	98.50	99.73	97.38	98.15	10906782	4612110	0.00
2015-08-26	98.15	100.83	98.15	98.39	7207114	4662600	0.00
2015-08-27	98.39	100.75	98.09	100.43	6536658	4528032	0.00
2015-08-28	100.43	102.45	100.15	101.78	8629120	4813260	0.00
2015-08-31	101.78	102.56	100.58	101.93	4647488	4835506	0.00
2015-09-01	102.09	103.20	101.20	102.20	7824328	5016054	0.00
2015-09-02	102.20	102.83	101.51	102.35	4569566	4811378	0.00
2015-09-07	102.56	102.60	100.18	100.47	6212434	5034850	0.00
2015-09-08	100.47	101.81	99.75	101.79	6349674	5014026	0.00
2015-09-09	101.79	104.38	101.79	103.13	13306018	5113418	0.00
2015-09-10	103.13	105.68	102.58	104.92	10130472	5176808	0.00
2015-09-11	104.92	106.09	103.98	104.24	9610626	5141634	0.00
2015-09-14	104.24	104.40	103.29	103.94	2449452	5193078	0.00
2015-09-15	103.06	103.50	101.22	101.41	6398184	5389392	0.00
2015-09-16	101.41	102.98	101.27	102.60	7771534	5261334	0.00
2015-09-17	102.60	103.08	101.78	101.87	8132014	5352284	0.00
2015-09-18	101.87	102.41	100.89	101.01	5871778	5352998	0.00
2015-09-21	101.26	101.26	101.26	101.26	1396620	5342434	0.00
2015-09-22	100.91	101.34	99.05	99.62	6194236	5743108	0.00
2015-09-23	99.62	99.62	97.80	99.03	7617160	5594246	0.00
2015-09-24	99.03	99.36	98.27	98.57	3529528	5636238	0.00
2015-09-25	98.57	99.91	97.94	98.99	6455374	5495448	0.00
2015-09-28	98.99	105.32	95.97	96.21	4830644	5760646	0.00
2015-09-29	96.21	96.50	94.56	95.35	6160404	5365784	0.00
2015-09-30	95.35	95.76	94.61	94.90	3769850	5368108	0.00
2015-10-08	95.96	97.38	95.22	96.04	4357372	5452058	0.00
2015-10-09	96.04	99.55	95.83	99.07	6777916	5535256	0.00
2015-10-12	99.07	99.17	97.29	97.37	2293780	5511686	0.00
2015-10-13	97.35	97.38	95.79	96.71	5893554	5772158	0.00
2015-10-14	96.71	97.36	96.19	96.42	5232012	5927474	0.00
2015-10-15	96.42	101.94	96.04	96.52	4574482	5910398	0.00
2015-10-16	96.52	96.52	95.35	95.49	5746036	5881032	0.00
2015-10-19	95.49	96.00	95.49	95.96	1178180	5881168	0.00
2015-10-20	95.18	96.00	94.75	95.03	5020212	6223336	0.00
2015-10-21	95.03	95.50	93.97	94.24	7769478	6432802	0.00
2015-10-22	94.24	95.11	93.90	94.40	5442556	6326270	0.00
2015-10-23	94.40	94.76	93.47	94.65	5362878	6226058	0.00
2015-10-26	94.65	94.68	94.11	94.46	2333230	6111894	0.00
2015-10-27	93.83	94.27	93.07	93.91	6277634	6332550	0.00
2015-10-28	93.91	94.08	92.48	92.72	5300502	6230700	0.00
2015-10-29	92.72	93.09	92.39	92.86	4465730	6314694	0.00
2015-10-30	92.86	93.77	92.81	93.19	4983230	6360120	0.00
2015-11-02	93.19	93.52	92.91	93.22	1206172	6288958	0.00
2015-11-03	92.88	92.88	90.89	91.35	6546292	6268190	0.00
2015-11-04	91.35	92.05	91.09	91.82	4482256	6366874	0.00
2015-11-05	91.82	92.61	91.16	91.19	4881806	6145090	0.00
2015-11-06	91.19	92.29	90.79	91.74	6011412	5932228	0.00
2015-11-09	91.74	91.83	91.06	91.24	1167046	5899634	0.00
2015-11-10	92.00	92.33	91.24	91.65	3875284	5911100	0.00
2015-11-11	91.65	91.69	90.64	90.69	3703610	5967970	0.00
2015-11-12	90.69	90.99	90.12	90.42	4701250	6149106	0.00
2015-11-13	90.42	91.15	90.18	90.63	4448358	6079032	0.00
2015-11-16	90.97	90.97	90.97	90.97	1295236	6075116	0.00
2015-11-17	89.93	90.12	88.90	89.09	4888970	5733046	0.00
2015-11-18	89.09	89.09	87.85	88.30	4750426	5893920	0.00
2015-11-19	88.30	88.30	85.50	86.26	8341206	5976418	0.00
2015-11-20	86.26	86.92	85.84	85.94	5804982	6032292	0.00
2015-11-23	85.94	86.19	85.65	85.71	2385902	6067518	0.00
2015-11-24	84.38	85.14	83.72	84.62	7485458	5957056	0.00
2015-11-25	85.10	85.10	85.10	85.10	9896584	6085368	0.00
2015-11-26	85.10	87.78	84.39	85.03	13783874	5973702	0.00
2015-11-27	85.03	85.31	84.03	84.16	6648434	6023520	0.00
2015-11-30	84.16	84.26	83.73	84.14	2041976	6020718	0.00
2015-12-01	82.12	82.35	81.35	81.76	7176910	6161264	0.00
2015-12-02	81.76	82.86	81.08	82.13	12598364	6231890	0.00
2015-12-03	82.13	82.69	80.93	81.12	7467004	6197672	0.00
2015-12-04	81.12	81.76	80.13	81.04	9679580	6155192	0.00
2015-12-07	81.04	81.42	80.68	81.16	2199940	6178266	0.00
2015-12-08	82.02	82.02	80.46	80.73	6428444	5849272	0.00
2015-12-09	80.73	81.42	80.38	80.78	5230240	6038982	0.00
2015-12-10	80.78	81.25	79.76	80.14	5379800	6063268	0.00
2015-12-11	80.14	81.04	79.87	80.87	5151198	6071046	0.00
2015-12-14	80.75	80.75	80.75	80.75	1245700	6054464	0.00
2015-12-15	81.49	83.02	81.15	81.18	9556972	6172902	0.00
2015-12-16	81.18	82.13	81.01	82.10	4233448	6096306	0.00
2015-12-17	82.10	83.09	82.06	82.30	9279222	6143478	0.00
2015-12-18	82.30	84.35	82.30	84.12	7778974	6271906	0.00
2015-12-21	84.12	85.90	84.12	85.90	4819850	6371006	0.00
2015-12-22	86.33	86.98	84.94	85.89	12307662	6580562	0.00
2015-12-23	85.89	85.89	84.46	84.85	8481264	6532534	0.00
2015-12-24	84.85	86.13	84.82	85.26	9093664	6396164	0.00
2015-12-25	85.26	85.71	85.12	85.60	4060324	6301088	0.00
2015-12-28	85.60	85.86	85.38	85.66	1103960	6303920	0.00
2015-12-29	86.16	88.18	86.16	87.96	11989378	6070510	0.00
2015-12-30	87.96	89.55	87.91	88.56	12064598	5878648	0.00
2015-12-31	88.56	90.25	88.32	88.77	10204300	5669338	0.00
2016-01-04	90.24	90.76	88.08	88.46	10188534	5575696	0.00
2016-01-05	88.46	89.26	87.83	89.15	9412870	5666594	0.00
2016-01-06	89.15	89.31	87.50	87.99	7900072	5571740	0.00
2016-01-07	87.99	88.86	87.66	88.08	7366990	5588506	0.00
2016-01-08	88.08	88.08	86.39	86.62	9858046	5329198	0.00
2016-01-11	86.62	86.89	86.00	86.15	1861486	5348578	0.00
2016-01-12	85.60	86.03	84.27	84.46	7631152	5317670	0.00
2016-01-13	84.46	85.50	84.08	84.53	5870054	5257674	0.00
2016-01-14	84.53	85.56	83.99	85.53	6813170	5344818	0.00
2016-01-15	85.53	86.92	85.32	86.21	9998110	5653632	0.00
2016-01-18	86.21	86.77	85.62	86.75	4233490	5673070	0.00
2016-01-19	89.09	90.02	88.61	89.83	9701954	5920866	0.00
2016-01-20	89.83	89.85	88.03	88.10	8831486	5632098	0.00
2016-01-21	88.10	88.57	87.46	87.86	8265024	5695858	0.00
2016-01-22	87.86	90.31	87.62	88.43	12150706	6137206	0.00
2016-01-25	89.12	89.12	89.12	89.12	3010774	6251922	0.00
2016-01-26	88.55	89.49	87.96	89.30	7187414	6278764	0.00
2016-01-27	89.30	90.93	89.18	90.62	10970286	6482084	0.00
2016-01-28	90.62	90.83	88.58	88.72	11182308	6097922	0.00
2016-01-29	88.72	89.53	88.43	88.98	8767474	5977956	0.00
2016-02-01	88.98	90.84	88.98	90.58	5055800	6006740	0.00
2016-02-02	89.59	90.15	89.03	89.56	7279244	5257200	0.00
2016-02-03	89.56	90.64	89.29	90.29	5753846	5092098	0.00
2016-02-04	90.29	92.60	90.29	92.51	7660652	4959472	0.00
2016-02-05	92.51	92.68	90.83	91.54	4947444	4599972	0.00
2016-02-15	91.93	93.29	90.65	92.75	4726836	4952690	0.00
2016-02-16	92.75	93.17	92.20	92.50	4878310	5253466	0.00
2016-02-17	92.50	93.33	92.12	92.34	6189348	5299082	0.00
2016-02-18	92.34	93.25	92.03	93.16	5933452	5598288	0.00
2016-02-19	93.16	95.00	92.94	94.79	8742944	5780944	0.00
2016-02-22	95.90	95.90	95.90	95.90	2694066	5770898	0.00
2016-02-23	97.99	99.80	96.92	97.50	11703404	5680392	0.00
2016-02-24	97.50	98.51	97.02	98.03	9480582	5818826	0.00
2016-02-25	98.03	99.28	97.19	97.61	10185756	5900452	0.00
2016-02-26	97.61	97.97	95.74	96.74	9779878	5802978	0.00
2016-02-29	96.74	97.44	96.29	96.58	3986712	5871158	0.00
2016-03-01	98.57	101.16	98.28	100.16	15062890	5912544	0.00
2016-03-02	100.16	102.05	100.15	101.56	13282540	5741524	0.00
2016-03-03	101.56	102.60	100.42	100.75	11064452	5737718	0.00
2016-03-04	100.75	103.10	100.06	103.05	14949322	5574206	0.00
2016-03-07	103.05	106.54	102.94	106.54	8469108	5570260	0.00
2016-03-08	106.54	111.73	106.54	111.66	14399098	5228252	0.00
2016-03-09	111.66	111.66	105.41	108.06	25360934	4343826	0.00
2016-03-10	108.06	113.54	108.06	110.51	30066078	4996560	0.00
2016-03-11	110.51	110.88	106.93	107.64	17221370	4956874	0.00
2016-03-14	107.64	107.64	105.78	107.23	5803980	5168480	0.00
2016-03-15	105.72	106.51	103.48	103.70	16069016	5096788	0.00
2016-03-16	103.70	105.91	103.70	105.82	12928346	5460660	0.00
2016-03-17	105.82	109.80	105.38	109.61	19404266	5653560	0.00
2016-03-18	109.61	113.19	109.35	112.09	24048498	5885530	0.00
2016-03-21	112.09	113.64	110.94	113.59	10886230	6052648	0.00
2016-03-22	113.55	114.88	112.21	112.92	19907102	6263804	0.00
2016-03-23	112.92	115.58	111.49	112.73	26716808	6241312	0.00
2016-03-24	112.73	112.91	107.82	108.16	29824330	5905584	0.00
2016-03-25	108.16	110.14	107.45	110.03	22798322	6045072	0.00
2016-03-28	110.03	111.41	109.73	111.08	11586998	6342846	0.00
2016-03-29	106.71	108.13	105.49	107.27	21246086	5951718	0.00
2016-03-30	107.27	107.55	105.04	106.06	24450350	5890340	0.00
2016-03-31	106.06	107.47	104.78	106.39	17550296	5495902	0.00
2016-04-01	106.39	108.91	106.39	108.46	17281000	5358536	0.00
2016-04-05	112.49	112.79	105.70	107.95	12396236	5636528	0.00
2016-04-06	107.95	108.55	105.43	106.69	14237540	6008114	0.00
2016-04-07	106.69	108.28	106.35	107.16	12143554	6086902	0.00
2016-04-08	107.16	107.54	106.33	107.17	11102568	6078962	0.00
2016-04-11	109.90	109.90	109.90	109.90	8271796	6555576	0.00
2016-04-12	110.91	115.03	110.91	115.00	19930208	6902072	0.00
2016-04-13	115.00	119.12	115.00	116.38	27133926	6578570	0.00
2016-04-14	116.38	118.54	114.84	115.36	18810700	6376518	0.00
2016-04-15	115.36	115.99	112.96	113.36	18500216	5996752	0.00
2016-04-18	113.36	114.23	112.76	114.20	6461744	6057944	0.00
2016-04-19	117.87	121.72	117.87	121.65	22198232	5802662	0.00
2016-04-20	121.65	126.92	121.65	126.92	24037478	5329476	0.00
2016-04-21	126.92	134.24	126.61	133.38	30931568	4638834	0.00
2016-04-22	133.38	135.28	127.83	129.97	30151274	4364162	0.00
2016-04-25	129.97	137.77	129.31	130.87	15865966	4407956	0.00
2016-04-26	130.15	130.15	124.24	125.12	17878300	4611850	0.00
2016-04-27	125.12	125.98	120.03	121.54	17253262	4529294	0.00
2016-04-28	121.54	124.27	119.02	123.91	15496650	4429548	0.00
2016-04-29	123.91	127.32	123.91	127.15	13333588	4123960	0.00
2016-05-03	138.61	138.61	119.30	121.11	7988352	4090724	0.00
2016-05-04	121.11	121.19	117.02	118.38	10412868	4416308	0.00
2016-05-05	118.38	119.39	113.18	113.59	11458652	4678868	0.00
2016-05-06	113.59	115.30	112.12	114.98	12611050	4784634	0.00
2016-05-09	114.98	116.08	113.24	115.87	5158728	4763684	0.00
2016-05-10	106.90	106.90	103.54	105.88	13003370	4742706	0.00
2016-05-11	105.88	107.52	104.20	105.84	12304888	4803788	0.00
2016-05-12	105.84	106.59	102.37	102.44	10561438	5198088	0.00
2016-05-13	102.44	102.74	98.87	99.87	13083126	5460250	0.00
2016-05-16	99.87	102.12	99.48	101.98	3567978	5367674	0.00
2016-05-17	100.90	105.21	100.47	104.79	10626472	5168946	0.00
2016-05-18	104.79	106.02	100.62	101.48	13608124	4977332	0.00
2016-05-19	101.48	102.66	99.67	100.51	10942950	5111068	0.00
2016-05-20	100.51	102.74	99.39	102.09	9770612	5261944	0.00
2016-05-23	99.38	99.38	99.38	99.38	1500352	5291950	0.00
2016-05-24	96.24	96.54	94.56	96.02	8712882	5329168	0.00
2016-05-25	96.02	96.99	93.62	93.97	8962832	5502372	0.00
2016-05-26	93.97	95.65	93.71	95.23	10029934	5576388	0.00
2016-05-27	95.23	98.66	93.31	97.85	15175898	5569558	0.00
2016-05-30	97.85	98.62	96.93	97.76	4123958	5484364	0.00
2016-05-31	96.45	98.10	95.59	95.76	9509270	5641068	0.00
2016-06-01	95.76	96.11	94.53	95.77	7275442	5694258	0.00
2016-06-02	95.77	96.64	94.68	95.14	6455542	5762468	0.00
2016-06-03	95.14	97.44	95.14	96.47	6607348	5641038	0.00
2016-06-06	96.47	97.63	96.35	96.60	1879382	5571094	0.00
2016-06-07	100.68	102.59	100.23	101.35	8245666	5316178	0.00
2016-06-08	101.35	102.91	99.56	101.40	9312098	5011136	0.00
2016-06-13	101.05	105.34	100.89	103.96	8194464	5119892	0.00
2016-06-14	103.96	104.63	99.37	99.40	10679542	4968144	0.00
2016-06-15	99.40	100.87	99.05	99.80	6842174	5024124	0.00
2016-06-16	99.80	102.57	99.80	100.74	7581954	5018446	0.00
2016-06-17	100.74	101.79	99.10	101.69	7623306	4885754	0.00
2016-06-20	101.69	102.75	101.25	102.42	2349960	4820008	0.00
2016-06-21	100.98	103.47	100.64	102.03	7132044	5038582	0.00
2016-06-22	102.03	105.34	101.74	105.15	9142356	5222250	0.00
2016-06-23	105.15	106.14	104.72	105.24	7106286	5278730	0.00
2016-06-24	105.24	106.67	103.47	104.50	7885164	5211736	0.00
2016-06-27	104.50	106.24	104.50	106.07	1912422	5177708	0.00
2016-06-28	111.58	113.46	110.18	112.52	8334760	5175782	0.00
2016-06-29	112.52	113.59	110.82	112.03	7946040	5102032	0.00
2016-06-30	112.03	115.98	111.84	115.62	10388234	5021622	0.00
2016-07-01	115.62	116.79	112.87	114.83	9513074	4686778	0.00
2016-07-04	114.83	120.04	114.83	119.43	4837970	4613618	0.00
2016-07-05	118.88	120.73	114.14	118.76	10850138	4202508	0.00
2016-07-06	118.76	119.63	114.14	116.19	11484288	4243570	0.00
2016-07-07	116.19	119.38	114.53	116.18	11566866	4480068	0.00
2016-07-08	116.18	118.05	114.32	118.00	11613370	4840862	0.00
2016-07-11	116.95	116.95	116.95	116.95	3820576	4568710	0.00
2016-07-12	117.47	123.73	117.12	123.61	11165042	5187350	0.00
2016-07-13	123.61	126.04	122.43	123.14	9914540	5127568	0.00
2016-07-14	123.14	124.40	121.53	124.26	7888764	5164686	0.00
2016-07-15	124.26	124.93	122.03	123.89	8155982	5133452	0.00
2016-07-18	123.89	124.11	121.12	121.28	3487488	5110934	0.00
2016-07-19	115.65	115.97	111.73	113.07	10055160	4773620	0.00
2016-07-20	113.07	114.47	112.15	113.30	7318880	4743652	0.00
2016-07-21	113.30	119.51	111.89	118.52	10281602	4770046	0.00
2016-07-22	118.52	118.83	113.28	113.83	9637140	4688764	0.00
2016-07-25	113.83	114.98	112.49	113.69	3271424	4609954	0.00
2016-07-26	116.22	117.49	114.50	117.43	7801028	4728792	0.00
2016-07-27	117.43	121.64	117.43	121.37	11526332	4638410	0.00
2016-07-28	121.37	124.32	120.87	123.87	10946228	4796202	0.00
2016-07-29	123.87	124.12	119.98	120.50	8545244	4800110	0.00
2016-08-01	120.50	122.59	118.91	122.38	3406698	4673052	0.00
2016-08-02	125.72	126.65	124.37	126.05	7162568	4844912	0.00
2016-08-03	126.05	126.27	124.06	125.21	6479742	4894150	0.00
2016-08-04	125.21	125.32	120.35	122.45	9262428	4912690	0.00
2016-08-05	122.45	127.59	122.26	127.12	9156586	4973792	0.00
2016-08-08	127.12	127.36	126.00	126.81	1946536	4853828	0.00
2016-08-09	129.91	131.21	127.09	129.04	8167122	5065436	0.00
2016-08-10	129.04	130.17	126.25	127.44	8757406	5018474	0.00
2016-08-11	127.44	127.57	123.80	125.50	8503096	5100154	0.00
2016-08-12	125.50	125.59	123.97	124.62	6903728	5097330	0.00
2016-08-15	124.62	124.62	120.76	120.90	3107676	4880832	0.00
2016-08-16	122.39	127.26	121.84	126.21	10122710	5296256	0.00
2016-08-17	126.21	127.61	123.02	123.07	9082942	5231826	0.00
2016-08-18	123.07	125.52	122.23	124.35	8966230	5226070	0.00
2016-08-19	124.35	125.80	122.26	125.30	8999812	5250836	0.00
2016-08-22	125.30	126.44	124.85	125.73	2943902	5201048	0.00
2016-08-23	124.58	127.65	123.93	127.26	7903976	5477390	0.00
2016-08-24	127.26	128.39	126.24	127.14	5894542	5425624	0.00
2016-08-25	127.14	128.00	121.31	124.71	11234180	5363510	0.00
2016-08-26	124.71	124.90	121.65	121.70	8016006	5254632	0.00
2016-08-29	121.70	121.70	118.26	118.96	4549998	5429298	0.00
2016-08-30	119.64	120.49	117.34	117.85	8433062	5608482	0.00
2016-08-31	117.85	118.67	116.09	116.15	7813248	5541324	0.00
2016-09-01	116.15	117.48	114.83	117.00	7380552	5441534	0.00
2016-09-02	117.00	120.31	116.45	117.35	9619414	5318522	0.00
2016-09-05	118.54	118.54	118.54	118.54	3264800	5231362	0.00
2016-09-06	117.88	119.95	117.29	118.45	7200916	5533052	0.00
2016-09-07	118.45	118.56	113.74	113.90	10286364	5826598	0.00
2016-09-08	113.90	114.98	112.91	114.05	6896352	5842638	0.00
2016-09-09	114.05	114.29	112.25	114.10	7513486	5805590	0.00
2016-09-12	114.10	115.11	113.85	114.83	2429560	5562084	0.00
2016-09-13	111.01	111.94	109.07	109.86	6908156	5941230	0.00
2016-09-14	109.86	110.50	109.25	109.67	5652080	5858012	0.00
2016-09-19	111.68	111.68	107.02	109.47	4455036	6059728	0.00
2016-09-20	109.47	111.76	109.47	110.62	6949428	6076534	0.00
2016-09-21	110.62	111.31	109.85	110.61	5870344	6125534	0.00
2016-09-22	110.61	115.29	110.44	112.41	10204312	5862242	0.00
2016-09-23	112.41	114.03	112.41	113.87	6450094	5703438	0.00
2016-09-26	113.87	115.13	113.78	114.71	2365250	5530144	0.00
2016-09-27	113.67	113.81	110.74	111.84	7385884	5671388	0.00
2016-09-28	111.84	113.16	111.07	113.13	5700394	5641510	0.00
2016-09-29	113.13	116.03	112.63	112.86	7716066	5299976	0.00
2016-09-30	112.86	113.35	110.70	111.05	5034284	4971054	0.00
2016-10-10	112.19	112.77	109.13	112.58	4999622	5207116	0.00
2016-10-11	112.58	115.58	112.58	115.58	7459794	5526026	0.00
2016-10-12	115.58	116.82	114.38	116.72	6967892	5644928	0.00
2016-10-13	116.72	117.08	115.56	116.53	6121816	5530000	0.00
2016-10-14	116.53	120.55	115.87	119.05	7288422	5554144	0.00
2016-10-17	119.05	120.56	118.70	120.50	2065522	5449108	0.00
2016-10-18	120.40	120.41	118.29	120.02	5712984	5494280	0.00
2016-10-19	120.02	123.69	118.90	119.57	9898362	5528470	0.00
2016-10-20	119.57	122.41	119.57	121.68	7135702	5463230	0.00
2016-10-21	121.68	122.61	119.33	121.60	6475710	5413932	0.00
2016-10-24	120.60	120.60	120.60	120.60	2089922	5273854	0.00
2016-10-25	122.98	127.91	122.98	127.49	8513234	5478764	0.00
2016-10-26	127.49	130.15	125.14	126.76	8858472	5102836	0.00
2016-10-27	126.76	128.74	124.68	127.01	8233898	5087266	0.00
2016-10-28	127.01	131.17	126.55	130.93	7232122	5134510	0.00
2016-10-31	130.93	132.08	129.23	130.75	3285832	4909788	0.00
2016-11-01	132.60	134.04	130.39	132.83	8008836	5022840	0.00
2016-11-02	132.83	134.68	130.51	131.08	7942140	4921946	0.00
2016-11-03	131.08	134.09	130.49	134.04	6688082	5164870	0.00
2016-11-04	134.04	136.75	133.76	134.49	9468000	5132964	0.00
2016-11-07	134.49	136.47	133.26	136.05	3106598	5096664	0.00
2016-11-08	141.33	143.06	137.24	139.67	10795546	4728850	0.00
2016-11-09	139.67	148.80	138.95	148.58	10062504	4553470	0.00
2016-11-10	148.58	156.08	148.58	153.05	12134110	4136972	0.00
2016-11-11	153.05	160.57	152.72	160.03	7836464	4240284	0.00
2016-11-14	156.51	156.51	156.51	156.51	6134914	3630482	0.00
2016-11-15	156.86	158.82	149.91	149.91	5647978	3690110	0.00
2016-11-16	149.91	149.91	142.49	147.07	7358402	3573844	0.00
2016-11-17	147.07	147.94	141.62	146.93	6567122	3788774	0.00
2016-11-18	146.93	148.37	140.91	142.09	6399550	3856114	0.00
2016-11-21	142.09	142.90	137.72	137.79	2592004	3758864	0.00
2016-11-22	140.75	148.66	140.75	148.66	6848676	3817206	0.00
2016-11-23	148.66	155.14	148.66	154.94	8122614	3875724	0.00
2016-11-24	154.94	162.54	151.30	156.28	8461530	3611518	0.00
2016-11-25	156.28	166.09	155.77	165.95	7977808	4002672	0.00
2016-11-28	165.95	166.62	162.20	165.22	3005240	3690852	0.00
2016-11-29	167.90	168.08	156.42	156.55	8276442	3546594	0.00
2016-11-30	156.55	157.14	151.54	151.54	4663172	3017676	0.00
2016-12-01	151.54	163.36	150.43	161.80	8771252	3349580	0.00
2016-12-02	161.80	163.55	151.55	157.46	9291014	3306610	0.00
2016-12-05	157.27	164.87	155.04	163.32	7693380	3404410	0.00
2016-12-06	163.32	166.44	161.66	163.50	5976696	3449680	0.00
2016-12-07	163.50	174.53	163.28	173.05	7304930	3797750	0.00
2016-12-08	173.05	174.92	167.26	172.05	6528558	3706004	0.00
2016-12-09	172.05	172.51	162.78	168.41	8486924	3792722	0.00
2016-12-12	168.75	177.46	168.75	173.29	6516052	3757410	0.00
2016-12-13	173.29	176.12	171.42	176.12	5297826	3956608	0.00
2016-12-14	176.12	176.12	165.55	167.24	7463764	4049456	0.00
2016-12-15	167.24	170.71	163.80	168.57	6551906	3955948	0.00
2016-12-16	168.57	169.05	163.29	163.36	5321462	3942724	0.00
2016-12-19	161.14	161.82	155.92	155.99	5765718	3931940	0.00
2016-12-20	155.99	158.40	154.50	156.74	5357424	3746164	0.00
2016-12-21	156.74	158.65	153.04	157.56	5401818	3854270	0.00
2016-12-22	157.56	157.60	149.75	149.91	5241008	3969956	0.00
2016-12-23	149.91	152.20	148.48	149.59	5514930	3952748	0.00
2016-12-26	149.25	149.97	143.79	148.59	7139176	4049082	0.00
2016-12-27	148.59	151.74	145.33	151.38	5783454	3840592	0.00
2016-12-28	151.38	154.90	149.51	151.49	6189990	3868570	0.00
2016-12-29	151.49	152.49	148.42	151.15	5775170	3913202	0.00
2016-12-30	151.15	151.76	146.02	146.09	4668010	3771428	0.00
2017-01-03	161.93	161.93	143.13	143.75	3774736	3908920	0.00
2017-01-04	143.75	148.04	142.90	146.76	5616742	3980780	0.00
2017-01-05	146.76	150.71	145.98	148.10	5046498	3913032	0.00
2017-01-06	148.10	150.03	145.42	145.76	5155372	4019102	0.00
2017-01-09	145.88	153.64	145.32	153.59	5138190	3989968	0.00
2017-01-10	153.59	159.69	152.29	159.69	5666836	4120996	0.00
2017-01-11	159.69	161.74	158.88	161.01	4570204	3971426	0.00
2017-01-12	161.01	164.99	159.19	162.50	5187844	4266092	0.00
2017-01-13	162.50	164.94	160.50	162.25	4447868	4148066	0.00
2017-01-16	167.69	174.62	167.41	173.02	6140054	4281818	0.00
2017-01-17	173.02	175.05	165.83	168.67	5702956	4064994	0.00
2017-01-18	168.67	174.14	166.66	168.84	5609346	4117612	0.00
2017-01-19	168.84	169.79	165.38	167.89	5044288	4094262	0.00
2017-01-20	167.89	169.24	162.54	162.95	5128378	4095862	0.00
2017-01-23	161.99	163.80	160.95	161.81	3753578	3840070	0.00
2017-01-24	161.81	172.23	161.81	170.25	4984648	4083414	0.00
2017-01-25	170.25	170.83	166.80	169.36	3067924	3741358	0.00
2017-01-26	169.36	174.02	168.68	173.52	3048684	3688076	0.00
2017-02-03	172.42	173.45	159.54	160.48	3949952	3694506	0.00
2017-02-06	159.31	160.28	157.60	158.47	4013768	4001144	0.00
2017-02-07	158.47	164.20	157.61	163.41	4528848	4099068	0.00
2017-02-08	163.41	168.30	162.48	167.51	5025744	4293668	0.00
2017-02-09	167.51	169.15	165.85	166.55	4016180	4325890	0.00
2017-02-10	166.55	178.40	165.45	175.86	7595582	4826478	0.00
2017-02-13	177.72	182.39	177.72	182.19	5664610	4791220	0.00
2017-02-14	182.19	182.90	178.71	182.13	4273400	4776984	0.00
2017-02-15	182.13	182.77	177.30	178.94	6200854	4964980	0.00
2017-02-16	178.94	184.81	176.58	176.96	8369422	4956088	0.00
2017-02-17	176.96	182.04	176.96	181.19	6084764	4933802	0.00
2017-02-20	181.35	184.58	179.99	184.43	6604220	5461048	0.00
2017-02-21	184.43	189.82	184.25	187.55	5609238	5303628	0.00
2017-02-22	187.55	188.01	183.09	185.04	5460538	5187456	0.00
2017-02-23	185.04	186.55	180.04	181.99	6405216	5110624	0.00
2017-02-24	181.99	183.14	174.61	180.81	7195074	5111042	0.00
2017-02-27	183.50	188.88	183.44	185.56	7451772	5313456	0.00
2017-02-28	185.56	186.04	178.53	178.60	7021772	5241784	0.00
2017-03-01	178.60	182.78	178.17	181.05	6616934	5235628	0.00
2017-03-02	181.05	183.72	179.87	181.11	5561774	5268648	0.00
2017-03-03	181.11	181.11	174.21	180.10	7907356	5595428	0.00
2017-03-06	179.79	179.79	172.95	173.97	7988750	5636296	0.00
2017-03-07	173.97	175.98	172.48	174.47	5651468	5535712	0.00
2017-03-08	174.47	175.92	171.82	172.39	7352230	5815550	0.00
2017-03-09	168.87	171.14	168.63	170.64	6952374	5653326	0.00
2017-03-10	170.64	172.08	169.35	170.49	5371120	5583208	0.00
2017-03-13	167.31	178.40	167.31	178.27	9387482	5820398	0.00
2017-03-14	178.27	179.03	175.93	177.66	5826674	5507308	0.00
2017-03-15	177.66	186.35	176.88	184.74	8908716	5558458	0.00
2017-03-16	184.74	186.59	180.66	184.49	6257660	5473922	0.00
2017-03-17	184.49	184.49	178.64	180.66	5830142	5294682	0.00
2017-03-20	180.72	183.23	178.31	179.42	6296086	5219164	0.00
2017-03-21	179.42	179.64	171.11	171.73	6983216	5087210	0.00
2017-03-22	171.73	172.01	163.72	164.08	7224912	5267132	0.00
2017-03-23	164.08	166.76	163.86	163.98	5520204	5174582	0.00
2017-03-24	163.98	166.32	161.59	163.19	7449544	5348222	0.00
2017-03-27	160.76	160.76	153.89	156.13	7471708	5316948	0.00
2017-03-28	156.13	158.26	153.69	154.10	6578264	5337748	0.00
2017-03-29	154.10	160.45	154.10	160.01	7992398	5340908	0.00
2017-03-30	160.01	161.53	156.72	157.56	6373280	5318220	0.00
2017-03-31	157.56	169.66	154.37	156.60	8076908	5314496	0.00
2017-04-05	157.74	162.78	157.30	158.87	6580510	5254350	0.00
2017-04-06	158.87	160.93	156.73	157.27	7378904	5457004	0.00
2017-04-07	157.27	157.27	146.92	148.96	9236990	5662914	0.00
2017-04-10	149.35	149.54	146.77	147.08	6262600	5685416	0.00
2017-04-11	147.08	148.89	145.21	147.01	6649782	5699410	0.00
2017-04-12	147.01	147.01	141.58	141.95	7323126	5765990	0.00
2017-04-13	141.95	144.70	140.15	142.48	6727652	5644168	0.00
2017-04-14	142.48	146.02	141.84	143.30	8055528	5556652	0.00
2017-04-17	144.67	144.67	139.56	140.36	7869824	5613020	0.00
2017-04-18	140.36	141.07	133.84	134.55	7305194	5708940	0.00
2017-04-19	134.55	137.05	134.12	136.61	5800854	5529994	0.00
2017-04-20	136.61	138.84	132.25	138.75	9218876	5493508	0.00
2017-04-21	138.75	144.16	137.88	141.88	10550620	5287162	0.00
2017-04-24	142.39	142.39	137.62	141.53	8600154	5365268	0.00
2017-04-25	141.53	142.07	139.03	141.43	8096810	5562456	0.00
2017-04-26	141.43	145.58	140.48	141.66	8916042	5739768	0.00
2017-04-27	141.66	144.26	141.21	144.15	7466010	5725636	0.00
2017-04-28	144.15	148.62	144.01	148.62	9767286	5936438	0.00
2017-05-02	150.88	151.58	149.15	150.74	5266880	5913566	0.00
2017-05-03	150.74	151.32	148.25	149.30	7036816	6262878	0.00
2017-05-04	149.30	149.30	138.36	138.98	13172284	5843932	0.00
2017-05-05	138.98	138.98	134.29	135.78	10311906	5979436	0.00
2017-05-08	140.48	140.52	135.34	138.11	13823200	6387360	0.00
2017-05-09	138.11	139.00	136.51	138.26	8831776	6457776	0.00
2017-05-10	138.26	141.41	137.85	140.87	10727440	6553338	0.00
2017-05-11	140.87	142.68	134.17	139.18	14765092	6570946	0.00
2017-05-12	139.18	139.18	134.04	134.28	12860964	6840918	0.00
2017-05-15	134.80	138.02	134.80	136.37	9896362	6577454	0.00
2017-05-16	136.37	137.11	135.02	137.04	8030992	6568412	0.00
2017-05-17	137.04	142.60	136.67	142.04	11999318	6943412	0.00
2017-05-18	142.04	143.15	139.81	141.62	10704426	7078662	0.00
2017-05-19	144.52	147.09	144.47	146.88	13888362	7307098	0.00
2017-05-22	149.63	151.96	148.90	150.02	13156684	7290912	0.00
2017-05-23	146.82	146.82	146.82	146.82	9460294	7216936	0.00
2017-05-24	146.82	147.22	140.64	142.41	13546982	7260272	0.00
2017-05-25	142.41	145.08	140.41	140.65	13099532	7124214	0.00
2017-05-26	140.65	142.21	139.41	141.91	10233484	6797584	0.00
2017-05-31	142.11	142.80	134.17	134.37	9391102	7007432	0.00
2017-06-01	134.37	135.54	132.42	133.73	10131574	7191318	0.00
2017-06-02	133.73	134.91	132.11	133.28	12337600	7438588	0.00
2017-06-05	134.48	134.48	131.28	131.70	11936060	7557790	0.00
2017-06-06	131.70	132.68	129.82	131.97	10202400	7449624	0.00
2017-06-07	131.97	133.56	130.87	132.07	8723350	7494138	0.00
2017-06-08	132.07	134.13	130.07	131.04	12455200	7591028	0.00
2017-06-09	131.04	132.65	130.53	132.42	8850760	7471944	0.00
2017-06-12	134.27	135.08	132.76	134.15	9320190	7524562	0.00
2017-06-13	134.15	134.73	129.79	129.86	8567492	7752550	0.00
2017-06-14	129.86	135.13	129.10	135.11	11683648	7603598	0.00
2017-06-15	135.11	135.65	131.87	134.64	12127816	7638984	0.00
2017-06-16	134.64	137.37	134.03	134.66	11471830	7360330	0.00
2017-06-19	135.74	138.48	135.26	136.68	10215470	7313356	0.00
2017-06-20	136.68	137.40	134.91	135.61	8989098	7213938	0.00
2017-06-21	135.61	135.61	132.54	135.11	9622834	7259924	0.00
2017-06-22	135.11	136.88	133.18	133.23	10962294	7131118	0.00
2017-06-23	133.23	136.24	133.23	136.05	8927804	7135428	0.00
2017-06-26	135.57	136.99	134.89	136.90	8383934	7149464	0.00
2017-06-27	136.90	141.99	136.37	141.90	10006366	7662122	0.00
2017-06-28	141.90	144.10	141.79	143.45	8763780	7722148	0.00
2017-06-29	143.45	148.37	143.05	146.49	12727768	7707666	0.00
2017-06-30	147.50	147.50	146.99	147.31	10118162	7863428	0.00
2017-07-03	148.27	151.02	147.39	150.88	10264234	8146938	0.00
2017-07-04	150.88	152.27	145.51	146.35	11389232	7794826	0.00
2017-07-05	146.35	151.08	146.35	148.53	12237172	7754716	0.00
2017-07-06	148.53	148.94	145.08	148.73	10889548	7731356	0.00
2017-07-07	148.73	150.67	146.39	150.30	11061196	7921892	0.00
2017-07-10	149.72	151.81	149.42	150.30	9979976	7953410	0.00
2017-07-11	150.30	156.28	149.83	154.36	10613746	8114700	0.00
2017-07-12	154.36	156.71	153.39	154.47	8877690	8055504	0.00
2017-07-13	154.47	157.21	153.26	156.99	9254642	8249124	0.00
2017-07-14	156.99	156.99	151.48	152.99	12086400	7791094	0.00
2017-07-17	154.47	157.97	154.47	156.59	10325538	7851118	0.00
2017-07-18	156.59	160.59	156.59	158.35	10585852	7969616	0.00
2017-07-19	158.35	162.73	158.32	162.34	9661140	7757782	0.00
2017-07-20	162.34	162.34	155.63	155.68	12420930	7284122	0.00
2017-07-21	155.68	157.44	153.88	156.69	10022218	7016218	0.00
2017-07-24	153.66	156.17	152.82	155.62	9203552	7137356	0.00
2017-07-25	155.62	159.76	154.88	158.61	10394990	7129452	0.00
2017-07-26	158.61	161.59	157.04	158.02	10998344	6946520	0.00
2017-07-27	158.02	159.87	156.40	159.34	10457132	7063324	0.00
2017-07-28	159.34	161.13	157.83	159.23	10199772	6956184	0.00
2017-07-31	162.34	168.81	162.34	168.52	13308812	6896624	0.00
2017-08-01	168.52	170.13	166.79	166.96	8259266	6543224	0.00
2017-08-02	166.96	168.32	165.21	167.53	9653128	6700952	0.00
2017-08-03	167.53	170.53	166.12	168.82	11351780	7034364	0.00
2017-08-04	168.82	172.69	168.14	171.51	10774480	6872678	0.00
2017-08-07	174.91	182.63	174.91	177.77	15611678	6455522	0.00
2017-08-08	177.77	180.28	173.38	174.54	12067036	6242890	0.00
2017-08-09	174.54	178.84	173.57	178.77	12883164	6355300	0.00
2017-08-10	178.77	179.42	175.28	177.22	12103866	6218596	0.00
2017-08-11	177.22	178.76	168.73	170.78	14678666	6067458	0.00
2017-08-14	170.59	172.42	167.61	168.28	10831182	6287286	0.00
2017-08-15	168.28	168.84	164.82	167.38	7692854	6313950	0.00
2017-08-16	167.38	168.17	164.42	165.29	6456928	6278482	0.00
2017-08-17	165.29	173.75	165.29	171.83	10646810	6117608	0.00
2017-08-18	171.83	177.85	170.10	177.31	7562548	5977312	0.00
2017-08-21	175.29	182.38	175.29	181.00	9547744	6253370	0.00
2017-08-22	181.00	183.25	178.99	181.55	6895072	6082062	0.00
2017-08-23	181.55	181.55	170.79	174.04	10161214	6245870	0.00
2017-08-24	174.04	178.96	171.98	176.43	8759198	5944332	0.00
2017-08-25	176.43	181.15	175.39	178.58	8268608	5697594	0.00
2017-08-28	174.18	176.70	171.89	176.65	8859370	5784122	0.00
2017-08-29	176.65	177.77	171.69	172.97	8620958	5824546	0.00
2017-08-30	172.97	173.82	169.73	172.85	7592918	5693942	0.00
2017-08-31	172.85	176.54	169.90	176.51	9341126	6091870	0.00
2017-09-01	176.51	182.74	175.64	181.18	9672938	6307886	0.00
2017-09-04	184.51	185.55	178.66	178.73	9241270	6066388	0.00
2017-09-05	178.73	182.23	178.50	180.78	7096716	6077048	0.00
2017-09-06	180.78	183.26	174.72	174.80	8820214	6228374	0.00
2017-09-07	174.80	176.42	172.36	173.50	8736086	6187496	0.00
2017-09-08	173.50	177.49	169.87	170.94	9756208	6065488	0.00
2017-09-11	167.87	171.90	167.45	170.68	8052170	5825792	0.00
2017-09-12	170.68	173.89	169.43	173.82	8751690	5919358	0.00
2017-09-13	173.82	175.11	169.71	170.79	8088436	5909810	0.00
2017-09-14	170.79	171.50	164.91	165.43	9737650	6373820	0.00
2017-09-15	165.43	166.51	163.36	164.48	7085474	6125620	0.00
2017-09-18	161.97	165.48	161.97	164.85	7842022	6228682	0.00
2017-09-19	164.85	165.74	161.44	161.47	6567450	6184906	0.00
2017-09-20	161.47	163.04	159.17	161.10	6877924	6214312	0.00
2017-09-21	161.10	162.87	155.45	155.61	8729624	6663538	0.00
2017-09-22	155.61	155.84	151.21	152.27	6940710	6475192	0.00
2017-09-25	152.08	154.56	150.45	153.59	6812574	6392308	0.00
2017-09-26	153.59	155.33	152.53	153.42	6153648	6297948	0.00
2017-09-27	153.42	156.47	153.04	156.09	7074746	6321456	0.00
2017-09-28	156.09	157.48	149.75	151.32	8923894	6249470	0.00
2017-09-29	151.32	153.94	148.65	153.79	6545278	5705106	0.00
2017-10-09	156.32	157.08	151.12	152.36	5004256	5819494	0.00
2017-10-10	149.78	151.29	148.04	148.33	7086656	6512132	0.00
2017-10-11	148.33	150.42	146.96	146.96	6369840	6533616	0.00
2017-10-12	146.96	152.95	145.73	151.24	9504994	6888176	0.00
2017-10-13	151.24	156.80	150.23	156.68	8645100	6748904	0.00
2017-10-16	159.30	159.30	155.33	157.95	8899008	6623780	0.00
2017-10-17	157.95	158.60	153.75	154.72	9376824	6746898	0.00
2017-10-18	154.72	157.11	154.31	154.36	7344318	6590698	0.00
2017-10-19	154.36	154.36	148.83	150.41	9275916	6870512	0.00
2017-10-20	150.41	158.23	149.87	158.18	9147548	6775056	0.00
2017-10-23	152.73	157.25	152.73	155.74	11555658	6772644	0.00
2017-10-24	155.74	158.38	154.43	156.57	8459560	6609356	0.00
2017-10-25	156.57	159.13	154.03	155.31	9239148	6697816	0.00
2017-10-26	155.31	155.46	152.99	153.99	7918464	6554816	0.00
2017-10-27	153.99	153.99	148.57	148.83	9468216	6892838	0.00
2017-10-30	149.63	150.47	147.80	148.31	6702062	6694634	0.00
2017-10-31	148.31	151.88	147.29	150.39	7959460	6845044	0.00
2017-11-01	150.39	152.62	148.97	148.97	7464080	6693728	0.00
2017-11-02	148.97	154.36	148.43	153.12	9557692	6824694	0.00
2017-11-03	153.12	154.11	151.26	152.00	7293026	6602534	0.00
2017-11-06	154.83	158.96	154.62	158.70	8942252	6829128	0.00
2017-11-07	158.70	159.98	156.76	158.25	6833158	6589818	0.00
2017-11-08	158.25	159.35	156.48	157.98	7319834	6622182	0.00
2017-11-09	157.98	162.35	156.93	157.92	11445608	6777382	0.00
2017-11-10	157.92	160.16	156.46	159.53	8069518	6691088	0.00
2017-11-13	159.01	161.30	157.78	160.78	9726540	6869974	0.00
2017-11-14	160.78	162.34	159.54	161.16	7347896	6605580	0.00
2017-11-15	161.16	161.99	155.42	156.42	9372850	6363458	0.00
2017-11-16	156.42	158.26	155.40	157.15	7409812	6213012	0.00
2017-11-17	157.15	158.89	156.08	156.41	7917522	6252180	0.00
2017-11-20	156.91	159.52	156.60	158.97	7784116	6098994	0.00
2017-11-21	158.97	161.79	158.27	160.84	7292974	5987796	0.00
2017-11-22	160.84	163.41	160.60	163.10	7744714	6131482	0.00
2017-11-23	163.10	166.18	163.10	165.24	8607650	6205452	0.00
2017-11-24	165.24	166.22	163.19	165.96	6780936	5975236	0.00
2017-11-27	166.14	168.59	165.68	166.31	8212000	6083392	0.00
2017-11-28	166.31	167.49	165.54	167.15	6498048	6055930	0.00
2017-11-29	167.15	169.87	165.57	169.61	8089286	6504816	0.00
2017-11-30	169.61	173.78	168.96	171.58	9669076	6488394	0.00
2017-12-01	171.58	172.90	170.24	172.35	7807890	6360566	0.00
2017-12-04	176.25	178.48	176.00	177.51	8928800	6460848	0.00
2017-12-05	177.51	178.33	174.88	175.49	7213024	6360370	0.00
2017-12-06	175.49	176.19	170.47	170.75	8577578	6199440	0.00
2017-12-07	170.75	171.23	162.11	164.18	10212040	5717700	0.00
2017-12-08	164.18	168.09	163.04	167.54	8076576	5555626	0.00
2017-12-11	168.71	170.83	165.79	166.45	9538340	5662090	0.00
2017-12-12	166.45	170.51	165.36	166.71	9191770	5633994	0.00
2017-12-13	166.71	167.95	163.70	166.26	10075676	5775348	0.00
2017-12-14	166.26	166.81	163.10	163.71	8459928	5632498	0.00
2017-12-15	163.71	166.10	162.72	165.50	7110408	5485318	0.00
2017-12-18	170.13	171.21	167.45	170.46	10724936	5498812	0.00
2017-12-19	170.46	170.60	166.82	167.48	8324428	5448846	0.00
2017-12-20	167.48	168.54	166.10	167.79	7021064	5391740	0.00
2017-12-21	167.79	172.35	167.60	169.24	9940358	5326858	0.00
2017-12-22	169.24	173.53	168.76	173.15	8654766	5487662	0.00
2017-12-25	172.52	172.52	166.29	166.56	9000188	5288448	0.00
2017-12-26	166.56	167.43	164.70	166.75	7634624	5016698	0.00
2017-12-27	166.75	167.19	164.95	165.17	7311418	5105822	0.00
2017-12-28	165.17	165.84	163.85	164.87	7068736	5192348	0.00
2017-12-29	164.87	168.83	164.51	167.34	8289488	4956072	0.00
2018-01-02	167.56	171.48	167.35	170.93	5320530	4867600	0.00
2018-01-03	170.93	171.30	168.19	168.31	6090680	4857630	0.00
2018-01-04	168.31	170.35	167.81	169.62	6548344	5090932	0.00
2018-01-05	169.62	170.60	166.25	168.38	7480156	5286044	0.00
2018-01-08	168.58	171.35	167.01	171.24	7663960	5406976	0.00
2018-01-09	171.24	172.87	170.97	172.12	5710576	5301074	0.00
2018-01-10	172.12	173.46	170.69	172.42	6758888	5418644	0.00
2018-01-11	172.42	173.29	170.81	171.98	6088950	5282236	0.00
2018-01-12	171.98	172.29	168.26	169.20	6331084	5357596	0.00
2018-01-15	168.71	169.31	167.17	168.55	5771518	5397686	0.00
2018-01-16	168.55	170.40	166.93	167.30	6326934	5209636	0.00
2018-01-17	167.30	169.05	166.70	168.31	6778896	5227854	0.00
2018-01-18	168.31	170.08	168.17	169.74	5694314	5403076	0.00
2018-01-19	169.74	172.49	168.98	172.31	7021636	5712618	0.00
2018-01-22	173.47	173.52	171.51	172.01	5922268	5649088	0.00
2018-01-23	172.01	172.01	167.81	169.05	7630364	5659124	0.00
2018-01-24	169.05	170.51	168.37	169.83	4582850	5623840	0.00
2018-01-25	169.83	173.23	169.05	171.59	6567806	5701158	0.00
2018-01-26	171.59	171.92	168.76	169.61	5591014	5616580	0.00
2018-01-29	169.31	170.08	168.44	168.99	4561732	5556372	0.00
2018-01-30	168.99	169.69	167.88	168.78	4597046	5417752	0.00
2018-01-31	168.78	169.66	166.48	167.64	5132668	5442078	0.00
2018-02-01	167.64	169.11	167.00	167.38	5051510	5454964	0.00
2018-02-02	167.38	169.90	167.38	169.12	4891890	5379800	0.00
2018-02-05	168.62	171.12	168.51	171.00	5104112	5292224	0.00
2018-02-06	171.00	171.86	168.80	169.67	5360204	5139356	0.00
2018-02-07	169.67	171.07	168.95	170.29	3964742	5004304	0.00
2018-02-08	170.29	170.72	169.15	169.79	4034290	4985714	0.00
2018-02-09	169.79	171.62	167.91	168.79	5630530	4969324	0.00
2018-02-12	168.31	169.80	168.24	169.21	3171740	4649586	0.00
2018-02-13	169.21	170.67	168.53	170.14	2718294	4478432	0.00
2018-02-14	170.14	172.41	170.04	172.04	2583870	4311450	0.00
2018-02-22	171.97	173.04	168.96	170.27	3387128	4589710	0.00
2018-02-23	170.27	173.95	169.67	173.69	5623958	4881922	0.00
2018-02-26	173.84	176.96	173.84	175.64	4681806	4924734	0.00
2018-02-27	175.64	175.93	173.34	175.36	4310820	4915196	0.00
2018-02-28	175.36	175.36	174.08	174.60	3571794	4885854	0.00
2018-03-01	174.60	176.12	174.15	175.08	4589524	5056630	0.00
2018-03-02	175.08	175.15	172.85	174.08	4455400	4916956	0.00
2018-03-05	171.66	172.36	169.71	169.83	5414882	5153004	0.00
2018-03-06	169.83	171.26	168.55	170.26	5239146	5205460	0.00
2018-03-07	170.26	171.09	167.83	167.97	5819636	5441964	0.00
2018-03-08	167.97	167.97	163.43	163.43	6720240	5691930	0.00
2018-03-09	163.43	163.76	157.63	158.82	9403566	5753318	0.00
2018-03-12	159.60	160.45	156.98	157.95	7637610	5839086	0.00
2018-03-13	157.95	159.19	157.19	157.53	5441152	5951312	0.00
2018-03-14	157.53	160.73	156.71	159.85	7836388	5968228	0.00
2018-03-15	159.85	161.17	159.18	160.05	6188170	5777070	0.00
2018-03-16	160.05	160.05	158.05	158.38	5825720	5943550	0.00
2018-03-19	156.74	156.74	153.13	153.40	8212146	6308634	0.00
2018-03-20	153.40	154.08	150.74	152.51	6932798	6285714	0.00
2018-03-21	152.51	154.10	151.26	151.95	7181954	6459444	0.00
2018-03-22	151.95	153.91	151.70	152.49	7761476	6480102	0.00
2018-03-23	152.49	152.49	141.26	142.96	14371126	6097236	0.00
2018-03-26	142.79	143.83	141.29	142.15	8940162	6275584	0.00
2018-03-27	142.15	145.31	141.93	143.91	8101522	6150562	0.00
2018-03-28	143.91	145.05	140.97	143.15	9890276	6171650	0.00
2018-03-29	143.15	145.22	141.90	145.19	8398024	6099054	0.00
2018-03-30	145.19	148.10	143.87	148.00	9520834	6016830	0.00
2018-04-02	151.08	151.93	146.68	147.31	10725330	5934964	0.00
2018-04-03	147.31	149.44	146.16	146.92	9888608	5902954	0.00
2018-04-04	146.92	147.32	143.46	144.13	9176720	6089204	0.00
2018-04-09	143.94	147.08	143.51	146.75	7546048	6236968	0.00
2018-04-10	146.75	148.81	146.66	147.89	8602940	6266056	0.00
2018-04-11	147.89	150.06	146.48	146.72	9100294	6062714	0.00
2018-04-12	146.72	148.37	145.43	147.07	9469546	6114340	0.00
2018-04-13	147.07	149.32	145.84	148.71	9391864	6154266	0.00
2018-04-16	147.84	147.84	144.24	144.47	9528664	6238274	0.00
2018-04-17	144.47	147.08	143.84	145.11	9841560	6172924	0.00
2018-04-18	145.11	149.20	145.11	147.88	11057044	6083906	0.00
2018-04-19	147.88	153.30	147.88	153.01	11685238	5850542	0.00
2018-04-20	153.01	153.09	149.19	149.67	9030000	5721972	0.00
2018-04-23	150.33	154.89	150.33	153.99	9771876	5558170	0.00
2018-04-24	153.99	155.24	152.93	153.44	7217334	5487418	0.00
2018-04-25	153.44	154.96	152.41	153.34	7754978	5531432	0.00
2018-04-26	153.34	154.90	151.94	152.61	7452786	5481518	0.00
2018-04-27	152.61	154.20	150.93	152.59	7881402	5339358	0.00
2018-05-02	153.00	157.91	153.00	157.73	6767970	5634052	0.00
2018-05-03	157.73	158.85	155.62	156.37	7129864	5481618	0.00
2018-05-04	156.37	156.74	154.19	155.80	6924362	5483900	0.00
2018-05-07	155.33	156.83	153.06	155.51	8436476	5547158	0.00
2018-05-08	155.51	156.64	154.88	155.75	6291902	5549056	0.00
2018-05-09	155.75	155.75	152.93	153.29	7865560	5770878	0.00
2018-05-10	153.29	154.73	152.77	154.33	6595468	5692512	0.00
2018-05-11	154.33	158.12	154.33	157.43	7794182	5771790	0.00
2018-05-14	157.84	158.35	156.87	157.99	6262734	5699200	0.00
2018-05-15	157.99	159.95	156.07	157.92	8716520	5555722	0.00
2018-05-16	157.92	158.98	156.03	157.41	7571434	5449842	0.00
2018-05-17	157.41	157.93	156.29	157.50	5055538	5412302	0.00
2018-05-18	157.50	158.54	154.96	155.55	7096682	5552934	0.00
2018-05-21	153.02	154.93	152.36	152.71	6972190	5677078	0.00
2018-05-22	152.71	153.74	150.57	151.13	5977826	5675406	0.00
2018-05-23	151.13	151.55	148.82	150.16	6081622	5712674	0.00
2018-05-24	150.16	152.06	149.69	151.86	5136138	5522304	0.00
2018-05-25	151.86	153.23	149.65	150.68	6184808	5679560	0.00
2018-05-28	150.93	152.94	150.81	150.95	6192600	5679546	0.00
2018-05-29	150.95	154.53	150.41	153.75	6772366	5569554	0.00
2018-05-30	153.75	154.82	151.93	152.76	6213808	5538456	0.00
2018-05-31	152.76	155.34	152.61	154.90	5327904	5549270	0.00
2018-06-01	154.90	157.71	154.90	155.54	7610000	5721912	0.00
2018-06-04	156.06	156.72	154.12	154.75	6048266	5660800	0.00
2018-06-05	154.75	156.74	153.83	156.59	6041646	5734578	0.00
2018-06-06	156.59	158.58	156.40	158.04	6925458	5957642	0.00
2018-06-07	158.04	161.33	158.02	158.60	7874010	5952586	0.00
2018-06-08	158.60	159.00	157.28	158.29	5999112	5831618	0.00
2018-06-11	158.23	159.12	156.85	158.61	5623366	5797646	0.00
2018-06-12	158.61	160.43	157.35	160.38	6855300	5914790	0.00
2018-06-13	160.38	161.10	158.82	160.21	6386638	5860470	0.00
2018-06-14	160.21	161.69	160.05	161.42	5418542	6042328	0.00
2018-06-15	161.42	162.23	159.90	161.59	5233804	5775698	0.00
2018-06-19	161.04	161.04	153.61	155.13	7518536	5739292	0.00
2018-06-20	155.13	157.35	154.44	156.83	5301248	5728736	0.00
2018-06-21	156.83	158.37	155.69	155.83	6140350	5832442	0.00
2018-06-22	155.83	156.67	154.86	156.04	5358824	5695466	0.00
2018-06-25	157.66	157.66	155.52	155.84	6532720	5974444	0.00
2018-06-26	155.84	155.93	153.61	154.46	6275062	6052806	0.00
2018-06-27	154.46	156.00	154.11	154.20	5093522	6008412	0.00
2018-06-28	154.20	157.68	154.20	156.79	6785234	5920272	0.00
2018-06-29	156.79	159.52	156.79	159.25	5850168	5834054	0.00
2018-07-02	158.14	158.23	155.50	156.31	6637092	5616038	0.00
2018-07-03	156.31	156.64	156.07	156.35	4820360	5424386	0.00
2018-07-04	156.35	158.14	156.08	156.91	5809054	5487178	0.00
2018-07-05	156.91	157.37	154.75	156.15	7557142	5486658	0.00
2018-07-06	156.15	157.05	154.67	156.17	6187060	5253880	0.00
2018-07-09	155.37	158.04	155.07	157.88	6060344	5499434	0.00
2018-07-10	157.88	159.16	157.88	158.33	5285496	5620042	0.00
2018-07-11	158.33	159.59	156.48	159.28	6676164	5742046	0.00
2018-07-12	159.28	162.51	159.28	162.08	6845626	5899940	0.00
2018-07-13	162.45	162.69	160.89	161.31	5445362	5730930	0.00
2018-07-16	161.26	162.18	160.82	161.36	4657628	5603534	0.00
2018-07-17	161.36	161.36	159.31	160.68	5494894	5240624	0.00
2018-07-18	160.68	161.45	160.24	160.65	4340362	5293540	0.00
2018-07-19	160.65	163.46	160.65	161.43	6176460	5415188	0.00
2018-07-20	161.43	163.11	161.40	162.67	4266070	5336680	0.00
2018-07-23	162.30	164.17	162.30	163.97	4530678	5585094	0.00
2018-07-24	163.97	164.79	162.98	163.27	4763912	5280196	0.00
2018-07-25	163.27	164.90	163.27	164.54	4715106	5409108	0.00
2018-07-26	164.54	164.57	163.60	164.45	4469864	5459134	0.00
2018-07-27	164.45	169.13	164.29	169.10	6562566	5918660	0.00
2018-07-30	168.64	169.39	167.88	168.59	5118554	5605882	0.00
2018-07-31	168.59	170.01	168.09	169.46	4695536	5490862	0.00
2018-08-01	169.46	171.01	166.56	166.72	7239928	5273736	0.00
2018-08-02	166.72	167.38	165.04	166.97	6300522	5099550	0.00
2018-08-03	166.97	169.83	166.97	169.34	5873778	5097052	0.00
2018-08-06	172.33	173.33	170.54	173.06	8597922	5318820	0.00
2018-08-07	173.06	174.83	172.61	174.29	6816468	5278816	0.00
2018-08-08	173.30	175.09	173.04	173.43	6025022	5308152	0.00
2018-08-09	173.43	174.37	171.78	174.10	5555002	5153200	0.00
2018-08-10	174.10	175.33	172.06	172.13	5369510	5056716	0.00
2018-08-13	172.30	176.90	172.30	176.85	6575942	5240940	0.00
2018-08-14	176.85	177.31	173.82	174.94	5062354	5011266	0.00
2018-08-15	174.94	176.06	174.29	174.97	4510246	4957948	0.00
2018-08-16	174.97	176.28	171.18	173.33	7006000	4954556	0.00
2018-08-17	173.33	178.33	172.70	178.05	7484716	4941200	0.00
2018-08-20	178.52	180.36	177.47	179.97	7734828	5005192	0.00
2018-08-21	179.97	180.16	175.91	176.77	6280704	4908584	0.00
2018-08-22	176.77	179.20	175.47	175.47	6432524	4766418	0.00
2018-08-23	175.47	176.53	174.20	174.34	6866768	4661098	0.00
2018-08-24	174.34	176.30	173.54	175.94	5049776	4813626	0.00
2018-08-27	175.62	176.24	171.23	171.50	6682476	4481396	0.00
2018-08-28	171.50	173.44	171.36	172.61	4250166	4349828	0.00
2018-08-29	172.61	174.41	170.39	170.69	6767644	4398290	0.00
2018-08-30	170.69	170.93	168.77	170.06	6966776	4435584	0.00
2018-08-31	170.06	171.50	168.65	169.09	6151300	4280020	0.00
2018-09-03	169.49	169.61	167.70	169.00	5760838	4435848	0.00
2018-09-04	169.00	170.36	168.51	170.02	4948070	4502304	0.00
2018-09-05	170.02	170.33	168.08	169.22	6186880	4485902	0.00
2018-09-06	169.22	172.51	169.22	172.49	6253346	4735630	0.00
2018-09-07	172.49	175.05	171.78	172.66	7674448	4717012	0.00
2018-09-10	174.47	175.73	173.80	174.84	5432104	4797882	0.00
2018-09-11	174.84	174.84	168.98	169.10	8230090	4587058	0.00
2018-09-12	169.10	171.08	166.18	168.53	8156374	4517716	0.00
2018-09-13	168.53	170.88	167.89	170.67	6443344	4459218	0.00
2018-09-14	170.67	172.02	169.49	171.04	5552940	4511426	0.00
2018-09-17	173.01	173.01	170.50	171.10	5805860	4397400	0.00
2018-09-18	171.10	173.51	170.79	173.46	5607424	4544796	0.00
2018-09-19	173.46	174.98	172.65	172.77	5232746	4488586	0.00
2018-09-20	172.77	173.80	171.54	172.07	4841020	4409650	0.00
2018-09-21	172.07	172.95	171.62	172.52	4326060	4194294	0.00
2018-09-25	172.57	172.81	169.48	169.72	3659634	4206906	0.00
2018-09-26	169.72	170.96	169.14	170.13	4165404	4194476	0.00
2018-09-27	170.13	171.21	167.92	168.28	4248834	3946462	0.00
2018-09-28	168.28	168.28	164.32	166.19	5737804	3611706	0.00
2018-10-08	166.47	167.39	164.65	166.89	3712658	3711356	0.00
2018-10-09	168.46	169.92	168.36	169.70	5367800	3824822	0.00
2018-10-10	169.70	171.57	169.16	170.77	5347782	3881890	0.00
2018-10-11	170.77	171.05	167.47	170.35	6618172	3909674	0.00
2018-10-12	170.35	172.99	169.64	171.97	5327294	4005212	0.00
2018-10-15	171.98	172.82	171.48	172.06	5084630	4120408	0.00
2018-10-16	172.06	173.07	170.59	170.91	4547914	4149046	0.00
2018-10-17	170.91	174.65	170.31	174.65	5294434	4443420	0.00
2018-10-18	174.65	176.00	171.12	171.77	7279746	4394742	0.00
2018-10-19	171.77	172.22	169.60	170.01	5880480	4302454	0.00
2018-10-22	172.80	174.68	172.80	173.70	5649086	4380500	0.00
2018-10-23	173.70	174.31	172.36	172.72	4159960	4408160	0.00
2018-10-24	172.72	176.31	172.08	176.10	4830344	4713434	0.00
2018-10-25	176.10	176.27	173.68	175.74	5891350	4712288	0.00
2018-10-26	175.74	177.81	175.41	177.16	5139220	4779336	0.00
2018-10-29	176.62	177.63	174.85	175.07	6321018	4687128	0.00
2018-10-30	175.07	176.81	174.70	175.43	4103380	4614442	0.00
2018-10-31	175.43	175.55	172.68	173.33	5603388	4651090	0.00
2018-11-01	173.33	174.01	169.30	169.51	6056164	4630738	0.00
2018-11-02	169.51	170.19	166.20	168.06	5810618	4552806	0.00
2018-11-05	168.06	169.36	166.43	169.31	5415622	4637754	0.00
2018-11-06	169.31	169.48	165.57	165.86	6594714	4937884	0.00
2018-11-07	165.86	166.31	163.54	164.62	4957594	4953992	0.00
2018-11-08	164.62	166.75	162.58	166.44	7949610	4956618	0.00
2018-11-09	166.44	167.03	164.91	164.95	5578140	5002770	0.00
2018-11-12	163.29	163.33	161.29	162.51	6965380	5008250	0.00
2018-11-13	162.51	163.67	161.59	161.90	4747506	4927598	0.00
2018-11-14	161.90	163.23	160.68	163.12	5877406	4915794	0.00
2018-11-15	163.12	163.41	160.98	162.16	5146746	4858468	0.00
2018-11-16	162.16	165.01	161.84	163.21	6289278	4812666	0.00
2018-11-19	162.47	164.45	161.30	163.36	6502344	4818972	0.00
2018-11-20	163.36	163.60	159.28	159.59	5785390	4876088	0.00
2018-11-21	159.59	161.08	154.68	160.86	8636532	4521678	0.00
2018-11-22	160.86	160.86	158.61	158.87	6056894	4422262	0.00
2018-11-23	158.87	159.04	153.51	153.67	7376694	4574128	0.00
2018-11-26	152.06	152.10	146.73	148.01	9160566	4547290	0.00
2018-11-27	148.01	150.65	146.04	147.41	7687956	4440430	0.00
2018-11-28	147.41	150.59	146.71	149.12	7101814	4562734	0.00
2018-11-29	149.12	150.86	148.08	149.00	6235110	4616916	0.00
2018-11-30	149.00	150.16	146.24	147.73	6687432	4627018	0.00
2018-12-03	148.59	156.77	148.59	150.63	9407846	4334064	0.00
2018-12-04	150.63	152.96	149.59	152.47	7507874	4370964	0.00
2018-12-05	152.47	154.87	151.45	154.82	8037066	4223642	0.00
2018-12-06	154.82	155.03	151.70	151.84	6316708	4211036	0.00
2018-12-07	151.84	153.64	150.56	152.95	7235134	4151976	0.00
2018-12-10	151.47	151.64	149.49	150.21	6883038	4376328	0.00
2018-12-11	150.21	150.94	148.92	150.60	5084728	4317100	0.00
2018-12-12	150.60	152.42	149.70	149.93	5969750	4335898	0.00
2018-12-13	149.93	153.26	149.93	152.73	7013026	4178414	0.00
2018-12-14	152.73	153.91	152.34	153.74	5615024	4162100	0.00
2018-12-17	155.36	155.49	153.76	154.35	5521532	3995356	0.00
2018-12-18	154.35	154.49	152.81	154.01	4957842	3889658	0.00
2018-12-19	154.58	154.79	153.03	153.67	5400544	3952466	0.00
2018-12-20	153.67	156.26	153.64	156.09	6049386	4245892	0.00
2018-12-21	156.09	157.81	155.45	156.72	5679376	4137080	0.00
2018-12-24	154.02	154.89	153.66	154.46	5100502	4033168	0.00
2018-12-25	154.46	154.46	150.77	152.40	5726556	3870606	0.00
2018-12-26	152.40	153.99	152.29	153.36	4544562	3958302	0.00
2018-12-27	153.36	155.27	152.28	152.61	5735622	3950594	0.00
2018-12-28	152.61	153.50	152.11	153.03	3890634	3763282	0.00
2019-01-02	152.90	153.51	151.29	151.67	2808050	3800898	0.00
2019-01-03	151.67	154.53	151.18	154.44	4924334	3944386	0.00
2019-01-04	154.44	157.18	154.36	157.08	5034710	4039690	0.00
2019-01-07	156.42	158.62	156.42	158.41	4473104	4066408	0.00
2019-01-08	158.41	158.58	156.95	157.88	4020340	4034530	0.00
2019-01-09	157.88	159.27	157.38	157.42	4804168	4004254	0.00
2019-01-10	157.42	158.33	157.00	157.20	4350422	4107022	0.00
2019-01-11	157.20	158.25	156.59	158.14	4695524	4149316	0.00
2019-01-14	157.66	159.65	157.52	159.61	3944036	4233774	0.00
2019-01-15	159.61	159.61	157.07	158.01	4575612	4222756	0.00
2019-01-16	158.01	158.81	157.71	158.32	3872690	4256456	0.00
2019-01-17	158.32	159.45	158.06	158.92	3439064	4344816	0.00
2019-01-18	158.92	163.17	158.30	162.92	5862480	4595656	0.00
2019-01-21	164.94	164.94	162.87	163.75	5677488	4590016	0.00
2019-01-22	163.75	165.54	162.57	162.59	5684886	4456720	0.00
2019-01-23	162.59	163.55	162.44	162.85	3738834	4471262	0.00
2019-01-24	162.85	164.95	162.85	164.83	4891906	4653112	0.00
2019-01-25	164.83	166.63	164.64	165.34	4457986	4690412	0.00
2019-01-28	165.65	170.53	165.65	166.80	5742992	4548968	0.00
2019-01-29	166.80	168.31	166.34	167.96	4156956	4580068	0.00
2019-01-30	167.96	173.96	167.96	171.32	7034248	4631208	0.00
2019-01-31	171.46	172.71	169.88	172.01	5149130	4436132	0.00
2019-02-01	172.01	177.34	171.66	177.15	5112142	4282146	0.00
2019-02-11	181.25	185.14	181.25	182.72	4340034	4616920	0.00
2019-02-12	182.72	183.34	178.87	179.09	6315542	4775522	0.00
2019-02-13	179.09	179.50	174.81	175.72	7172768	4819332	0.00
2019-02-14	175.72	176.59	173.27	175.83	5976696	5076278	0.00
2019-02-15	175.83	176.87	172.41	173.18	7026678	5284700	0.00
2019-02-18	176.53	177.10	174.19	175.12	6863696	5208256	0.00
2019-02-19	175.12	177.09	175.12	175.56	5018000	5239066	0.00
2019-02-20	175.09	175.92	171.42	174.01	8009944	6055430	0.00
2019-02-21	174.01	175.63	173.62	174.36	7310452	5922992	0.00
2019-02-22	174.36	176.09	172.92	176.06	7154056	5867426	0.00
2019-02-25	176.90	177.46	173.07	173.07	7306194	5974148	0.00
2019-02-26	173.07	175.29	171.73	174.43	7630002	5927792	0.00
2019-02-27	174.43	175.47	172.86	173.73	5678662	5977202	0.00
2019-02-28	173.73	176.40	173.73	176.33	6542858	6062120	0.00
2019-03-01	176.33	179.69	176.33	179.60	5926320	5991318	0.00
2019-03-04	181.61	181.61	178.48	178.71	8400418	5941048	0.00
2019-03-05	178.71	178.71	176.52	178.07	6643322	5605422	0.00
2019-03-06	178.07	178.80	174.97	174.97	7220312	5743014	0.00
2019-03-07	174.97	178.63	174.97	178.00	6844072	5668826	0.00
2019-03-08	178.00	178.12	175.17	175.51	6824698	5542800	0.00
2019-03-11	173.22	174.40	171.75	172.42	6862730	5729512	0.00
2019-03-12	172.42	176.55	172.42	176.46	6596864	5706444	0.00
2019-03-13	176.46	177.32	174.47	174.55	5791798	5739308	0.00
2019-03-14	174.55	177.52	173.55	176.06	7639038	5983818	0.00
2019-03-15	176.06	176.35	173.51	174.85	7785184	6069746	0.00
2019-03-18	175.38	177.70	175.38	175.89	7887646	6099042	0.00
2019-03-19	175.89	178.14	175.28	176.11	6400628	6240840	0.00
2019-03-20	176.11	177.35	172.34	172.59	7968430	5971200	0.00
2019-03-21	172.59	174.98	172.59	173.08	6931422	5953402	0.00
2019-03-22	173.08	173.91	172.46	173.60	5520128	5943124	0.00
2019-03-25	173.04	173.45	171.38	171.38	5713726	6311884	0.00
2019-03-26	171.38	172.38	170.35	170.72	4761972	6316386	0.00
2019-03-27	170.72	171.84	170.62	171.04	4357984	6217206	0.00
2019-03-28	171.04	171.78	169.66	169.76	6603692	6166152	0.00
2019-03-29	169.76	174.45	168.97	173.75	7869372	5921202	0.00
2019-04-01	173.36	176.48	173.36	176.19	5551438	5997522	0.00
2019-04-02	176.19	178.50	174.85	177.83	7085826	5869184	0.00
2019-04-03	177.83	181.78	177.62	180.89	9439284	5777312	0.00
2019-04-04	180.89	181.52	178.83	180.68	6788880	5845406	0.00
2019-04-08	181.24	187.24	181.24	186.41	8297816	5888340	0.00
2019-04-09	186.41	188.59	184.65	185.81	8542432	5905166	0.00
2019-04-10	185.81	186.15	184.31	185.71	6384884	5968938	0.00
2019-04-11	185.71	186.68	183.99	186.62	6819178	6050728	0.00
2019-04-12	186.62	188.18	184.02	186.13	10170084	5873170	0.00
2019-04-15	186.67	187.81	185.98	187.19	8180906	6042090	0.00
2019-04-16	187.19	187.39	183.68	183.68	7350672	5743136	0.00
2019-04-17	183.68	184.18	181.65	182.97	7294558	5679360	0.00
2019-04-18	182.97	182.98	179.68	179.92	7319702	5572394	0.00
2019-04-19	179.92	181.27	178.94	181.09	6519214	5580170	0.00
2019-04-22	184.61	184.76	181.65	182.26	10063036	5431100	0.00
2019-04-23	182.26	183.17	181.69	181.74	5176636	5552210	0.00
2019-04-24	181.74	181.74	179.51	179.94	6146348	5482156	0.00
2019-04-25	179.94	181.83	178.70	178.70	6467408	5347886	0.00
2019-04-26	178.70	180.56	178.63	179.49	6843898	5346772	0.00
2019-04-29	180.66	181.43	180.29	181.42	5892374	5248200	0.00
2019-04-30	181.42	183.45	181.42	183.08	6714042	4918068	0.00
2019-05-06	181.95	181.95	178.90	180.45	5532624	4857552	0.00
2019-05-07	180.45	184.23	180.05	182.09	7198338	5049056	0.00
2019-05-08	182.09	182.09	179.10	179.98	6414734	5111620	0.00
2019-05-09	179.98	180.16	178.53	179.89	6442650	5061714	0.00
2019-05-10	179.89	181.41	178.87	181.17	6358162	5161910	0.00
2019-05-13	180.45	180.55	178.96	178.99	6675792	5380522	0.00
2019-05-14	178.99	179.80	177.04	177.32	7749912	5536508	0.00
2019-05-15	177.32	180.00	176.54	179.88	5454068	5607790	0.00
2019-05-16	179.88	182.84	179.08	182.14	8293780	5705848	0.00
2019-05-17	182.14	186.18	182.14	185.35	8833664	5717642	0.00
2019-05-20	185.65	186.00	183.77	185.31	6351526	5768042	0.00
2019-05-21	185.31	190.23	183.80	189.99	9911680	6028076	0.00
2019-05-22	189.99	192.08	187.89	190.59	9564784	5995626	0.00
2019-05-23	190.59	191.23	189.05	189.65	6952098	5904922	0.00
2019-05-24	189.65	190.19	187.00	190.11	7925690	5900886	0.00
2019-05-27	191.45	193.15	190.45	190.90	10720764	6074228	0.00
2019-05-28	190.90	192.92	188.83	190.61	7867098	6076044	0.00
2019-05-29	190.61	190.61	187.29	189.37	7514004	6056286	0.00
2019-05-30	189.37	189.79	186.44	187.11	6583740	6251156	0.00
2019-05-31	187.11	188.09	185.30	185.30	5558610	6425048	0.00
2019-06-03	184.48	184.93	181.47	181.94	7099974	6438554	0.00
2019-06-04	181.94	184.32	181.28	184.03	5386488	6425366	0.00
2019-06-05	184.03	184.59	182.93	184.02	4604138	6455532	0.00
2019-06-06	184.02	184.02	179.29	182.81	8207112	6408300	0.00
2019-06-10	182.43	183.64	180.61	183.62	4550024	6660132	0.00
2019-06-11	183.62	189.90	183.02	189.71	9077038	6663184	0.00
2019-06-12	189.71	191.68	188.44	188.65	7219042	6568912	0.00
2019-06-13	188.65	190.78	187.83	190.78	6742336	6702516	0.00
2019-06-14	190.78	192.61	189.65	190.33	7424300	6797282	0.00
2019-06-17	188.53	188.53	186.85	187.29	6448016	7040850	0.00
2019-06-18	187.29	189.54	185.62	189.45	6160534	7080214	0.00
2019-06-19	189.45	193.70	188.71	192.55	9343046	6993428	0.00
2019-06-20	192.55	197.14	190.78	196.48	8938142	7133024	0.00
2019-06-21	196.48	196.96	193.59	196.79	8360752	7159648	0.00
2019-06-24	196.99	199.79	196.99	198.58	10884874	6932386	0.00
2019-06-25	198.58	200.98	198.38	199.52	8649184	6962930	0.00
2019-06-26	199.52	200.73	197.29	200.01	7787514	6727396	0.00
2019-06-27	200.01	204.82	200.01	201.13	10710644	6710370	0.00
2019-06-28	201.13	204.62	201.13	204.45	7620868	6886708	0.00
2019-07-01	204.92	208.92	204.92	208.42	8571586	6976156	0.00
2019-07-02	208.42	210.07	206.00	208.63	8657028	6807166	0.00
2019-07-03	208.63	210.86	205.88	208.77	8223744	6804740	0.00
2019-07-04	208.77	209.27	203.27	204.68	10209036	6601220	0.00
2019-07-05	204.68	206.39	198.75	199.92	10145706	6583966	0.00
2019-07-08	200.89	203.65	199.45	202.89	8348628	6490114	0.00
2019-07-09	202.89	208.88	202.89	205.98	9192998	6515292	0.00
2019-07-10	205.98	206.49	203.92	205.16	6215822	6483792	0.00
2019-07-11	205.16	205.86	202.17	203.38	7992306	6521930	0.00
2019-07-12	203.38	204.77	201.56	202.47	6068376	6707470	0.00
2019-07-15	201.22	206.28	200.93	206.25	7614470	6696190	0.00
2019-07-16	206.25	209.75	206.25	207.27	7468708	6666308	0.00
2019-07-17	207.27	208.09	204.25	206.68	7382812	6733550	0.00
2019-07-18	206.68	207.13	203.28	203.37	5057884	6690514	0.00
2019-07-19	203.37	207.21	202.26	206.92	5758156	6651452	0.00
2019-07-22	203.30	204.80	202.08	202.10	7165200	6579104	0.00
2019-07-23	202.10	204.48	201.14	201.67	5379666	6576824	0.00
2019-07-24	201.67	201.67	195.76	198.10	7722608	6629880	0.00
2019-07-25	198.10	200.06	197.40	199.86	5755916	6614798	0.00
2019-07-26	199.86	201.68	199.29	201.03	6679652	6693292	0.00
2019-07-29	199.57	199.90	198.14	198.35	5294314	6939098	0.00
2019-07-30	198.35	201.67	197.75	199.89	6109510	7068492	0.00
2019-07-31	199.89	202.19	198.31	198.81	6618894	7080648	0.00
2019-08-01	198.81	199.53	196.21	196.21	6278952	7253066	0.00
2019-08-02	196.21	196.21	190.21	192.79	8849164	7053692	0.00
2019-08-05	190.41	190.41	185.55	185.83	8854896	7002774	0.00
2019-08-06	185.83	187.38	184.13	184.16	7334560	6988952	0.00
2019-08-07	184.16	185.43	179.96	181.03	9083592	6958900	0.00
2019-08-08	181.03	183.04	179.04	179.84	7566958	7149054	0.00
2019-08-09	179.84	180.80	173.29	175.58	9918138	7147396	0.00
2019-08-12	173.21	177.68	172.52	177.17	10122626	7039244	0.00
2019-08-13	177.17	177.98	174.23	175.40	8224978	7079398	0.00
2019-08-14	175.40	178.92	174.80	176.36	8551146	6981982	0.00
2019-08-15	176.36	177.99	174.81	175.83	8780552	6881270	0.00
2019-08-16	175.83	177.44	174.78	176.45	5862124	6851980	0.00
2019-08-19	176.18	177.80	174.26	175.71	6084226	6780422	0.00
2019-08-20	175.71	176.67	173.71	173.71	5233062	6795294	0.00
2019-08-21	173.71	173.71	169.28	171.19	7898102	7085662	0.00
2019-08-22	171.19	172.34	168.62	171.64	7978228	7314752	0.00
2019-08-23	171.64	173.63	170.86	173.10	6985262	7223180	0.00
2019-08-26	172.70	172.70	168.55	168.76	7926766	7161334	0.00
2019-08-27	168.76	169.42	164.74	164.74	7781176	7590800	0.00
2019-08-28	164.74	166.00	162.08	165.64	7846164	7643334	0.00
2019-08-29	165.64	166.61	162.99	163.38	6643390	7626416	0.00
2019-08-30	163.38	167.78	163.38	167.74	7968836	7369722	0.00
2019-09-02	168.08	171.37	167.49	171.27	8068416	7083288	0.00
2019-09-03	171.27	172.50	170.83	171.73	5897712	6919122	0.00
2019-09-04	171.73	173.68	170.43	172.77	6962530	6860856	0.00
2019-09-05	172.77	175.64	172.49	172.82	8275096	6990240	0.00
2019-09-06	172.82	173.89	169.46	169.49	6570948	6789416	0.00
2019-09-09	170.76	175.38	170.76	175.28	10594346	6852224	0.00
2019-09-10	175.28	175.96	173.68	174.91	6001226	6608306	0.00
2019-09-11	174.91	176.16	173.57	175.28	6665368	6751400	0.00
2019-09-12	175.57	178.67	175.00	178.59	6575774	6685832	0.00
2019-09-16	179.61	179.92	177.35	177.94	4531648	6586620	0.00
2019-09-17	177.94	178.52	175.00	176.37	5450200	6590240	0.00
2019-09-18	176.37	177.80	174.61	174.91	6465612	6624998	0.00
2019-09-19	174.91	174.91	169.12	169.66	8776254	6799084	0.00
2019-09-20	169.66	169.66	167.50	168.58	6196014	6843574	0.00
2019-09-23	168.90	173.24	168.82	173.08	8380304	6684908	0.00
2019-09-24	173.08	174.13	169.90	170.19	8997738	6754612	0.00
2019-09-25	170.19	171.38	170.15	170.63	5288670	6609976	0.00
2019-09-26	170.63	172.22	168.77	169.96	8868036	6536970	0.00
2019-09-27	169.96	170.69	169.05	169.76	5142684	6209176	0.00
2019-09-30	172.22	173.49	170.94	171.51	6361460	5759570	0.00
2019-10-08	171.46	172.01	169.02	170.01	4440100	6058068	0.00
2019-10-09	170.01	170.75	168.54	168.75	6001628	6530306	0.00
2019-10-10	168.75	170.26	167.69	170.02	6709592	6768938	0.00
2019-10-11	170.02	170.02	167.55	169.45	6384154	6902786	0.00
2019-10-14	169.64	170.64	166.36	166.41	6664124	7115954	0.00
2019-10-15	166.41	167.05	164.75	166.66	6727266	7275972	0.00
2019-10-16	166.66	166.81	162.37	162.71	7367524	7517848	0.00
2019-10-17	162.71	163.47	161.56	163.20	6494254	7562158	0.00
2019-10-18	163.20	163.27	159.87	162.84	7759344	7729040	0.00
2019-10-21	162.97	163.26	160.94	161.85	5994996	7652418	0.00
2019-10-22	161.85	163.26	161.20	163.06	6347500	7706002	0.00
2019-10-23	163.06	164.84	162.52	163.34	6884138	7679672	0.00
2019-10-24	163.34	164.85	162.67	164.79	6599064	7733702	0.00
2019-10-25	164.79	165.77	163.57	165.74	5600520	7593286	0.00
2019-10-28	166.59	166.90	164.28	164.56	5564060	7493492	0.00
2019-10-29	164.56	165.23	163.47	164.63	4933306	7406450	0.00
2019-10-30	164.63	165.24	162.96	165.14	6033184	7453654	0.00
2019-10-31	165.14	165.88	164.20	164.47	5313966	7301208	0.00
2019-11-01	164.47	165.42	163.34	165.21	5364320	7273424	0.00
2019-11-04	164.27	164.77	163.69	164.13	5073010	7353738	0.00
2019-11-05	164.13	166.15	163.34	166.06	6172208	7571168	0.00
2019-11-06	166.06	167.53	165.99	166.11	5960984	7503288	0.00
2019-11-07	166.11	166.57	164.37	164.42	5352982	7466120	0.00
2019-11-08	164.42	164.67	163.11	163.19	4917706	7460362	0.00
2019-11-11	161.51	162.02	161.06	161.38	6766974	7528738	0.00
2019-11-12	161.38	164.75	160.89	164.64	7381294	7537678	0.00
2019-11-13	164.64	165.47	163.70	164.47	4576026	7375412	0.00
2019-11-14	164.47	168.30	164.11	168.08	8337412	7604650	0.00
2019-11-15	168.08	170.35	168.08	169.61	6985646	7555694	0.00
2019-11-18	169.77	170.63	168.73	169.53	6822142	7638774	0.00
2019-11-19	169.53	171.45	168.70	171.36	8514400	7620028	0.00
2019-11-20	171.36	173.28	171.36	172.11	8083394	7639668	0.00
2019-11-21	172.11	172.90	170.65	171.54	7570272	7540318	0.00
2019-11-22	171.54	173.75	171.30	173.37	6731428	7630816	0.00
2019-11-25	173.46	176.59	173.46	175.90	7986732	7522160	0.00
2019-11-26	175.90	175.90	171.73	172.73	8013828	7334704	0.00
2019-11-27	172.73	172.73	170.66	171.09	6359512	7127074	0.00
2019-11-28	171.09	173.17	170.40	172.83	7524564	7085916	0.00
2019-11-29	172.83	173.62	171.03	172.33	7188318	7008340	0.00
2019-12-02	170.07	173.93	170.07	173.61	8110614	7040876	0.00
2019-12-03	173.61	173.93	172.33	172.40	4998496	7017170	0.00
2019-12-04	172.40	174.42	171.37	173.60	6785032	7129710	0.00
2019-12-05	173.60	174.77	172.86	172.92	6035082	7086306	0.00
2019-12-06	172.92	173.53	172.17	173.10	5495108	7081270	0.00
2019-12-09	175.35	178.80	175.03	177.87	9407966	7028810	0.00
2019-12-10	177.87	179.38	177.10	177.64	5515194	6915958	0.00
2019-12-11	177.64	179.54	177.57	179.54	6038014	6911716	0.00
2019-12-12	179.54	180.70	177.86	178.96	6630166	6896400	0.00
2019-12-13	178.96	179.61	177.17	178.28	6136456	6842656	0.00
2019-12-16	178.80	180.46	175.74	176.14	8773290	6769366	0.00
2019-12-17	176.14	176.22	174.55	175.28	5087736	6660666	0.00
2019-12-18	175.28	176.04	174.48	174.83	3948498	6539708	0.00
2019-12-19	174.83	177.26	174.24	176.59	5453212	6491870	0.00
2019-12-20	176.59	176.59	174.56	174.88	5176822	6228244	0.00
2019-12-23	176.98	177.42	175.51	176.20	5604624	6258046	0.00
2019-12-24	176.20	176.61	175.00	175.70	5228872	6238340	0.00
2019-12-25	175.70	176.10	174.26	174.28	3663438	6219620	0.00
2019-12-26	174.28	175.39	173.14	175.28	5191070	6085980	0.00
2019-12-27	175.28	176.66	174.61	175.72	4441490	6052776	0.00
2019-12-30	176.03	176.82	175.44	175.66	3821280	5967620	0.00
2019-12-31	175.66	177.31	175.39	176.57	4745856	5710930	0.00
2020-01-02	176.67	177.99	175.78	176.42	1865125	2826900	0.00
2020-01-03	176.42	178.05	176.36	177.09	1631331	2829102	0.00
2020-01-06	177.83	177.84	176.52	177.68	1715598	2795972	0.00
2020-01-07	177.90	178.26	177.32	177.93	1279674	2805473	0.00
2020-01-08	177.93	181.19	177.93	180.69	2135680	2876353	0.00
2020-01-09	180.69	180.70	176.49	176.55	2193196	2724290	0.00
2020-01-10	176.55	177.99	176.55	177.27	1220289	2739397	0.00
2020-01-13	176.88	177.31	175.77	175.80	1707739	2689961	0.00
2020-01-14	175.80	178.33	175.48	178.24	1634385	2725280	0.00
2020-01-15	178.24	178.56	176.66	176.66	1538994	2709275	0.00
2020-01-16	176.66	177.98	176.02	176.55	1779142	2739011	0.00
2020-01-17	176.55	179.18	176.55	178.78	1630941	2870692	0.00
2020-01-20	179.24	179.88	178.26	178.94	1239394	2856803	0.00
2020-01-21	178.94	178.96	176.89	177.66	1580991	2759049	0.00
2020-01-22	177.66	177.66	174.03	177.15	2178827	2681447	0.00
2020-01-23	177.15	177.15	172.53	173.20	1929876	2608309	0.00
2020-02-03	162.98	162.98	160.49	160.54	2053444	2676871	0.00
2020-02-04	160.54	163.72	157.10	162.08	2991136	2760118	0.00
2020-02-05	162.08	162.82	160.05	160.76	2204964	2984662	0.00
2020-02-06	160.76	162.74	160.11	162.26	2627899	3096398	0.00
2020-02-07	162.26	163.36	161.07	162.67	1876402	3207271	0.00
2020-02-10	162.02	162.52	160.62	161.81	1978289	3272405	0.00
2020-02-11	161.81	169.21	161.75	166.13	4602278	3295720	0.00
2020-02-12	166.13	168.20	166.13	167.84	2541228	3378948	0.00
2020-02-13	167.84	168.76	167.12	168.11	2368767	3513455	0.00
2020-02-14	168.11	168.87	166.99	168.81	2195671	3568154	0.00
2020-02-17	168.25	171.16	167.79	170.99	2701074	3753985	0.00
2020-02-18	170.99	171.62	169.39	170.10	2708573	3798554	0.00
2020-02-19	170.10	170.73	169.14	170.44	2045785	3834590	0.00
2020-02-20	170.44	175.10	170.36	173.97	3969759	3834380	0.00
2020-02-21	173.97	175.35	173.58	175.24	2942374	3943719	0.00
2020-02-24	175.29	176.33	173.32	174.89	3356219	3899001	0.00
2020-02-25	174.89	175.40	172.33	175.13	3104034	3832872	0.00
2020-02-26	175.13	175.13	171.46	171.82	3256119	3862983	0.00
2020-02-27	171.82	172.13	169.37	169.96	2780538	3867632	0.00
2020-02-28	169.96	169.96	165.29	166.09	4394600	3879320	0.00
2020-03-02	166.50	172.61	165.93	172.09	4224413	3874066	0.00
2020-03-03	172.09	174.24	171.19	171.40	2998848	3953257	0.00
2020-03-04	171.40	174.17	170.57	173.93	3445339	4017795	0.00
2020-03-05	173.93	175.15	173.48	174.07	2715618	4070886	0.00
2020-03-06	174.07	174.07	171.78	171.85	2653199	4024791	0.00
2020-03-09	169.01	170.91	166.79	170.81	4156876	3923863	0.00
2020-03-10	170.81	174.41	169.90	173.61	3387759	3901817	0.00
2020-03-11	173.61	175.31	172.94	172.94	3216548	3874537	0.00
2020-03-12	172.94	174.57	171.33	174.07	4067457	3826167	0.00
2020-03-13	174.07	175.99	170.25	175.96	5426333	3735323	0.00
2020-03-16	175.26	175.96	173.10	173.63	3292080	3688009	0.00
2020-03-17	173.63	174.63	172.15	174.38	3269852	3598326	0.00
2020-03-18	174.38	177.15	173.05	173.81	4573027	3619389	0.00
2020-03-19	173.81	174.17	163.82	172.25	8108582	3510817	0.00
2020-03-20	172.25	173.81	166.68	167.64	5336155	3446993	0.00
2020-03-23	167.17	167.17	160.64	161.07	4690846	3596939	0.00
2020-03-24	161.07	165.61	160.94	164.97	5195093	3478707	0.00
2020-03-25	164.97	167.84	164.87	166.67	4029027	3533645	0.00
2020-03-26	166.67	166.67	164.53	165.19	3275824	3578184	0.00
2020-03-27	165.19	166.34	164.36	164.79	2948260	3557360	0.00
2020-03-30	164.69	164.69	159.07	160.14	4055387	3701058	0.00
2020-03-31	160.14	161.54	159.62	159.98	2727860	3676853	0.00
2020-04-01	159.98	160.65	154.70	155.55	4284484	3956403	0.00
2020-04-02	155.55	159.32	151.79	158.74	5409049	3753573	0.00
2020-04-03	158.74	159.68	155.59	156.73	3254393	3646103	0.00
2020-04-07	157.03	158.04	155.52	156.76	3127693	3710025	0.00
2020-04-08	156.76	160.06	155.65	159.29	3558450	3605920	0.00
2020-04-09	159.29	162.55	159.29	162.16	3702947	3602683	0.00
2020-04-10	162.16	164.37	161.65	164.23	3288682	3497534	0.00
2020-04-13	164.79	165.92	163.03	164.15	3226400	3481999	0.00
2020-04-14	164.15	166.06	163.90	164.54	2982777	3492666	0.00
2020-04-15	164.54	165.87	163.50	164.35	2977255	3456459	0.00
2020-04-16	164.35	165.60	163.19	164.95	3414625	3358734	0.00
2020-04-17	164.95	167.58	164.53	165.37	3313971	3289415	0.00
2020-04-20	166.08	166.83	165.13	165.33	2349837	3309427	0.00
2020-04-21	165.33	165.33	161.50	162.50	3107974	3271469	0.00
2020-04-22	162.50	164.36	160.83	164.36	2894834	3320375	0.00
2020-04-23	164.36	164.98	161.76	162.16	2835890	3274481	0.00
2020-04-24	162.16	163.36	161.86	162.73	2377271	3199924	0.00
2020-04-27	162.73	163.37	161.23	161.52	2274037	3161231	0.00
2020-04-28	161.52	162.25	159.54	159.97	3236795	3177414	0.00
2020-04-29	159.97	160.93	159.64	160.23	1920381	3128130	0.00
2020-04-30	160.23	163.46	160.23	163.12	2573127	2996400	0.00
2020-05-06	163.92	164.80	163.47	164.11	1992615	2996403	0.00
2020-05-07	164.11	166.99	163.94	166.97	2598078	3205639	0.00
2020-05-08	166.97	169.38	166.97	168.35	2864047	3185768	0.00
2020-05-11	168.94	169.12	167.40	168.13	2444957	3229717	0.00
2020-05-12	168.13	169.13	167.53	169.13	1992549	3293143	0.00
2020-05-13	169.13	170.73	167.97	169.89	3097456	3324609	0.00
2020-05-14	169.89	170.78	169.26	169.96	2514403	3363821	0.00
2020-05-15	169.96	172.52	169.20	172.49	2953852	3410597	0.00
2020-05-18	172.97	178.42	172.97	176.66	3760394	3300850	0.00
2020-05-19	176.66	179.44	176.66	179.44	3051078	3363351	0.00
2020-05-20	179.44	179.44	177.55	177.94	2582271	3359274	0.00
2020-05-21	177.94	180.57	177.70	180.49	2701503	3369187	0.00
2020-05-22	180.49	182.23	177.61	177.96	4392161	3289604	0.00
2020-05-25	178.57	179.30	176.77	178.02	3291848	3254784	0.00
2020-05-26	178.02	178.49	175.24	175.65	3145712	3176883	0.00
2020-05-27	175.65	177.10	173.86	176.60	3376024	3216552	0.00
2020-05-28	176.60	177.92	175.93	177.47	2903651	3198977	0.00
2020-05-29	177.47	184.23	177.47	184.13	3934835	3396423	0.00
2020-06-01	183.00	187.04	183.00	184.17	4507292	3245235	0.00
2020-06-02	184.17	187.20	182.67	185.98	3935806	3382435	0.00
2020-06-03	185.98	186.51	184.17	185.00	3563382	3345572	0.00
2020-06-04	185.00	187.69	182.24	182.28	4334293	3293367	0.00
2020-06-05	182.28	183.92	181.74	183.46	2637059	3255751	0.00
2020-06-08	185.18	189.46	185.18	187.43	4144844	3270259	0.00
2020-06-09	187.43	187.43	184.57	186.21	3153014	3258181	0.00
2020-06-10	186.21	186.70	183.54	184.30	3008822	3329249	0.00
2020-06-11	184.30	186.53	183.65	184.75	3372204	3286089	0.00
2020-06-12	184.75	187.66	182.43	187.52	3917805	3420297	0.00
2020-06-15	188.52	188.52	183.85	184.51	3820016	3364803	0.00
2020-06-16	184.51	187.78	184.51	187.23	2517433	3417419	0.00
2020-06-17	187.23	188.49	184.86	185.43	3034699	3423114	0.00
2020-06-18	185.43	187.70	185.07	186.84	3930724	3512617	0.00
2020-06-19	186.84	189.13	186.84	188.26	3147610	3574949	0.00
2020-06-22	187.98	188.50	185.52	186.02	3084424	3568004	0.00
2020-06-23	186.02	186.72	185.19	185.70	2099745	3479593	0.00
2020-06-24	185.70	187.29	185.69	187.00	1972894	3368832	0.00
2020-06-29	186.84	186.84	181.71	181.96	2946830	3387467	0.00
2020-06-30	181.96	184.46	181.96	183.02	2250040	3436826	0.00
2020-07-01	183.02	183.86	180.93	182.59	2417386	3455048	0.00
2020-07-02	182.59	183.24	181.72	182.23	1906727	3526978	0.00
2020-07-03	182.23	184.50	182.23	184.19	2546648	3529426	0.00
2020-07-06	184.22	185.46	183.10	184.40	2422596	3495137	0.00
2020-07-07	184.40	187.64	184.31	186.54	2306789	3562143	0.00
2020-07-08	186.54	190.70	186.38	190.44	3006174	3707597	0.00
2020-07-09	190.44	192.85	190.16	191.14	2719325	3656212	0.00
2020-07-10	191.14	191.88	189.66	190.36	2520226	3642129	0.00
2020-07-13	194.38	196.70	193.40	195.38	3473123	3617444	0.00
2020-07-14	195.38	197.20	194.13	196.31	2491196	3617061	0.00
2020-07-15	196.31	197.51	194.49	196.27	2207928	3604318	0.00
2020-07-16	196.27	196.27	193.29	194.04	2934320	3566085	0.00
2020-07-17	194.04	195.11	191.99	194.62	2451456	3528034	0.00
2020-07-20	194.43	194.43	192.53	193.11	2330711	3562519	0.00
2020-07-21	193.11	197.38	192.91	196.91	2591347	3620137	0.00
2020-07-22	196.91	200.22	196.60	197.43	2763446	3650532	0.00
2020-07-23	197.43	199.14	196.44	198.63	2162906	3680760	0.00
2020-07-24	198.63	198.93	193.17	194.63	3321893	3595756	0.00
2020-07-27	195.56	195.56	191.86	192.52	2406819	3522255	0.00
2020-07-28	192.52	195.54	192.29	192.83	2264058	3508610	0.00
2020-07-29	194.06	196.65	193.66	196.18	2102812	3577787	0.00
2020-07-30	196.18	197.79	195.03	196.45	2128981	3605664	0.00
2020-07-31	196.45	197.93	193.17	197.82	2920870	3625955	0.00
2020-08-03	198.14	202.15	198.14	201.67	2844873	3717322	0.00
2020-08-04	201.67	203.75	201.67	203.16	1987811	3755353	0.00
2020-08-05	203.16	203.96	200.80	202.54	2203158	3720018	0.00
2020-08-06	202.54	206.35	202.54	204.88	2894563	3763044	0.00
2020-08-07	204.88	204.99	201.26	203.18	2841925	3679631	0.00
2020-08-10	202.17	203.65	201.07	202.84	2233586	3700074	0.00
2020-08-11	202.84	205.95	202.23	202.72	2737033	3676266	0.00
2020-08-12	202.72	203.54	200.36	203.26	2482341	3656493	0.00
2020-08-13	203.26	204.58	200.61	202.69	2580161	3643857	0.00
2020-08-14	202.69	204.18	201.79	203.97	2148008	3647735	0.00
2020-08-17	204.41	204.85	202.30	203.67	2669536	3654498	0.00
2020-08-18	203.67	206.79	203.67	206.76	2210285	3733977	0.00
2020-08-19	206.76	207.93	205.48	205.72	2754763	3635241	0.00
2020-08-20	205.72	206.30	203.59	204.51	2863366	3525316	0.00
2020-08-21	204.51	206.23	203.28	203.96	2468815	3485488	0.00
2020-08-24	204.12	204.61	202.45	202.58	1878127	3416422	0.00
2020-08-25	202.58	203.75	199.76	200.23	3017520	3415432	0.00
2020-08-26	200.23	201.29	199.37	201.25	2546703	3346903	0.00
2020-08-27	201.25	202.22	199.65	200.14	2293955	3356095	0.00
2020-08-28	200.14	202.27	199.00	202.17	2285425	3332736	0.00
2020-08-31	202.40	205.88	202.40	204.15	2822486	3322913	0.00
2020-09-01	204.15	205.31	203.84	204.67	1459999	3337096	0.00
2020-09-02	204.67	206.00	204.01	205.28	2167586	3332642	0.00
2020-09-03	205.28	207.63	205.24	205.70	2616597	3348267	0.00
2020-09-04	205.70	206.19	202.28	203.93	2601289	3256713	0.00
2020-09-07	205.06	205.57	201.94	202.94	2939815	3223458	0.00
2020-09-08	202.94	204.82	201.45	201.64	2320647	3211414	0.00
2020-09-09	201.64	202.72	197.42	197.47	3669682	3200757	0.00
2020-09-10	197.47	199.94	195.88	196.61	3095592	3216577	0.00
2020-09-11	196.61	199.24	196.27	199.04	2482452	3222646	0.00
2020-09-14	200.34	200.69	198.65	200.09	2442153	3216357	0.00
2020-09-15	200.09	201.02	196.03	196.03	3091304	3348454	0.00
2020-09-16	196.03	196.86	191.53	192.12	3809171	3402087	0.00
2020-09-17	192.12	192.62	190.62	191.27	3304591	3339198	0.00
2020-09-18	191.27	194.18	191.12	193.31	2986187	3277581	0.00
2020-09-21	193.15	193.54	188.15	188.82	3459360	3328482	0.00
2020-09-22	188.82	189.68	185.72	188.23	3169501	3267563	0.00
2020-09-23	188.23	189.61	185.32	187.75	3342891	3241443	0.00
2020-09-24	187.75	189.11	186.52	188.00	2742771	3208465	0.00
2020-09-25	188.00	188.35	186.08	187.16	3085940	3197532	0.00
2020-09-28	188.23	189.30	186.60	187.99	2922150	3127400	0.00
2020-09-29	187.99	188.91	186.38	188.86	2616261	3070859	0.00
2020-09-30	192.13	192.13	192.13	192.13	2862048	2857040	0.00
2020-10-09	192.50	196.91	192.50	196.48	1948374	2857549	0.00
2020-10-12	196.53	197.34	195.78	196.32	1993845	2919262	0.00
2020-10-13	196.32	196.59	193.96	194.73	2420097	2940481	0.00
2020-10-14	194.73	195.21	192.10	192.84	2404431	2993299	0.00
2020-10-15	192.84	193.30	189.97	190.84	2496792	3062759	0.00
2020-10-16	190.84	191.67	189.35	191.09	2491438	3088421	0.00
2020-10-19	192.76	193.22	188.64	190.29	3331108	3182718	0.00
2020-10-20	190.29	191.72	190.07	191.00	2311693	3168377	0.00
2020-10-21	191.00	193.06	190.42	192.97	2355863	3221325	0.00
2020-10-22	192.97	194.53	191.83	192.82	2449038	3209749	0.00
2020-10-23	192.82	194.23	190.05	190.10	3027131	3259748	0.00
2020-10-26	189.49	190.30	188.56	188.94	2666536	3317060	0.00
2020-10-27	188.94	190.47	188.94	189.87	1955184	3304572	0.00
2020-10-28	189.87	193.13	189.29	192.88	3061890	3281021	0.00
2020-10-29	192.88	192.88	191.00	192.04	2423974	3255216	0.00
2020-10-30	192.04	195.00	190.44	194.36	3193492	3276930	0.00
2020-11-02	194.06	195.63	193.73	195.31	2207936	3305165	0.00
2020-11-03	195.31	195.81	193.35	193.61	2133848	3310582	0.00
2020-11-04	193.61	195.72	193.61	194.41	2900420	3334676	0.00
2020-11-05	194.41	195.75	192.96	194.02	2591116	3314107	0.00
2020-11-06	194.02	195.99	194.02	195.42	2031532	3353315	0.00
2020-11-09	199.19	201.16	199.19	200.01	3312021	3360091	0.00
2020-11-10	200.01	202.09	198.96	199.34	2876481	3327837	0.00
2020-11-11	199.34	201.70	199.34	200.95	2046275	3352801	0.00
2020-11-12	200.95	202.63	199.66	200.13	2793026	3386738	0.00
2020-11-13	200.13	201.03	199.05	200.67	2593970	3386170	0.00
2020-11-16	199.86	202.15	198.82	202.13	3004229	3402409	0.00
2020-11-17	202.13	205.54	201.95	205.38	2885979	3491033	0.00
2020-11-18	205.38	205.92	204.09	205.13	1933391	3457948	0.00
2020-11-19	205.13	208.20	205.13	207.43	2555587	3484295	0.00
2020-11-20	207.43	209.12	206.75	208.96	2013500	3514207	0.00
2020-11-23	210.15	210.15	204.43	204.63	3265269	3360945	0.00
2020-11-24	204.63	206.40	204.61	205.71	1778656	3375995	0.00
2020-11-25	205.71	207.48	204.42	205.79	3061600	3350393	0.00
2020-11-26	205.79	208.85	205.79	208.49	2617176	3393537	0.00
2020-11-27	208.49	211.61	208.49	210.62	3234265	3466837	0.00
2020-11-30	210.24	212.45	209.25	211.08	3214983	3361709	0.00
2020-12-01	211.08	211.18	208.96	210.53	2197615	3325020	0.00
2020-12-02	210.53	214.29	210.53	214.27	2860550	3325472	0.00
2020-12-03	214.27	215.09	212.02	213.40	2881521	3334647	0.00
2020-12-04	213.40	217.68	211.25	217.52	3727255	3307806	0.00
2020-12-07	219.02	220.27	216.22	219.95	4830273	3259029	0.00
2020-12-08	219.95	222.48	218.22	218.95	4059862	3245052	0.00
2020-12-09	218.95	222.48	217.08	221.71	3869421	3341464	0.00
2020-12-10	225.87	230.08	225.33	228.68	4996147	3341566	0.00
2020-12-11	228.68	240.99	226.61	229.92	7828833	3097571	0.00
2020-12-14	232.09	232.09	225.71	226.91	4181611	3106852	0.00
2020-12-15	226.91	232.26	224.87	231.45	3715766	3149720	0.00
2020-12-16	231.45	235.06	230.41	233.92	4130116	3214629	0.00
2020-12-17	233.92	236.77	233.13	236.77	3454781	3236493	0.00
2020-12-18	236.77	245.83	236.44	245.82	4647945	3296406	0.00
2020-12-21	244.32	256.94	244.32	256.66	5565882	3255121	0.00
2020-12-22	256.66	260.81	244.38	246.24	7563685	3029579	0.00
2020-12-23	246.24	248.37	236.04	240.50	6246585	2969093	0.00
2020-12-24	240.50	245.31	239.23	240.96	4314748	2992249	0.00
2020-12-25	240.96	244.64	235.35	244.20	5063289	3029325	0.00
2020-12-28	243.75	243.75	235.51	236.51	4996234	2941843	0.00
2020-12-29	236.51	240.43	233.03	234.69	4775360	2893181	0.00
2020-12-30	234.69	235.27	228.24	233.09	5982506	2830429	0.00
2020-12-31	233.09	238.24	232.05	237.91	4335754	2847876	0.00
2021-01-04	236.39	239.96	233.40	238.77	2681702	2826587	0.00
2021-01-05	238.77	242.18	237.57	240.87	2713105	2900717	0.00
2021-01-06	240.87	243.77	237.08	240.38	3717308	2888668	0.00
2021-01-07	240.38	247.22	239.49	246.51	3659097	3046341	0.00
2021-01-08	246.51	249.14	244.12	247.28	3487143	3034248	0.00
2021-01-11	241.02	245.36	238.22	240.07	4789265	2915165	0.00
2021-01-12	240.07	241.14	234.37	240.05	3695379	2842254	0.00
2021-01-13	240.05	240.46	235.53	237.76	3163021	2839565	0.00
2021-01-14	237.76	240.17	235.43	239.48	2620890	2848865	0.00
2021-01-15	239.48	243.90	239.48	241.21	3462046	2939547	0.00
2021-01-18	240.15	245.14	239.79	243.94	2691619	2938511	0.00
2021-01-19	243.94	243.94	237.12	237.70	3265767	2922487	0.00
2021-01-20	237.70	240.92	236.22	239.76	2578609	2927142	0.00
2021-01-21	239.76	242.60	235.85	241.10	3632429	3041108	0.00
2021-01-22	241.10	242.78	236.50	237.58	2993984	2966452	0.00
2021-01-25	236.48	240.81	235.96	238.97	3784160	2966569	0.00
2021-01-26	238.97	241.37	236.77	236.82	2857441	2974523	0.00
2021-01-27	236.82	241.59	235.78	241.00	3247515	3116270	0.00
2021-01-28	241.00	241.00	231.77	232.34	3790434	2972759	0.00
2021-01-29	232.34	233.93	230.14	231.90	3252689	2915071	0.00
2021-02-01	232.58	232.60	228.66	228.92	2811339	2970756	0.00
2021-02-02	228.92	229.94	221.75	222.97	3204926	3032001	0.00
2021-02-03	222.97	226.25	222.38	224.96	2495617	2986146	0.00
2021-02-04	224.96	230.76	224.84	230.59	2593183	2915577	0.00
2021-02-05	230.59	234.37	229.51	233.35	2463649	2849651	0.00
2021-02-08	233.51	238.35	233.51	237.80	2354129	2865298	0.00
2021-02-09	237.80	243.71	236.91	243.24	2038607	2883281	0.00
2021-02-10	243.24	243.59	239.48	243.59	1710525	2783627	0.00
2021-02-18	245.24	253.04	245.24	252.55	1821350	2947514	0.00
2021-02-19	252.55	255.45	247.27	251.07	2683075	3040079	0.00
2021-02-22	251.81	262.01	251.81	255.86	3616976	3061179	0.00
2021-02-23	255.86	257.77	251.12	252.24	2604124	3090546	0.00
2021-02-24	252.24	255.34	249.55	255.28	2815040	3164105	0.00
2021-02-25	255.28	262.21	252.94	257.79	3753776	3192246	0.00
2021-02-26	257.79	261.72	254.42	259.11	3291059	3195613	0.00
2021-03-01	259.90	260.69	254.03	255.71	3718092	3170855	0.00
2021-03-02	255.71	259.80	254.03	259.74	3605869	3284164	0.00
2021-03-03	259.74	267.23	259.05	262.98	5008963	3352650	0.00
2021-03-04	262.98	266.24	261.82	264.67	3293469	3358421	0.00
2021-03-05	264.67	264.67	252.07	255.50	5135608	3211375	0.00
2021-03-08	257.92	263.43	257.92	258.76	3484661	3202017	0.00
2021-03-09	258.76	259.46	243.69	243.96	4519288	3191142	0.00
2021-03-10	243.96	246.39	242.16	243.86	3687390	3164746	0.00
2021-03-11	243.86	252.24	241.22	251.60	4433468	3202650	0.00
2021-03-12	251.60	255.81	247.85	249.78	4822112	3256625	0.00
2021-03-15	246.10	250.55	244.32	249.58	4325514	3369740	0.00
2021-03-16	249.58	251.89	245.82	248.46	4494138	3216139	0.00
2021-03-17	248.46	250.51	245.94	249.93	3381292	3291268	0.00
2021-03-18	249.93	252.55	248.29	251.04	4050078	3279985	0.00
2021-03-19	251.04	252.92	245.57	246.43	4810507	3326144	0.00
2021-03-22	250.84	251.35	243.22	244.79	5900739	3421054	0.00
2021-03-23	244.79	247.56	242.77	246.61	4919649	3483638	0.00
2021-03-24	246.61	249.62	243.53	249.41	4646873	3607910	0.00
2021-03-25	249.41	252.25	249.17	250.11	3984800	3492369	0.00
2021-03-26	250.11	255.50	247.99	255.31	4351494	3571858	0.00
2021-03-29	259.16	264.65	256.42	261.75	5340817	3619762	0.00
2021-03-30	261.75	261.85	258.01	260.47	3915895	3609648	0.00
2021-03-31	260.47	262.64	255.15	256.42	5438020	3532655	0.00
2021-04-01	256.42	263.40	255.25	261.59	4022591	3673432	0.00
2021-04-02	261.59	266.20	260.63	266.03	5343215	3818200	0.00
2021-04-06	266.22	268.74	264.12	265.39	2998650	3863750	0.00
2021-04-07	265.39	269.46	262.99	265.90	5839195	3844757	0.00
2021-04-08	265.90	266.63	261.60	264.13	4957222	3815622	0.00
2021-04-09	264.13	266.07	261.47	262.53	4362369	3747672	0.00
2021-04-12	264.21	264.21	257.53	261.97	5718740	3531670	0.00
2021-04-13	261.97	266.58	261.66	266.44	4041323	3621720	0.00
2021-04-14	266.44	267.85	264.26	265.38	3423007	3657000	0.00
2021-04-15	265.38	269.63	265.22	267.62	3862038	3660154	0.00
2021-04-16	267.62	270.75	266.31	268.01	4931178	3534734	0.00
2021-04-19	269.07	271.60	267.07	267.94	4147988	3486932	0.00
2021-04-20	267.94	274.38	267.94	273.42	3538585	3578767	0.00
2021-04-21	273.42	274.41	270.60	274.36	3399710	3641755	0.00
2021-04-22	274.36	276.76	272.65	274.74	4449329	3690310	0.00
2021-04-23	274.74	278.19	274.22	277.81	3413515	3792970	0.00
2021-04-26	282.45	289.41	282.45	285.06	5541960	3696357	0.00
2021-04-27	285.06	287.41	284.77	287.06	2715999	3629357	0.00
2021-04-28	287.06	287.25	279.98	282.94	3998777	3491339	0.00
2021-04-29	282.94	286.60	281.40	284.87	4597228	3601146	0.00
2021-04-30	284.87	286.48	277.23	278.44	4010987	3375963	0.00
2021-05-06	280.98	295.46	280.98	295.27	3155348	3411903	0.00
2021-05-07	295.27	301.54	295.05	300.80	3132793	3404113	0.00
2021-05-10	303.67	320.13	303.67	320.11	3436719	3182213	0.00
2021-05-11	320.11	327.44	313.13	322.92	6934168	2955119	0.00
2021-05-12	322.92	331.99	318.09	329.20	4903640	3103388	0.00
2021-05-13	329.20	329.20	303.69	309.12	6988032	3012102	0.00
2021-05-14	309.12	309.57	293.45	295.85	5488915	2917234	0.00
2021-05-17	291.31	298.26	289.52	294.05	6021078	2930727	0.00
2021-05-18	294.05	301.82	293.53	298.32	3558789	2980015	0.00
2021-05-19	298.32	299.03	282.65	283.91	5208440	2987821	0.00
2021-05-20	283.91	283.91	265.71	275.28	6478902	2880897	0.00
2021-05-21	275.28	278.20	268.53	268.80	4108968	2848427	0.00
2021-05-24	256.58	262.56	251.30	260.80	6678556	2924517	0.00
2021-05-25	260.80	262.58	257.34	258.51	4015036	2901069	0.00
2021-05-26	258.51	258.78	244.74	244.88	5750956	3146538	0.00
2021-05-27	244.88	255.92	243.10	254.32	5219488	3014928	0.00
2021-05-28	254.32	262.73	253.09	260.00	5496550	2977557	0.00
2021-05-31	265.67	269.04	262.23	265.80	5883824	2936337	0.00
2021-06-01	265.80	274.63	258.13	274.58	6089665	2936599	0.00
2021-06-02	274.58	277.11	268.97	270.47	4260409	2909637	0.00
2021-06-03	270.47	281.53	269.40	278.22	4707913	2986977	0.00
2021-06-04	278.22	281.56	271.64	275.16	5155164	3029922	0.00
2021-06-07	277.21	277.59	264.29	264.33	4212335	3051869	0.00
2021-06-08	264.33	268.21	262.09	267.79	3613899	3019355	0.00
2021-06-09	267.79	274.56	267.02	271.77	3201711	2982198	0.00
2021-06-10	271.77	278.43	271.77	275.50	3808388	3151785	0.00
2021-06-11	275.50	286.57	275.50	286.49	3423939	3073198	0.00
2021-06-15	286.40	286.40	273.72	279.22	3062330	2993374	0.00
2021-06-16	279.22	279.95	270.38	271.62	3230104	3046726	0.00
2021-06-17	271.62	277.16	268.17	276.71	3615452	3058781	0.00
2021-06-18	276.71	280.61	273.23	273.60	4372083	3043826	0.00
2021-06-21	273.65	273.65	260.67	260.70	3974018	3167144	0.00
2021-06-22	260.70	263.10	257.24	261.61	3425578	3226571	0.00
2021-06-23	261.61	267.30	258.98	265.24	3437075	3262642	0.00
2021-06-24	265.24	269.52	261.16	264.01	3157862	3172859	0.00
2021-06-25	264.01	271.40	263.67	270.19	3155072	3142181	0.00
2021-06-28	271.09	273.60	265.94	271.98	3014029	3158530	0.00
2021-06-29	271.98	275.02	266.11	267.17	3124852	3188201	0.00
2021-06-30	267.17	271.84	267.17	271.68	2791405	3290374	0.00
2021-07-01	271.68	275.27	270.41	271.37	2591338	3338907	0.00
2021-07-02	271.37	273.01	267.51	272.39	2974009	3339720	0.00
2021-07-05	272.08	278.93	271.22	278.72	2898997	3487147	0.00
2021-07-06	278.72	282.87	278.72	282.69	2650035	3591943	0.00
2021-07-07	282.69	289.20	279.68	289.10	3722546	3923077	0.00
2021-07-08	289.10	290.78	281.49	283.36	3774329	3963777	0.00
2021-07-09	283.36	284.73	278.65	282.35	3981954	4021151	0.00
2021-07-12	288.48	289.30	282.73	284.85	3492238	3983192	0.00
2021-07-13	284.85	288.84	283.78	288.84	2786796	3937984	0.00
2021-07-14	288.84	292.57	287.19	292.48	3111863	4011812	0.00
2021-07-15	292.48	295.21	288.36	293.40	3034230	3980114	0.00
2021-07-16	293.40	297.94	290.27	295.05	3545747	3968013	0.00
2021-07-19	298.34	298.34	292.23	292.86	3068655	3914905	0.00
2021-07-20	292.86	295.56	287.66	294.20	3255557	3919200	0.00
2021-07-21	294.20	295.96	287.30	287.86	2840986	3927713	0.00
2021-07-22	287.86	288.37	280.50	286.80	4541392	4165981	0.00
2021-07-23	286.80	287.91	284.85	286.53	2575470	4130015	0.00
2021-07-26	286.37	291.07	285.63	287.24	3314150	4130318	0.00
2021-07-27	287.24	290.40	280.67	282.24	3274591	4070268	0.00
2021-07-28	282.24	286.83	281.88	283.83	3042673	4040814	0.00
2021-07-29	283.83	286.58	280.93	286.14	3180466	4104714	0.00
2021-07-30	286.14	288.01	276.23	281.09	4224674	4223215	0.00
2021-08-02	270.92	274.32	269.04	271.80	6543747	3848968	0.00
2021-08-03	271.80	271.89	265.88	265.99	4201689	3681843	0.00
2021-08-04	265.99	273.31	265.21	273.05	4406533	3735328	0.00
2021-08-05	273.05	275.26	263.24	263.91	4680190	3691074	0.00
2021-08-06	263.91	267.62	261.66	264.64	3430055	3640542	0.00
2021-08-09	259.82	261.46	255.79	258.97	3880308	3654499	0.00
2021-08-10	258.97	262.97	256.56	262.88	3982863	3747326	0.00
2021-08-11	262.88	267.80	262.51	267.01	3571964	3761232	0.00
2021-08-12	267.01	267.01	259.50	259.50	3752244	3749369	0.00
2021-08-13	259.50	260.67	255.90	260.10	3767087	3703202	0.00
2021-08-16	261.37	262.35	254.69	257.39	4631105	3639238	0.00
2021-08-17	257.39	259.04	255.78	256.44	3010414	3629760	0.00
2021-08-18	256.44	257.04	247.81	248.39	5215630	3735293	0.00
2021-08-19	248.39	248.39	238.42	240.48	6085189	3758120	0.00
2021-08-20	240.48	245.56	234.37	244.06	4731332	3733848	0.00
2021-08-23	246.26	246.26	241.06	242.34	4273676	3671032	0.00
2021-08-24	242.34	251.88	242.34	251.65	4296048	3559310	0.00
2021-08-25	251.65	253.13	247.74	249.19	3545609	3493325	0.00
2021-08-26	249.19	253.41	245.78	245.83	4578476	3461342	0.00
2021-08-27	245.83	251.79	245.11	251.28	4164856	3412605	0.00
2021-08-30	254.26	256.44	253.01	254.93	4283401	3384372	0.00
2021-08-31	254.93	256.35	250.33	250.48	3362714	3372401	0.00
2021-09-01	250.48	250.48	243.27	244.70	4248833	3336958	0.00
2021-09-02	244.70	249.58	244.45	247.09	4912984	3279416	0.00
2021-09-03	247.09	254.09	245.29	253.41	4651353	3461954	0.00
2021-09-06	252.50	252.50	248.06	249.10	4469794	3584073	0.00
2021-09-07	249.10	254.06	249.10	253.10	3710892	3523698	0.00
2021-09-08	253.10	253.10	247.67	250.29	3996880	3448439	0.00
2021-09-09	250.29	256.48	247.90	254.08	4830174	3646405	0.00
2021-09-10	254.08	256.14	251.93	253.18	3897776	3680145	0.00
2021-09-13	255.34	258.06	248.86	250.16	4181950	3735539	0.00
2021-09-14	250.16	252.58	246.04	246.21	4719717	3562501	0.00
2021-09-15	246.21	247.62	242.30	244.71	5072254	3485339	0.00
2021-09-16	244.71	247.90	243.49	243.93	4906339	3491390	0.00
2021-09-17	243.93	245.16	236.87	237.87	5229196	3334322	0.00
2021-09-22	236.27	245.43	235.09	245.31	3934634	3425652	0.00
2021-09-23	245.31	247.44	240.65	242.43	4562828	3479764	0.00
2021-09-24	242.43	243.73	238.51	240.55	4906045	3349408	0.00
2021-09-27	243.82	246.68	243.47	244.65	4766016	3252299	0.00
2021-09-28	244.65	245.45	241.30	244.83	3625497	3206133	0.00
2021-09-29	244.83	247.47	243.88	247.19	3648900	3111568	0.00
2021-09-30	247.19	252.29	246.83	250.68	4121702	2920166	0.00
2021-10-08	251.38	258.36	251.38	256.49	2644703	2990339	0.00
2021-10-11	259.21	261.64	255.66	261.21	4109627	3176828	0.00
2021-10-12	261.21	261.67	251.11	251.44	4885723	3119253	0.00
2021-10-13	251.44	254.24	240.88	245.52	6114916	3035500	0.00
2021-10-14	245.52	250.04	243.41	247.37	3845710	3046746	0.00
2021-10-15	247.37	250.23	244.63	248.08	3459995	3085796	0.00
2021-10-18	242.71	247.25	239.03	243.95	4934967	3123175	0.00
2021-10-19	243.95	248.43	241.36	246.54	3977585	3185251	0.00
2021-10-20	246.54	246.78	239.70	239.70	5202501	3268480	0.00
2021-10-21	239.70	244.47	222.90	224.40	6888281	3583690	0.00
2021-10-22	224.40	229.18	221.20	227.15	7555094	3672832	0.00
2021-10-25	229.16	230.41	223.68	223.74	5633629	3928387	0.00
2021-10-26	223.74	229.05	222.27	227.59	5473987	4028478	0.00
2021-10-27	227.59	230.18	215.86	219.75	7317288	4144951	0.00
2021-10-28	219.75	224.88	207.34	219.01	9173881	4000894	0.00
2021-10-29	219.01	219.26	209.89	212.69	6347926	4141200	0.00
2021-11-01	212.37	212.69	204.86	205.67	5618864	4423091	0.00
2021-11-02	205.67	207.99	191.59	192.94	7387793	4559023	0.00
2021-11-03	192.94	203.00	192.94	200.93	6377926	4473799	0.00
2021-11-04	200.93	201.15	191.47	194.78	6396451	4675811	0.00
2021-11-05	194.78	195.28	188.95	192.41	6049727	4676947	0.00
2021-11-08	197.37	197.37	190.35	194.29	5748728	4690578	0.00
2021-11-09	194.29	195.50	188.78	190.41	5356275	4842107	0.00
2021-11-10	190.41	190.41	178.79	186.21	7907372	4843224	0.00
2021-11-11	186.21	197.68	185.74	196.63	7907610	4696720	0.00
2021-11-12	196.63	196.63	189.08	189.33	7056356	4845721	0.00
2021-11-15	188.40	190.01	184.56	185.37	7334427	4981971	0.00
2021-11-16	185.37	190.02	184.55	184.58	5916316	5067942	0.00
2021-11-17	184.58	186.80	182.34	184.98	6479778	5196965	0.00
2021-11-18	184.98	185.62	178.92	179.00	6299449	5413012	0.00
2021-11-19	179.00	188.38	177.87	186.41	8103341	5296208	0.00
2021-11-22	189.33	189.41	184.88	187.38	7022433	5352322	0.00
2021-11-23	187.38	196.15	187.38	190.69	7615562	5296235	0.00
2021-11-24	190.69	200.44	190.69	199.98	7358199	5145170	0.00
2021-11-25	199.98	202.65	197.64	199.79	5870882	5074031	0.00
2021-11-26	199.79	199.79	192.78	192.87	6023182	5275596	0.00
2021-11-29	194.84	199.61	194.38	197.30	5343821	5159286	0.00
2021-11-30	197.30	200.52	193.60	197.29	5253536	5201742	0.00
2021-12-01	197.29	204.14	197.29	203.30	5439984	5158400	0.00
2021-12-02	203.47	205.23	200.48	200.72	5444866	5195499	0.00
2021-12-03	200.72	203.46	199.25	203.21	5334065	5245163	0.00
2021-12-06	205.23	206.04	200.88	202.13	4467132	5184844	0.00
2021-12-07	202.13	211.46	202.13	209.07	5086647	5185576	0.00
2021-12-08	209.07	210.95	205.82	205.90	4746786	5222588	0.00
2021-12-09	205.90	206.55	200.97	202.17	5121510	5151141	0.00
2021-12-10	202.17	203.06	200.18	202.10	4230670	5071952	0.00
2021-12-13	201.74	208.21	201.33	207.80	4557474	5146258	0.00
2021-12-14	207.80	208.63	204.73	205.88	3445729	5031772	0.00
2021-12-15	205.88	209.59	205.24	207.42	3900470	5125856	0.00
2021-12-16	207.42	212.74	207.42	212.40	3536259	5095403	0.00
2021-12-17	212.40	215.34	210.90	211.65	3550222	5027146	0.00
2021-12-20	214.86	216.05	209.59	209.96	4291179	5021865	0.00
2021-12-21	209.96	214.02	209.89	212.08	4330325	5036389	0.00
2021-12-22	212.08	213.53	208.56	210.00	3533620	4995876	0.00
2021-12-23	210.00	211.33	207.50	210.92	3561390	5045114	0.00
2021-12-24	210.92	214.57	210.92	213.87	3477621	5061686	0.00
2021-12-27	210.44	210.44	204.13	204.55	4447529	5118063	0.00
2021-12-28	204.55	206.46	203.36	204.26	3406797	4925835	0.00
2021-12-29	204.26	205.07	201.02	203.42	3553629	4838501	0.00
2021-12-30	203.42	206.59	201.98	202.84	3798882	4796519	0.00
2021-12-31	202.84	205.43	201.99	204.08	2967798	4643171	0.00
2022-01-04	204.08	207.80	202.30	207.64	2503180	4652209	0.00
2022-01-05	207.64	210.19	207.10	209.99	2685640	4627981	0.00
2022-01-06	209.99	214.06	209.99	213.97	2960751	4666834	0.00
2022-01-07	213.97	215.39	212.00	215.26	2728227	4610920	0.00
2022-01-10	213.69	214.76	211.11	212.23	2592016	4527968	0.00
2022-01-11	212.23	217.49	212.23	217.38	3064221	4698814	0.00
2022-01-12	217.38	220.23	216.89	219.96	2256008	4661416	0.00
2022-01-13	219.96	223.23	218.91	218.93	2925155	4645658	0.00
2022-01-14	218.93	221.09	217.12	219.52	2472921	4557321	0.00
2022-01-17	216.88	217.14	213.02	214.40	3344523	4507793	0.00
2022-01-18	214.40	216.96	213.16	216.71	2295124	4440273	0.00
2022-01-19	216.71	223.69	216.71	222.31	3282031	4473572	0.00
2022-01-20	222.31	224.30	221.17	222.94	2419927	4440230	0.00
2022-01-21	222.94	226.09	222.20	224.25	2674378	4435627	0.00
2022-01-24	225.45	227.76	221.24	221.39	3078389	4407772	0.00
2022-01-25	221.39	225.82	220.35	225.77	2458744	4287337	0.00
2022-01-26	225.77	226.88	222.07	225.50	2614045	4199792	0.00
2022-01-27	225.50	227.25	223.03	224.45	2662927	4081586	0.00
2022-01-28	224.45	234.57	224.45	234.57	2603278	4005966	0.00
2022-02-07	232.74	235.92	230.94	234.39	1690112	4012810	0.00
2022-02-08	234.39	239.96	234.39	237.15	2727840	4132107	0.00
2022-02-09	237.15	237.34	230.20	230.97	3034932	4204194	0.00
2022-02-10	230.97	238.26	230.90	237.77	2916616	4341710	0.00
2022-02-11	237.77	242.80	234.87	234.97	3165761	4458789	0.00
2022-02-14	229.70	232.82	227.95	228.96	3962947	4431873	0.00
2022-02-15	228.96	228.96	217.07	218.82	4422871	4500473	0.00
2022-02-16	218.82	224.36	218.82	223.81	3049096	4522741	0.00
2022-02-17	223.81	223.89	215.93	216.44	4130828	4698903	0.00
2022-02-18	216.44	220.06	214.39	219.33	3237479	4639845	0.00
2022-02-21	220.07	222.99	217.29	222.98	3291660	4698631	0.00
2022-02-22	222.98	224.91	217.30	217.51	3309101	4724599	0.00
2022-02-23	217.51	223.08	217.51	220.92	3107607	4747492	0.00
2022-02-24	220.92	222.90	216.31	217.11	4222135	4903774	0.00
2022-02-25	217.11	218.89	209.67	214.52	4476707	4991999	0.00
2022-02-28	216.35	220.37	216.35	220.37	3576543	4890799	0.00
2022-03-01	220.37	228.19	220.37	227.76	3728175	4924630	0.00
2022-03-02	227.76	232.13	227.12	230.46	3481984	4937940	0.00
2022-03-03	230.46	239.42	230.35	236.47	4693450	4942657	0.00
2022-03-04	236.47	241.87	234.26	237.61	4371057	4894873	0.00
2022-03-07	241.17	248.64	241.17	248.56	4539505	4815698	0.00
2022-03-08	248.56	248.56	236.50	241.35	5214353	4570068	0.00
2022-03-09	241.35	242.19	235.84	236.14	3611831	4504816	0.00
2022-03-10	236.14	237.62	228.98	234.91	4086049	4464275	0.00
2022-03-11	234.91	239.61	232.80	237.33	3285435	4462562	0.00
2022-03-14	234.68	234.68	225.84	225.90	4286873	4540494	0.00
2022-03-15	225.90	230.56	223.29	225.92	4294865	4538293	0.00
2022-03-16	225.92	235.09	224.27	235.03	3477123	4621558	0.00
2022-03-17	235.03	236.97	233.20	235.28	3113216	4666252	0.00
2022-03-18	235.28	239.53	235.28	239.36	2564836	4667213	0.00
2022-03-21	239.86	240.90	236.22	238.95	3198217	4733496	0.00
2022-03-22	238.95	240.09	236.25	236.36	2450198	4745421	0.00
2022-03-23	236.36	240.08	233.65	240.00	3045132	4845599	0.00
2022-03-24	240.00	241.89	238.18	238.80	2916762	4767867	0.00
2022-03-25	238.80	245.56	238.80	245.22	3042033	4808122	0.00
2022-03-28	247.20	250.22	244.76	248.74	3444009	4796129	0.00
2022-03-29	248.74	249.76	246.38	247.48	2815015	4736209	0.00
2022-03-30	247.48	250.90	242.46	250.76	3213587	4604604	0.00
2022-03-31	250.76	254.31	247.47	251.15	3493094	4461773	0.00
2022-04-01	251.15	256.93	250.10	256.89	2865194	4498730	0.00
2022-04-06	256.14	259.29	253.10	255.84	2194762	4479710	0.00
2022-04-07	255.84	257.32	250.07	252.02	3121105	4446769	0.00
2022-04-08	252.02	255.57	247.56	252.18	3480367	4406210	0.00
2022-04-11	248.99	248.99	242.34	242.97	3571709	4371402	0.00
2022-04-12	242.97	252.57	242.97	252.57	3223781	4429329	0.00
2022-04-13	252.57	252.93	245.56	245.67	3563823	4438987	0.00
2022-04-14	245.67	251.06	245.29	249.61	3197062	4388906	0.00
2022-04-15	249.61	253.88	249.61	252.23	2617001	4398389	0.00
2022-04-18	252.04	254.30	250.13	252.79	3151957	4451099	0.00
2022-04-19	252.79	255.20	248.02	248.48	4017730	4470747	0.00
2022-04-20	248.48	254.83	248.48	251.83	3166682	4526378	0.00
2022-04-21	251.83	253.53	248.31	250.32	3110175	4428414	0.00
2022-04-22	250.32	251.57	245.19	245.35	3012666	4382853	0.00
2022-04-25	239.02	239.02	230.96	231.44	4865464	4322663	0.00
2022-04-26	231.44	236.72	229.46	233.89	3287861	4247462	0.00
2022-04-27	233.89	238.24	233.70	236.46	3409594	4248391	0.00
2022-04-28	236.46	239.16	233.97	238.63	3426953	4222526	0.00
2022-04-29	238.63	242.76	236.48	242.01	2957257	4068891	0.00
2022-05-05	241.07	244.55	239.84	242.62	2032234	4086575	0.00
2022-05-06	242.62	243.99	232.00	232.24	3576259	4454585	0.00
2022-05-09	231.51	231.51	226.49	227.91	3810581	4569220	0.00
2022-05-10	227.91	227.91	219.17	223.47	3825856	4634004	0.00
2022-05-11	223.47	231.75	223.47	229.77	2994580	4586664	0.00
2022-05-12	229.77	232.76	224.60	225.57	3614548	4609677	0.00
2022-05-13	225.57	230.26	222.38	229.56	3218784	4586901	0.00
2022-05-16	230.01	231.62	225.86	230.85	3553497	4667433	0.00
2022-05-17	230.85	232.89	228.67	229.89	2617261	4594573	0.00
2022-05-18	229.89	230.96	226.25	226.45	2121189	4697028	0.00
数据来源:通达信
