T011 材料综合 日线 前复权
      日期	    开盘	    最高	    最低	    收盘	    成交量	    持仓量	    结算价
2015-07-30	92.63	92.68	92.52	92.57	164722	187560	0.00
2015-07-31	92.57	92.98	92.30	92.82	184094	171670	0.00
2015-08-03	92.82	93.19	92.82	93.03	50276	168790	0.00
2015-08-05	93.59	94.65	93.38	94.39	143526	153772	0.00
2015-08-06	94.39	94.51	93.75	94.35	109634	155782	0.00
2015-08-07	94.35	94.69	93.89	94.63	206630	164292	0.00
2015-08-10	94.63	94.90	94.47	94.74	99470	176862	0.00
2015-08-11	91.32	91.89	91.11	91.35	228288	187098	0.00
2015-08-12	91.35	92.64	90.98	92.20	300086	202486	0.00
2015-08-13	92.20	92.47	91.86	92.46	273404	194756	0.00
2015-08-14	92.46	92.51	91.83	91.83	158770	186060	0.00
2015-08-17	91.83	92.10	91.83	91.99	37356	184064	0.00
2015-08-18	90.82	91.20	90.14	90.19	175546	149874	0.00
2015-08-19	90.19	90.61	89.37	90.56	248698	176990	0.00
2015-08-20	90.56	90.77	89.70	89.78	304118	179672	0.00
2015-08-21	89.78	90.39	88.91	89.89	242940	179914	0.00
2015-08-24	89.19	89.19	89.19	89.19	104418	173152	0.00
2015-08-25	86.99	89.30	86.45	88.97	301276	142556	0.00
2015-08-26	88.97	90.78	88.97	89.96	224462	146990	0.00
2015-08-27	89.96	90.47	89.13	90.17	199738	140548	0.00
2015-08-28	90.17	91.47	89.33	89.82	338018	142842	0.00
2015-08-31	89.82	89.82	89.28	89.50	95452	137716	0.00
2015-09-01	86.41	86.78	85.00	85.51	397108	180922	0.00
2015-09-02	85.51	85.99	85.29	85.46	210130	162066	0.00
2015-09-07	85.30	86.24	84.93	85.27	278128	200104	0.00
2015-09-08	85.27	85.65	84.41	84.78	208212	190094	0.00
2015-09-09	84.78	85.69	83.14	83.20	393794	170900	0.00
2015-09-10	83.20	83.63	82.94	83.55	223762	175552	0.00
2015-09-11	83.55	83.82	82.83	82.94	262198	188644	0.00
2015-09-14	82.94	83.26	82.89	83.10	75942	181768	0.00
2015-09-15	84.60	84.92	82.43	82.54	184090	191308	0.00
2015-09-16	82.54	87.58	81.38	87.58	248780	181006	0.00
2015-09-17	87.58	89.25	87.42	88.36	293624	187802	0.00
2015-09-18	88.36	89.91	88.14	89.59	175442	188692	0.00
2015-09-21	89.48	89.48	89.48	89.48	57828	191796	0.00
2015-09-22	90.12	90.35	89.73	89.88	199212	200350	0.00
2015-09-23	89.88	90.80	89.45	90.24	232784	212850	0.00
2015-09-24	90.24	90.35	89.59	89.81	512714	328376	0.00
2015-09-25	89.81	91.20	89.71	91.20	337574	291952	0.00
2015-09-28	91.20	91.31	89.96	90.01	190410	293330	0.00
2015-09-29	90.01	90.28	87.47	89.77	300262	278978	0.00
2015-09-30	89.77	92.64	89.27	90.49	135812	257394	0.00
2015-10-08	90.97	91.43	87.22	91.37	210262	222792	0.00
2015-10-09	91.37	92.24	90.18	90.18	269578	206666	0.00
2015-10-12	90.18	90.23	89.80	89.86	69232	213574	0.00
2015-10-13	90.38	90.54	89.87	89.94	186836	237370	0.00
2015-10-14	89.94	90.35	89.57	89.96	267572	269072	0.00
2015-10-15	89.96	90.75	89.96	90.17	170158	264604	0.00
2015-10-16	90.17	90.95	90.17	90.82	202400	271654	0.00
2015-10-19	90.82	91.20	90.82	91.09	96512	270212	0.00
2015-10-20	91.31	91.79	91.02	91.33	282778	277000	0.00
2015-10-21	91.33	92.49	91.07	92.22	573012	341040	0.00
2015-10-22	92.22	93.29	92.06	92.65	951240	403540	0.00
2015-10-23	92.65	93.18	92.17	93.07	515816	405082	0.00
2015-10-26	93.07	93.07	92.64	93.07	176850	413136	0.00
2015-10-27	92.57	92.89	91.16	92.00	622222	495494	0.00
2015-10-28	92.00	93.59	91.68	92.66	458970	514594	0.00
2015-10-29	92.66	92.82	91.85	92.01	481560	507304	0.00
2015-10-30	92.01	93.08	91.81	92.65	627836	543616	0.00
2015-11-02	92.65	92.71	92.39	92.44	169868	545744	0.00
2015-11-03	92.38	94.10	92.22	93.99	487324	557292	0.00
2015-11-04	93.99	95.01	92.02	92.18	1036376	588052	0.00
2015-11-05	92.18	92.50	91.05	91.32	948492	513812	0.00
2015-11-06	91.32	91.92	91.11	91.87	611072	534764	0.00
2015-11-09	91.87	91.92	91.65	91.87	127048	540688	0.00
2015-11-10	91.71	91.81	89.18	89.37	538000	544456	0.00
2015-11-11	89.37	89.42	89.00	89.07	387594	543850	0.00
2015-11-12	89.07	90.09	88.43	89.45	1004636	541324	0.00
2015-11-13	89.45	91.48	88.47	91.48	838352	526348	0.00
2015-11-16	91.58	91.58	91.58	91.58	166500	534236	0.00
2015-11-17	91.16	92.34	89.18	92.34	811702	506506	0.00
2015-11-18	92.34	92.39	91.96	92.12	495148	517060	0.00
2015-11-19	92.12	92.18	90.84	91.16	928820	482050	0.00
2015-11-20	91.16	91.53	90.57	91.11	690842	456100	0.00
2015-11-23	91.11	91.53	90.89	91.53	177358	456682	0.00
2015-11-24	87.63	89.54	85.13	88.98	717846	434378	0.00
2015-11-25	89.89	89.89	89.89	89.89	792172	425030	0.00
2015-11-26	89.89	90.10	87.52	87.63	862274	304564	0.00
2015-11-27	87.63	88.06	87.47	88.00	328318	325368	0.00
2015-11-30	88.00	88.11	87.68	87.79	107248	335666	0.00
2015-12-01	87.58	88.91	87.31	88.46	355962	317552	0.00
2015-12-02	88.46	89.05	86.48	88.12	686708	306606	0.00
2015-12-03	88.12	88.23	87.64	87.96	340544	307850	0.00
2015-12-04	87.96	88.28	87.32	87.48	342980	273374	0.00
2015-12-07	87.48	87.75	87.27	87.32	106394	274664	0.00
2015-12-08	85.84	85.84	85.36	85.36	226224	270772	0.00
2015-12-09	85.36	85.63	84.99	85.58	351722	262938	0.00
2015-12-10	85.58	87.22	85.31	86.82	285534	263802	0.00
2015-12-11	86.82	87.54	86.82	87.54	288840	280958	0.00
2015-12-14	87.33	87.33	87.33	87.33	69280	278782	0.00
2015-12-15	89.47	90.16	87.51	88.05	441396	311304	0.00
2015-12-16	88.05	88.27	87.89	88.11	160168	305972	0.00
2015-12-17	88.11	88.43	87.84	87.89	239772	297954	0.00
2015-12-18	87.89	88.43	86.34	86.39	196816	299830	0.00
2015-12-21	86.39	86.45	86.07	86.23	94890	311644	0.00
2015-12-22	86.61	87.22	86.23	87.22	339192	351690	0.00
2015-12-23	87.22	87.22	86.79	86.85	206078	330792	0.00
2015-12-24	86.85	87.27	86.85	87.22	173614	323656	0.00
2015-12-25	87.22	87.49	84.53	84.58	239240	323522	0.00
2015-12-28	84.58	84.69	84.42	84.58	49766	325200	0.00
2015-12-29	84.10	84.79	83.94	84.79	275968	298682	0.00
2015-12-30	84.79	87.99	84.63	87.73	243062	300462	0.00
2015-12-31	87.73	88.10	87.31	87.47	243282	287680	0.00
2016-01-04	87.88	88.20	87.35	87.40	230344	287624	0.00
2016-01-05	87.40	87.67	84.62	84.79	190732	283416	0.00
2016-01-06	84.79	84.89	84.36	84.46	182952	284396	0.00
2016-01-07	84.46	84.84	84.36	84.84	220658	284572	0.00
2016-01-08	84.84	85.75	84.68	85.37	656146	365204	0.00
2016-01-11	85.37	85.43	85.16	85.37	67616	367052	0.00
2016-01-12	85.00	85.16	84.57	84.84	375330	298250	0.00
2016-01-13	84.84	85.00	84.68	84.79	203962	291142	0.00
2016-01-14	84.79	85.00	84.41	84.95	289058	279078	0.00
2016-01-15	84.95	85.32	84.89	85.11	207990	291886	0.00
2016-01-18	85.11	85.48	85.00	85.37	130088	313746	0.00
2016-01-19	86.12	86.39	85.91	86.39	315614	375148	0.00
2016-01-20	86.39	86.44	86.02	86.07	211254	359516	0.00
2016-01-21	86.07	86.44	85.96	86.28	200390	370218	0.00
2016-01-22	86.28	87.09	86.23	86.82	469848	391490	0.00
2016-01-25	86.77	86.77	86.77	86.77	63258	383252	0.00
2016-01-26	86.23	86.55	86.07	86.18	172310	309752	0.00
2016-01-27	86.18	86.71	86.18	86.55	165978	309964	0.00
2016-01-28	86.55	86.60	86.07	86.18	139044	304508	0.00
2016-01-29	86.18	86.34	85.75	85.96	204338	280466	0.00
2016-02-01	85.96	86.28	85.96	86.18	49872	277814	0.00
2016-02-02	85.91	85.96	85.53	85.91	141324	254552	0.00
2016-02-03	85.91	86.12	85.75	85.96	105228	238408	0.00
2016-02-04	85.96	86.71	85.91	86.71	143564	225088	0.00
2016-02-05	86.71	86.71	86.28	86.60	79854	210556	0.00
2016-02-15	86.71	87.03	86.44	86.93	99046	226488	0.00
2016-02-16	86.93	86.93	86.55	86.55	93650	238092	0.00
2016-02-17	86.55	87.73	86.44	87.73	295934	285708	0.00
2016-02-18	87.73	88.00	87.51	87.78	237362	305006	0.00
2016-02-19	87.78	88.32	87.62	87.94	267296	294224	0.00
2016-02-22	88.37	88.37	88.37	88.37	73872	298190	0.00
2016-02-23	88.74	88.96	88.10	88.53	238326	262748	0.00
2016-02-24	88.53	88.85	88.26	88.85	180748	259284	0.00
2016-02-25	88.85	89.82	88.69	89.28	398342	275258	0.00
2016-02-26	89.28	89.76	88.74	89.65	304614	275254	0.00
2016-02-29	89.65	89.65	89.28	89.28	83532	266956	0.00
2016-03-01	89.49	90.24	89.33	90.14	316150	279654	0.00
2016-03-02	90.14	90.24	89.82	90.08	234866	270248	0.00
2016-03-03	90.08	90.46	89.65	89.76	244156	264282	0.00
2016-03-04	89.76	90.24	89.76	90.08	238180	259900	0.00
2016-03-07	90.08	92.06	90.03	91.79	244566	266898	0.00
2016-03-08	92.06	94.90	91.21	92.60	1808458	237436	0.00
2016-03-09	92.60	93.08	91.42	92.49	538822	220996	0.00
2016-03-10	92.49	93.61	91.69	91.74	516802	231060	0.00
2016-03-11	91.74	92.33	91.58	91.79	247418	219408	0.00
2016-03-14	91.79	92.12	91.63	92.06	61082	222142	0.00
2016-03-15	91.74	91.96	90.94	91.15	371448	201306	0.00
2016-03-16	91.15	91.42	90.72	91.10	242994	199954	0.00
2016-03-17	91.10	91.79	90.51	90.89	426988	217732	0.00
2016-03-18	90.89	92.44	90.78	91.69	668444	249298	0.00
2016-03-21	91.69	91.79	91.05	91.47	154772	240358	0.00
2016-03-22	90.94	91.15	90.51	90.62	381594	239946	0.00
2016-03-23	90.62	91.58	90.62	90.78	317716	227970	0.00
2016-03-24	90.78	90.99	89.82	89.87	416626	198852	0.00
2016-03-25	89.87	90.19	89.44	89.98	283628	181462	0.00
2016-03-28	89.98	90.30	89.87	89.98	76972	181400	0.00
2016-03-29	89.71	90.14	89.60	89.82	154836	179528	0.00
2016-03-30	89.82	90.46	89.71	90.35	203540	185764	0.00
2016-03-31	90.35	90.46	89.98	90.30	134486	177516	0.00
2016-04-01	90.30	90.78	90.02	90.02	214374	181082	0.00
2016-04-05	89.97	90.29	87.09	90.29	140076	176034	0.00
2016-04-06	90.29	90.83	88.89	90.83	227932	185608	0.00
2016-04-07	90.83	91.84	90.83	91.63	320418	204594	0.00
2016-04-08	91.63	91.74	91.31	91.57	251968	192798	0.00
2016-04-11	91.95	91.95	91.95	91.95	93888	199922	0.00
2016-04-12	92.11	93.77	92.11	93.72	413518	221834	0.00
2016-04-13	93.72	94.46	92.97	93.39	562416	212032	0.00
2016-04-14	93.39	93.66	93.02	93.55	298716	210910	0.00
2016-04-15	93.55	95.16	93.55	93.72	860390	233814	0.00
2016-04-18	93.72	93.98	93.23	93.98	157978	236050	0.00
2016-04-19	94.30	95.53	94.04	95.00	533938	224880	0.00
2016-04-20	95.00	95.91	94.68	95.70	549236	206476	0.00
2016-04-21	95.70	97.35	95.21	96.77	600458	194136	0.00
2016-04-22	96.77	96.98	95.00	95.11	455736	174778	0.00
2016-04-25	95.11	96.93	95.11	95.70	205214	176762	0.00
2016-04-26	95.86	96.44	94.41	94.79	381562	166512	0.00
2016-04-27	94.79	95.00	93.82	94.25	340702	168920	0.00
2016-04-28	94.25	94.57	93.93	93.98	219678	162956	0.00
2016-04-29	93.98	94.89	93.87	94.25	265448	161048	0.00
2016-05-03	94.41	94.41	91.73	92.38	327944	172672	0.00
2016-05-04	92.38	92.64	92.05	92.43	208448	169960	0.00
2016-05-05	92.43	92.70	92.00	92.05	199298	176842	0.00
2016-05-06	92.05	92.32	90.88	91.47	299490	186036	0.00
2016-05-09	91.47	92.43	91.20	92.38	109000	188862	0.00
2016-05-10	90.66	91.20	90.40	91.04	306800	215894	0.00
2016-05-11	91.04	92.00	91.04	91.89	302546	223272	0.00
2016-05-12	91.89	92.64	91.63	91.78	282358	221182	0.00
2016-05-13	91.78	92.64	90.66	91.41	558854	219382	0.00
2016-05-16	91.41	92.10	91.14	92.00	153412	218878	0.00
2016-05-17	94.09	94.52	93.50	94.20	340336	225544	0.00
2016-05-18	94.20	94.47	93.13	93.18	366792	211052	0.00
2016-05-19	93.18	93.50	92.81	93.29	306956	212332	0.00
2016-05-20	93.29	94.31	92.97	94.15	335760	212652	0.00
2016-05-23	93.56	93.56	93.56	93.56	113918	213402	0.00
2016-05-24	92.33	92.65	91.74	92.27	404972	232552	0.00
2016-05-25	92.27	92.59	91.95	92.38	321962	233330	0.00
2016-05-26	92.38	93.29	92.22	93.24	330342	229430	0.00
2016-05-27	93.24	94.04	92.76	93.99	418590	220454	0.00
2016-05-30	93.99	94.31	93.77	94.25	140444	222420	0.00
2016-05-31	95.48	97.14	95.48	96.71	641184	274666	0.00
2016-06-01	96.71	97.30	96.23	96.93	582102	303376	0.00
2016-06-02	96.93	97.84	95.64	95.97	994298	349592	0.00
2016-06-03	95.97	96.50	95.38	96.02	875250	342466	0.00
2016-06-06	96.02	96.29	95.75	95.97	193104	341514	0.00
2016-06-07	94.31	94.96	94.05	94.37	496838	311512	0.00
2016-06-08	94.37	94.69	93.83	94.42	306692	293838	0.00
2016-06-13	94.05	96.62	94.05	96.62	320826	310052	0.00
2016-06-14	96.62	96.78	95.01	95.09	444148	294440	0.00
2016-06-15	95.09	95.36	94.72	95.31	332880	288196	0.00
2016-06-16	95.31	95.58	93.87	93.92	400528	279446	0.00
2016-06-17	93.92	96.18	93.12	96.07	532246	244688	0.00
2016-06-20	96.07	96.66	95.80	96.55	120616	248926	0.00
2016-06-21	98.72	99.63	98.67	99.43	343650	256696	0.00
2016-06-22	99.43	99.70	99.00	99.38	379570	268888	0.00
2016-06-23	99.38	101.66	99.11	101.34	432936	280844	0.00
2016-06-24	101.34	102.56	101.13	101.92	395328	250462	0.00
2016-06-27	101.92	102.40	101.92	102.40	71746	250830	0.00
2016-06-28	102.85	102.85	100.67	100.67	339094	303986	0.00
2016-06-29	100.67	102.76	99.90	102.76	379540	315206	0.00
2016-06-30	102.76	104.79	102.76	104.41	720184	360550	0.00
2016-07-01	104.41	107.52	104.41	107.09	880614	341840	0.00
2016-07-04	107.09	108.32	106.66	108.16	291530	342232	0.00
2016-07-05	110.12	110.39	108.05	109.71	656466	322222	0.00
2016-07-06	109.71	110.57	107.41	108.10	985566	298980	0.00
2016-07-07	108.10	109.21	107.73	108.03	542430	284364	0.00
2016-07-08	108.03	108.41	105.22	105.33	743726	300146	0.00
2016-07-11	105.87	105.87	105.87	105.87	212592	286516	0.00
2016-07-12	105.81	107.90	105.81	107.90	471866	304234	0.00
2016-07-13	107.90	108.81	106.45	106.66	563980	286074	0.00
2016-07-14	106.66	107.58	105.59	107.53	629584	298442	0.00
2016-07-15	107.53	108.12	106.56	107.26	561864	296978	0.00
2016-07-18	107.26	107.47	106.46	106.56	196632	292688	0.00
2016-07-19	105.59	106.50	105.10	106.44	562248	266904	0.00
2016-07-20	106.44	106.71	105.65	105.86	596458	254862	0.00
2016-07-21	105.86	106.32	105.27	106.05	482968	255342	0.00
2016-07-22	106.05	106.37	103.61	103.67	352050	240124	0.00
2016-07-25	103.67	104.26	103.51	103.94	140182	240930	0.00
2016-07-26	106.28	106.65	105.53	106.38	621170	280170	0.00
2016-07-27	106.38	107.31	106.17	106.78	602144	275188	0.00
2016-07-28	106.78	106.99	105.15	105.15	591608	274976	0.00
2016-07-29	105.15	105.47	104.46	104.67	479370	251906	0.00
2016-08-01	104.67	105.53	104.40	105.37	182492	250956	0.00
2016-08-02	106.55	108.15	106.55	107.78	725636	299932	0.00
2016-08-03	107.78	107.83	107.24	107.73	432258	308782	0.00
2016-08-04	107.73	109.30	106.71	109.30	787336	310386	0.00
2016-08-05	109.30	109.89	108.82	109.83	500130	324152	0.00
2016-08-08	109.83	110.10	109.03	109.25	248436	312336	0.00
2016-08-09	109.42	111.03	109.20	109.74	836392	360584	0.00
2016-08-10	109.74	110.95	108.36	110.95	917528	314784	0.00
2016-08-11	110.95	111.06	109.45	109.99	811158	307264	0.00
2016-08-12	109.99	110.63	109.72	110.58	744824	297164	0.00
2016-08-15	110.58	110.79	110.26	110.31	244590	294978	0.00
2016-08-16	110.20	112.72	109.78	112.29	1123564	344296	0.00
2016-08-17	112.29	112.77	111.76	111.86	693744	319200	0.00
2016-08-18	111.86	113.41	111.54	112.24	904146	342404	0.00
2016-08-19	112.24	112.72	111.59	112.56	837860	355026	0.00
2016-08-22	112.56	112.99	112.18	112.45	292662	359076	0.00
2016-08-23	113.09	113.63	112.66	113.20	848892	372352	0.00
2016-08-24	113.20	113.41	111.49	111.54	1035154	346304	0.00
2016-08-25	111.54	113.53	111.17	113.48	1182660	369760	0.00
2016-08-26	113.48	114.87	113.10	114.39	1494224	439976	0.00
2016-08-29	114.39	114.49	112.51	112.83	763160	413020	0.00
2016-08-30	112.51	112.89	111.60	112.03	1244944	418466	0.00
2016-08-31	112.03	112.51	111.12	111.38	1044150	373732	0.00
2016-09-01	111.38	111.87	110.43	111.02	915114	371532	0.00
2016-09-02	111.02	113.22	110.92	112.31	1202600	355644	0.00
2016-09-05	113.38	113.38	113.38	113.38	705754	366780	0.00
2016-09-06	114.62	115.64	114.03	115.48	1181368	343166	0.00
2016-09-07	115.48	115.69	112.97	113.24	1314882	327978	0.00
2016-09-08	113.24	113.35	112.23	112.44	1264272	328602	0.00
2016-09-09	112.44	113.77	112.01	113.29	1309214	330064	0.00
2016-09-12	113.29	113.72	113.19	113.56	334644	340296	0.00
2016-09-13	111.47	111.85	109.87	109.87	1029882	384900	0.00
2016-09-14	109.87	110.14	109.23	109.65	781604	352972	0.00
2016-09-19	110.50	111.47	110.24	111.20	408964	354910	0.00
2016-09-20	118.79	120.83	116.44	120.08	1956602	392546	0.00
2016-09-21	120.08	121.57	109.50	109.71	1305980	398494	0.00
2016-09-22	109.71	111.52	109.28	109.86	1554698	389360	0.00
2016-09-23	109.86	110.34	109.43	109.97	1025626	384674	0.00
2016-09-26	109.97	110.72	109.86	110.45	402718	372372	0.00
2016-09-27	109.97	110.40	109.33	110.03	903304	328018	0.00
2016-09-28	110.03	110.45	107.92	108.19	968562	306922	0.00
2016-09-29	108.19	109.05	108.03	108.30	731090	272754	0.00
2016-09-30	108.30	108.57	105.30	105.52	921300	285182	0.00
2016-10-10	105.14	106.16	104.98	105.62	318456	310272	0.00
2016-10-11	105.62	106.10	105.36	105.94	639538	367074	0.00
2016-10-12	105.94	106.43	104.66	105.94	1152152	361696	0.00
2016-10-13	105.94	106.32	105.19	105.36	909790	381312	0.00
2016-10-14	105.36	105.84	104.82	104.98	817648	382234	0.00
2016-10-17	104.98	105.68	104.98	105.52	239732	385598	0.00
2016-10-18	106.48	107.57	106.05	107.35	671186	375040	0.00
2016-10-19	107.35	108.80	107.25	107.85	1053170	335420	0.00
2016-10-20	107.85	109.00	107.58	108.84	765566	345770	0.00
2016-10-21	108.84	109.64	108.68	109.59	1016854	336644	0.00
2016-10-24	109.32	109.32	109.32	109.32	229004	328434	0.00
2016-10-25	109.97	110.77	109.70	110.61	869946	343206	0.00
2016-10-26	110.61	111.20	109.70	110.40	722388	318242	0.00
2016-10-27	110.40	110.40	108.49	108.60	607228	318722	0.00
2016-10-28	108.60	109.67	108.17	109.29	392012	323960	0.00
2016-10-31	109.29	109.67	108.54	108.92	234724	331714	0.00
2016-11-01	109.08	111.43	108.65	111.38	723658	383558	0.00
2016-11-02	111.38	113.41	111.38	112.52	850920	325880	0.00
2016-11-03	112.52	114.24	110.91	111.23	979878	393662	0.00
2016-11-04	111.23	111.55	110.24	110.72	799162	383550	0.00
2016-11-07	110.72	113.45	110.72	113.40	717252	452284	0.00
2016-11-08	113.34	116.98	111.68	112.86	1453206	325004	0.00
2016-11-09	112.86	116.33	112.64	114.79	1142546	346470	0.00
2016-11-10	114.79	116.77	111.67	115.36	1122508	342900	0.00
2016-11-11	115.36	118.04	115.36	116.11	1182732	357072	0.00
2016-11-14	113.17	113.17	113.17	113.17	603542	258590	0.00
2016-11-15	114.22	117.01	113.53	114.28	392794	236506	0.00
2016-11-16	114.28	118.79	114.28	118.53	310774	217328	0.00
2016-11-17	118.53	124.65	117.88	124.65	333352	230538	0.00
2016-11-18	124.65	125.51	122.18	125.11	308420	228068	0.00
2016-11-21	125.11	125.37	124.03	124.25	121518	225178	0.00
2016-11-22	124.14	128.71	124.14	128.71	494042	263898	0.00
2016-11-23	128.71	129.35	127.57	128.11	330884	267864	0.00
2016-11-24	128.11	130.18	126.88	128.15	454002	270038	0.00
2016-11-25	128.15	129.02	127.57	128.75	294102	245758	0.00
2016-11-28	128.75	129.18	128.38	129.18	108948	240642	0.00
2016-11-29	125.36	125.94	124.23	124.23	291764	222492	0.00
2016-11-30	124.23	124.45	118.59	119.03	312854	216876	0.00
2016-12-01	119.03	120.86	119.03	120.33	261684	202412	0.00
2016-12-02	120.33	120.99	118.40	119.00	341560	209398	0.00
2016-12-05	119.59	121.18	119.22	120.81	276832	204622	0.00
2016-12-06	120.81	121.34	119.13	119.51	241046	208356	0.00
2016-12-07	119.51	123.74	119.35	123.69	321472	217792	0.00
2016-12-08	123.69	126.74	122.62	126.52	616990	268188	0.00
2016-12-09	126.52	127.11	121.08	123.07	775982	257194	0.00
2016-12-12	124.14	125.90	124.03	124.62	697182	296332	0.00
2016-12-13	124.62	128.91	124.03	128.37	520532	321618	0.00
2016-12-14	128.37	129.55	126.50	128.48	719890	320424	0.00
2016-12-15	128.48	129.01	126.27	127.24	502656	295966	0.00
2016-12-16	127.24	128.68	126.75	127.45	426526	296962	0.00
2016-12-19	126.70	126.96	123.49	123.75	484278	241488	0.00
2016-12-20	123.75	124.18	122.38	123.34	350374	241994	0.00
2016-12-21	123.34	123.93	118.29	119.36	493032	258890	0.00
2016-12-22	119.36	119.79	114.61	114.72	340430	231802	0.00
2016-12-23	114.72	115.79	114.26	114.90	288600	214856	0.00
2016-12-26	114.37	114.47	111.58	112.65	370738	228760	0.00
2016-12-27	112.65	113.16	111.18	112.83	277740	194414	0.00
2016-12-28	112.83	115.53	112.57	114.68	392324	220546	0.00
2016-12-29	114.68	116.07	113.45	115.43	281866	199058	0.00
2016-12-30	115.43	115.64	111.38	111.86	341690	183680	0.00
2017-01-03	111.92	112.93	108.09	108.09	196550	187366	0.00
2017-01-04	108.09	108.58	106.65	108.18	350046	214450	0.00
2017-01-05	108.18	111.32	107.91	110.63	251576	203928	0.00
2017-01-06	110.63	113.49	110.20	113.17	298626	213310	0.00
2017-01-09	113.22	115.89	113.17	115.84	231820	207104	0.00
2017-01-10	115.84	121.57	115.30	121.57	470208	238710	0.00
2017-01-11	121.57	124.71	120.72	124.18	287732	206404	0.00
2017-01-12	124.18	130.09	123.80	130.09	363666	256276	0.00
2017-01-13	130.09	131.64	128.11	128.91	468410	248932	0.00
2017-01-16	129.76	135.54	126.47	126.47	485034	286970	0.00
2017-01-17	126.47	127.43	125.77	126.74	338140	255196	0.00
2017-01-18	126.74	127.54	124.25	125.81	265872	263614	0.00
2017-01-19	125.81	127.11	124.98	127.11	271156	255404	0.00
2017-01-20	127.11	128.76	124.69	124.69	511684	297666	0.00
2017-01-23	124.85	125.26	121.12	121.12	429958	251292	0.00
2017-01-24	121.12	123.33	120.96	122.80	302740	258928	0.00
2017-01-25	122.80	123.60	122.20	122.79	237790	238070	0.00
2017-01-26	122.79	123.77	122.26	123.45	195518	218530	0.00
2017-02-03	124.62	124.73	120.38	120.52	200502	225204	0.00
2017-02-06	120.89	122.47	119.82	122.47	193012	253038	0.00
2017-02-07	122.47	123.20	121.26	123.20	292978	268104	0.00
2017-02-08	123.20	124.42	122.77	124.25	316820	266406	0.00
2017-02-09	124.25	124.42	123.10	123.10	168376	256616	0.00
2017-02-10	123.10	127.03	122.94	125.97	630872	403320	0.00
2017-02-13	126.03	127.61	125.74	127.03	570678	373086	0.00
2017-02-14	127.03	127.86	126.17	127.75	325428	360370	0.00
2017-02-15	127.75	128.34	126.36	126.78	446314	344528	0.00
2017-02-16	126.78	127.53	125.56	125.88	417606	324142	0.00
2017-02-17	125.88	129.21	125.88	126.75	933708	382864	0.00
2017-02-20	126.48	127.68	125.84	127.00	456124	340122	0.00
2017-02-21	127.00	128.02	125.73	125.73	473068	356152	0.00
2017-02-22	125.73	127.11	124.93	126.46	412168	323704	0.00
2017-02-23	126.46	126.84	123.60	123.60	340870	319490	0.00
2017-02-24	123.60	124.46	122.15	124.19	332496	274210	0.00
2017-02-27	124.52	125.15	123.66	124.03	398302	310270	0.00
2017-02-28	124.03	124.08	121.95	122.17	392474	291362	0.00
2017-03-01	122.17	122.81	121.71	122.51	298018	279460	0.00
2017-03-02	122.51	123.36	122.16	122.54	305990	291338	0.00
2017-03-03	122.54	122.54	120.88	122.00	337054	273066	0.00
2017-03-06	121.67	123.07	121.51	122.75	284330	280732	0.00
2017-03-07	122.75	124.98	122.54	124.66	233700	267876	0.00
2017-03-08	124.66	124.82	121.33	121.39	506860	335286	0.00
2017-03-09	120.21	120.70	116.78	117.21	435778	269514	0.00
2017-03-10	117.21	118.07	116.73	116.89	238732	271916	0.00
2017-03-13	116.30	118.26	116.30	118.09	352218	270070	0.00
2017-03-14	118.09	118.68	114.47	114.63	290768	250236	0.00
2017-03-15	114.63	115.81	114.10	115.54	260116	243376	0.00
2017-03-16	115.54	115.70	112.87	115.11	475988	284092	0.00
2017-03-17	115.11	115.33	114.26	114.74	314442	268948	0.00
2017-03-20	114.47	120.23	113.56	120.18	270846	267172	0.00
2017-03-21	120.18	123.67	119.27	123.40	254954	261586	0.00
2017-03-22	123.40	123.46	121.00	121.32	394710	310948	0.00
2017-03-23	121.32	122.07	121.26	121.59	188602	272196	0.00
2017-03-24	128.85	130.78	127.78	129.92	253480	282044	0.00
2017-03-27	129.07	129.07	126.28	128.53	313632	294450	0.00
2017-03-28	128.53	134.42	128.42	134.10	640322	350038	0.00
2017-03-29	134.10	136.45	134.10	135.81	400478	276360	0.00
2017-03-30	135.81	136.56	134.20	136.24	309160	278018	0.00
2017-03-31	136.24	139.23	135.17	139.02	405864	265874	0.00
2017-04-05	139.98	141.05	136.88	138.59	364262	252778	0.00
2017-04-06	138.59	139.55	137.41	138.91	250498	255368	0.00
2017-04-07	138.91	139.45	135.91	137.84	463264	302626	0.00
2017-04-10	137.95	139.13	136.99	137.73	453874	283500	0.00
2017-04-11	137.73	137.95	132.17	132.49	558400	310622	0.00
2017-04-12	132.49	133.67	130.99	131.21	376632	280146	0.00
2017-04-13	131.21	134.31	130.24	132.81	358088	286898	0.00
2017-04-14	132.81	134.74	131.42	131.74	436324	298534	0.00
2017-04-17	133.24	133.35	129.28	130.56	440926	308156	0.00
2017-04-18	130.56	131.31	129.49	129.81	288726	287458	0.00
2017-04-19	129.81	133.35	127.03	133.13	420230	299310	0.00
2017-04-20	133.13	136.34	131.63	136.24	546944	310168	0.00
2017-04-21	136.24	138.70	136.24	137.31	535872	310814	0.00
2017-04-24	137.41	140.09	122.66	122.66	523962	328736	0.00
2017-04-25	122.66	122.93	121.59	121.92	471568	308088	0.00
2017-04-26	121.92	122.72	120.95	121.06	457264	299896	0.00
2017-04-27	121.06	122.08	120.74	122.02	369442	312754	0.00
2017-04-28	122.02	123.20	121.49	122.18	436820	306284	0.00
2017-05-02	122.66	122.72	121.27	122.13	208890	305646	0.00
2017-05-03	122.13	122.34	121.59	122.13	256898	307022	0.00
2017-05-04	122.13	122.18	118.76	119.40	612982	334036	0.00
2017-05-05	119.40	119.83	118.38	118.44	414334	274536	0.00
2017-05-08	119.51	119.56	118.70	118.81	313908	284108	0.00
2017-05-09	118.81	119.13	117.85	118.92	311150	278846	0.00
2017-05-10	118.92	119.51	118.06	118.38	281544	293446	0.00
2017-05-11	118.38	121.17	117.69	121.01	521172	328344	0.00
2017-05-12	121.01	121.01	119.88	120.31	446370	324382	0.00
2017-05-15	120.95	121.81	118.48	118.48	455850	355568	0.00
2017-05-16	118.48	119.71	117.52	119.71	315182	327412	0.00
2017-05-17	119.71	119.82	118.37	118.59	529552	345070	0.00
2017-05-18	118.59	119.77	118.48	119.23	379560	291122	0.00
2017-05-19	121.32	122.60	121.32	122.55	782634	438342	0.00
2017-05-22	122.92	123.51	122.23	122.39	499674	362658	0.00
2017-05-23	122.98	122.98	122.98	122.98	382008	417368	0.00
2017-05-24	122.98	123.46	121.75	122.60	491924	374130	0.00
2017-05-25	122.60	123.14	121.53	122.33	369730	378486	0.00
2017-05-26	122.33	123.08	121.85	122.98	400690	396466	0.00
2017-05-31	123.40	124.64	120.25	120.46	495466	375408	0.00
2017-06-01	120.46	120.84	119.28	119.93	394662	356072	0.00
2017-06-02	119.93	120.89	119.44	120.30	361068	391866	0.00
2017-06-05	121.69	121.69	120.35	120.68	521020	433474	0.00
2017-06-06	120.68	131.89	120.03	131.89	412976	409102	0.00
2017-06-07	131.89	134.74	131.30	134.74	474170	435584	0.00
2017-06-08	134.74	135.86	134.20	134.69	451428	400260	0.00
2017-06-09	134.69	135.54	134.24	134.40	294222	407872	0.00
2017-06-12	134.51	134.67	132.55	132.60	298674	402114	0.00
2017-06-13	132.60	132.71	131.74	132.17	378446	401940	0.00
2017-06-14	132.17	133.51	131.58	133.46	529142	411688	0.00
2017-06-15	133.46	134.26	132.44	134.26	292950	356840	0.00
2017-06-16	134.26	135.81	133.99	135.38	492626	423944	0.00
2017-06-19	135.33	135.60	133.99	134.04	371434	363850	0.00
2017-06-20	134.04	134.37	131.67	131.67	359778	432744	0.00
2017-06-21	131.67	131.94	127.72	128.20	241778	376372	0.00
2017-06-22	128.20	128.47	123.53	123.53	522932	485942	0.00
2017-06-23	123.53	124.77	123.26	124.77	388230	448554	0.00
2017-06-26	124.71	125.41	124.50	124.88	233978	451492	0.00
2017-06-27	124.88	125.68	124.40	125.63	283558	439074	0.00
2017-06-28	125.63	127.31	125.47	126.31	339610	411446	0.00
2017-06-29	126.31	129.52	125.98	129.46	628594	373474	0.00
2017-06-30	130.10	130.16	130.05	130.10	360522	356164	0.00
2017-07-03	129.89	130.21	129.52	130.16	210436	346790	0.00
2017-07-04	130.16	130.16	128.82	129.14	236632	325216	0.00
2017-07-05	129.14	131.72	129.09	131.72	317412	362794	0.00
2017-07-06	131.72	131.72	130.65	131.39	201790	330008	0.00
2017-07-07	131.39	131.88	130.75	131.50	202434	354616	0.00
2017-07-10	131.66	131.98	130.43	130.97	309738	363842	0.00
2017-07-11	130.97	132.79	130.59	131.88	300516	368100	0.00
2017-07-12	131.88	132.63	130.70	130.91	294596	362744	0.00
2017-07-13	130.91	131.50	130.16	131.45	260704	349128	0.00
2017-07-14	131.45	131.45	130.59	130.97	225808	343564	0.00
2017-07-17	131.93	132.73	131.61	132.20	325750	359730	0.00
2017-07-18	132.20	132.89	131.72	132.25	208670	350502	0.00
2017-07-19	132.25	135.89	132.25	135.78	815324	529318	0.00
2017-07-20	135.78	135.78	134.07	134.44	504552	440244	0.00
2017-07-21	134.44	134.82	133.75	134.55	242752	426190	0.00
2017-07-24	133.80	134.02	133.21	133.70	248826	410098	0.00
2017-07-25	133.70	134.50	133.70	134.02	227082	424436	0.00
2017-07-26	134.02	134.39	132.36	133.00	362574	425412	0.00
2017-07-27	133.00	133.53	132.73	133.21	188254	400378	0.00
2017-07-28	133.21	134.02	132.57	132.95	259418	396620	0.00
2017-07-31	133.43	134.82	133.43	134.44	291810	404316	0.00
2017-08-01	134.44	134.50	133.80	134.12	168358	393296	0.00
2017-08-02	134.12	135.30	133.37	134.02	393258	407068	0.00
2017-08-03	134.02	134.60	133.64	134.02	237532	379034	0.00
2017-08-04	134.02	135.30	133.70	133.86	351726	377556	0.00
2017-08-07	133.91	134.93	132.68	132.73	425760	358896	0.00
2017-08-08	132.73	133.05	132.30	132.73	242032	336028	0.00
2017-08-09	132.73	135.25	132.73	134.82	456040	368562	0.00
2017-08-10	134.82	135.51	134.28	134.66	352786	364930	0.00
2017-08-11	134.66	135.03	133.37	133.91	289188	330442	0.00
2017-08-14	134.07	135.19	134.07	134.50	360924	379498	0.00
2017-08-15	134.50	134.71	133.16	133.75	377438	351030	0.00
2017-08-16	133.75	134.39	133.48	134.34	241402	331346	0.00
2017-08-17	134.34	136.26	134.34	135.84	405592	387776	0.00
2017-08-18	135.84	136.05	135.46	135.94	159740	362486	0.00
2017-08-21	135.73	137.07	135.73	136.48	316316	405530	0.00
2017-08-22	136.48	136.96	136.05	136.58	180930	378454	0.00
2017-08-23	136.58	139.23	135.17	139.23	281728	373842	0.00
2017-08-24	139.23	140.35	138.86	139.98	241134	369446	0.00
2017-08-25	139.98	140.62	139.55	139.55	217486	337822	0.00
2017-08-28	138.80	139.60	138.70	139.55	260598	309632	0.00
2017-08-29	139.55	139.71	138.80	139.02	178354	302342	0.00
2017-08-30	139.02	139.55	138.59	139.55	165418	300878	0.00
2017-08-31	139.55	139.55	137.73	138.16	276420	307500	0.00
2017-09-01	138.16	138.96	137.89	138.00	244260	281074	0.00
2017-09-04	138.86	139.23	136.61	136.88	385686	317786	0.00
2017-09-05	136.88	137.52	136.72	137.20	199556	295998	0.00
2017-09-06	137.20	137.84	136.29	136.93	239866	285384	0.00
2017-09-07	136.93	137.30	135.86	136.13	243568	292130	0.00
2017-09-08	136.13	136.66	135.27	135.70	206096	287678	0.00
2017-09-11	135.54	136.29	135.48	135.97	160506	280406	0.00
2017-09-12	135.97	136.82	135.75	136.55	193172	284496	0.00
2017-09-13	136.55	136.82	135.75	135.86	159672	266764	0.00
2017-09-14	135.86	137.52	135.48	137.25	363374	322444	0.00
2017-09-15	137.25	137.25	134.68	134.95	344560	280114	0.00
2017-09-18	135.06	135.43	133.56	134.31	294292	275986	0.00
2017-09-19	134.31	134.47	133.61	133.72	155366	253016	0.00
2017-09-20	133.72	134.31	133.34	134.15	144680	250636	0.00
2017-09-21	134.15	134.57	133.34	133.72	194130	257214	0.00
2017-09-22	133.72	134.31	133.50	133.61	216824	260860	0.00
2017-09-25	133.24	134.74	133.18	134.31	325520	271720	0.00
2017-09-26	134.31	134.52	132.92	133.08	219390	249034	0.00
2017-09-27	133.08	133.83	132.76	133.34	154142	232260	0.00
2017-09-28	133.34	133.56	132.33	132.76	174366	236644	0.00
2017-09-29	132.76	132.92	132.06	132.27	149932	219646	0.00
2017-10-09	132.86	133.18	131.20	131.85	172462	262654	0.00
2017-10-10	133.34	135.32	133.08	134.90	491328	338326	0.00
2017-10-11	134.90	135.16	134.09	134.79	266934	310022	0.00
2017-10-12	134.79	135.54	133.88	134.68	306314	293060	0.00
2017-10-13	134.68	135.75	134.68	135.54	212586	258418	0.00
2017-10-16	135.65	136.18	134.95	136.02	249300	256888	0.00
2017-10-17	136.02	136.07	135.32	135.59	154264	236222	0.00
2017-10-18	135.59	135.97	135.11	135.75	162542	239640	0.00
2017-10-19	135.75	135.86	134.57	135.11	201066	224750	0.00
2017-10-20	135.11	136.98	134.68	136.82	248202	244508	0.00
2017-10-23	136.02	136.18	134.78	135.00	245942	216868	0.00
2017-10-24	135.00	135.48	134.52	134.89	170736	206430	0.00
2017-10-25	134.89	135.21	133.71	133.93	197650	229648	0.00
2017-10-26	133.93	134.14	133.13	133.45	160168	230676	0.00
2017-10-27	133.45	133.50	132.27	132.36	175492	243356	0.00
2017-10-30	132.63	132.84	132.04	132.25	145004	249760	0.00
2017-10-31	132.25	133.11	132.04	132.20	161244	268596	0.00
2017-11-01	132.20	136.93	132.20	136.93	364884	300428	0.00
2017-11-02	136.93	137.46	136.55	136.63	186788	241968	0.00
2017-11-03	136.63	137.00	136.09	137.00	118118	229022	0.00
2017-11-06	137.38	138.13	137.38	137.81	154380	241494	0.00
2017-11-07	137.81	138.50	137.70	138.40	166780	241566	0.00
2017-11-08	138.40	138.93	138.08	138.66	154330	248180	0.00
2017-11-09	138.66	140.52	138.08	140.52	333756	311888	0.00
2017-11-10	140.52	141.64	140.09	141.16	377962	336982	0.00
2017-11-13	141.10	141.37	140.89	141.10	187766	313936	0.00
2017-11-14	141.10	142.01	141.10	141.80	174592	341814	0.00
2017-11-15	141.80	142.39	141.05	141.37	390424	396304	0.00
2017-11-16	141.37	142.76	141.21	142.12	326116	430410	0.00
2017-11-17	142.12	145.23	142.12	145.23	497028	546868	0.00
2017-11-20	145.34	147.69	145.34	147.48	615400	649926	0.00
2017-11-21	147.48	147.91	146.41	146.89	592802	647848	0.00
2017-11-22	146.89	147.21	146.03	146.51	426350	631282	0.00
2017-11-23	146.51	146.51	145.44	146.14	480334	599300	0.00
2017-11-24	146.14	146.62	145.71	146.51	248520	574734	0.00
2017-11-27	147.10	147.37	145.76	145.82	508640	620206	0.00
2017-11-28	145.82	145.82	144.75	145.28	410546	570498	0.00
2017-11-29	145.28	146.41	145.28	146.14	418904	619680	0.00
2017-11-30	146.14	147.69	145.39	145.44	537144	653090	0.00
2017-12-01	145.44	146.41	145.07	146.14	492430	630540	0.00
2017-12-04	146.67	149.03	146.67	148.01	554468	670356	0.00
2017-12-05	148.01	148.49	147.16	147.48	308834	622462	0.00
2017-12-06	147.48	148.23	147.16	147.96	279962	638376	0.00
2017-12-07	147.96	148.33	145.12	145.98	497912	610896	0.00
2017-12-08	145.98	146.67	145.55	146.25	341148	570508	0.00
2017-12-11	146.35	146.73	145.55	146.09	361772	575740	0.00
2017-12-12	146.09	146.25	145.44	145.82	251426	553530	0.00
2017-12-13	145.82	147.74	145.66	147.37	463776	587082	0.00
2017-12-14	147.37	147.37	144.96	145.07	454230	530030	0.00
2017-12-15	145.07	145.87	144.96	145.39	286832	519642	0.00
2017-12-18	147.10	147.26	146.46	147.10	412640	543492	0.00
2017-12-19	147.10	148.01	146.30	147.10	335694	521606	0.00
2017-12-20	147.10	147.80	146.94	147.37	199106	520216	0.00
2017-12-21	147.37	147.91	146.62	147.64	301812	541456	0.00
2017-12-22	147.64	148.60	147.37	148.55	397358	573164	0.00
2017-12-25	148.17	148.17	147.10	147.42	322114	542720	0.00
2017-12-26	147.42	147.69	147.00	147.26	221370	529730	0.00
2017-12-27	147.26	147.48	146.25	146.46	295690	536858	0.00
2017-12-28	146.46	146.78	145.98	146.62	235856	500264	0.00
2017-12-29	146.62	147.42	146.19	147.10	314042	489756	0.00
2018-01-02	147.26	147.26	144.48	146.00	258760	447808	0.00
2018-01-03	146.00	146.22	144.88	145.52	311136	449024	0.00
2018-01-04	145.52	146.59	145.04	146.43	275044	441046	0.00
2018-01-05	146.43	146.49	145.47	145.84	196210	444746	0.00
2018-01-08	146.17	148.63	145.79	148.57	376882	528970	0.00
2018-01-09	148.57	148.68	147.98	148.31	264982	539898	0.00
2018-01-10	148.31	148.79	147.93	148.41	274300	555734	0.00
2018-01-11	148.41	148.63	147.07	147.56	307582	521884	0.00
2018-01-12	147.56	147.93	140.33	140.33	181490	529942	0.00
2018-01-15	139.85	140.52	139.53	140.25	205420	511690	0.00
2018-01-16	140.25	144.53	139.82	143.67	216030	498516	0.00
2018-01-17	143.67	144.37	143.67	144.10	160250	489304	0.00
2018-01-18	144.10	147.25	143.67	145.96	282228	529424	0.00
2018-01-19	145.96	146.75	145.53	146.31	195514	486140	0.00
2018-01-22	145.56	145.61	144.28	144.66	432304	516416	0.00
2018-01-23	144.66	147.21	144.44	146.99	260942	450180	0.00
2018-01-24	146.99	147.31	146.40	146.62	187528	462436	0.00
2018-01-25	146.62	148.38	146.24	148.12	373424	501046	0.00
2018-01-26	148.12	148.55	144.84	147.96	177854	461752	0.00
2018-01-29	148.17	149.03	144.58	148.06	275962	541674	0.00
2018-01-30	148.06	148.42	145.55	146.61	190712	513366	0.00
2018-01-31	146.61	147.74	145.65	147.18	302704	505424	0.00
2018-02-01	147.18	147.28	146.43	146.48	184352	461430	0.00
2018-02-02	146.48	149.05	146.43	149.00	216800	475632	0.00
2018-02-05	148.84	154.09	146.52	146.99	189070	482098	0.00
2018-02-06	146.99	147.58	146.72	146.88	201596	486976	0.00
2018-02-07	146.88	147.41	146.50	147.20	208132	490218	0.00
2018-02-08	147.20	148.70	146.13	147.54	691410	583108	0.00
2018-02-09	147.54	148.08	145.63	146.74	489220	552120	0.00
2018-02-12	146.74	147.17	145.88	146.20	311974	522088	0.00
2018-02-13	146.20	146.85	146.15	146.47	168324	478634	0.00
2018-02-14	146.47	147.51	146.36	147.35	149864	435094	0.00
2018-02-22	147.62	147.67	146.28	146.60	145506	458582	0.00
2018-02-23	146.60	149.01	146.39	148.69	397746	510322	0.00
2018-02-26	148.69	149.51	148.34	149.05	204514	478164	0.00
2018-02-27	149.05	149.32	148.73	149.16	144480	484760	0.00
2018-02-28	149.16	149.70	148.79	149.32	244482	520852	0.00
2018-03-01	149.32	149.80	148.79	149.43	247050	534464	0.00
2018-03-02	149.43	149.62	149.00	149.46	221030	534692	0.00
2018-03-05	149.14	149.14	148.60	148.71	317178	530048	0.00
2018-03-06	148.71	149.03	148.17	148.65	204148	511540	0.00
2018-03-07	148.65	149.24	148.28	148.44	279912	556980	0.00
2018-03-08	148.44	148.92	147.69	147.69	362252	563308	0.00
2018-03-09	147.69	148.17	146.73	147.05	462932	554972	0.00
2018-03-12	147.48	150.45	147.48	149.10	380676	530640	0.00
2018-03-13	149.10	152.35	148.62	150.05	275438	511366	0.00
2018-03-14	150.05	150.64	149.57	149.78	362816	518180	0.00
2018-03-15	149.78	152.16	148.28	149.32	391320	526634	0.00
2018-03-16	149.32	150.17	148.94	149.96	301570	501744	0.00
2018-03-19	150.12	151.03	149.64	150.49	380076	513056	0.00
2018-03-20	150.49	150.71	149.21	149.59	307746	470356	0.00
2018-03-21	149.59	150.23	148.30	149.00	389234	517274	0.00
2018-03-22	149.00	149.40	143.51	143.62	769634	594104	0.00
2018-03-23	143.62	144.21	140.88	142.59	777712	506290	0.00
2018-03-26	143.08	144.31	141.73	143.59	345570	486006	0.00
2018-03-27	143.59	145.21	142.10	142.61	358348	467434	0.00
2018-03-28	142.61	142.88	141.92	142.45	345652	461548	0.00
2018-03-29	142.45	143.04	142.13	142.93	207340	440338	0.00
2018-03-30	142.93	146.02	142.51	144.78	416572	432002	0.00
2018-04-02	145.20	145.66	141.18	142.19	363346	390026	0.00
2018-04-03	142.19	142.51	141.07	141.93	282132	367290	0.00
2018-04-04	141.93	141.98	141.07	141.50	173012	331604	0.00
2018-04-09	140.64	143.28	140.43	143.01	137126	329134	0.00
2018-04-10	143.01	143.49	141.31	141.31	177076	332506	0.00
2018-04-11	141.31	142.65	141.31	141.90	243038	339556	0.00
2018-04-12	141.90	142.38	141.74	142.06	188600	324048	0.00
2018-04-13	142.06	142.60	141.79	142.43	168332	310710	0.00
2018-04-16	142.17	142.17	141.20	141.58	201954	319484	0.00
2018-04-17	141.58	141.85	140.94	140.94	175292	289998	0.00
2018-04-18	140.94	142.33	140.94	142.22	210990	297644	0.00
2018-04-19	142.22	142.97	142.11	142.76	196942	279698	0.00
2018-04-20	142.76	145.14	142.27	144.71	126624	266412	0.00
2018-04-23	144.77	145.62	144.77	145.25	139498	259400	0.00
2018-04-24	145.25	149.48	144.25	149.43	135636	252872	0.00
2018-04-25	149.43	149.86	148.63	148.90	161690	268282	0.00
2018-04-26	148.90	149.11	148.63	148.90	109610	249386	0.00
2018-04-27	148.90	150.25	148.29	150.25	163170	251954	0.00
2018-05-02	150.30	150.57	149.23	150.25	162804	253612	0.00
2018-05-03	150.25	150.89	149.98	150.62	159068	259854	0.00
2018-05-04	150.62	150.84	149.66	149.88	178700	275450	0.00
2018-05-07	150.36	150.68	144.62	144.73	169414	263980	0.00
2018-05-08	144.73	144.99	144.35	144.57	109872	262928	0.00
2018-05-09	144.57	144.57	142.53	142.91	319858	354594	0.00
2018-05-10	142.91	143.60	142.85	143.07	176176	318390	0.00
2018-05-11	143.07	143.50	142.85	143.01	181866	328944	0.00
2018-05-14	143.39	143.82	139.86	140.13	192550	322232	0.00
2018-05-15	140.13	142.99	139.65	141.55	226778	328326	0.00
2018-05-16	141.55	145.83	141.33	143.86	265302	322306	0.00
2018-05-17	143.86	146.96	142.89	146.93	116790	305636	0.00
2018-05-18	146.93	147.20	145.75	146.23	233940	334964	0.00
2018-05-21	146.45	148.32	146.45	147.68	328014	303590	0.00
2018-05-22	147.68	148.16	147.52	147.79	148034	278602	0.00
2018-05-23	147.79	148.11	146.93	147.52	201050	282478	0.00
2018-05-24	147.52	148.70	147.25	148.00	230792	284666	0.00
2018-05-25	148.00	148.32	147.68	148.16	146016	269286	0.00
2018-05-28	148.16	154.49	147.33	150.27	350802	325852	0.00
2018-05-29	150.27	154.02	147.48	147.69	148356	291650	0.00
2018-05-30	147.69	147.91	147.32	147.53	136900	283952	0.00
2018-05-31	147.53	148.55	147.32	148.12	258762	314964	0.00
2018-06-01	148.12	149.19	148.02	149.03	171556	301372	0.00
2018-06-04	149.62	149.78	148.50	148.71	175856	303948	0.00
2018-06-05	148.71	148.93	148.23	148.87	129702	293076	0.00
2018-06-06	148.87	150.96	147.39	150.75	148918	300014	0.00
2018-06-07	150.75	152.03	150.58	151.49	172572	302234	0.00
2018-06-08	151.49	151.55	150.80	151.17	118364	280644	0.00
2018-06-11	151.07	151.44	150.80	150.85	105150	279664	0.00
2018-06-12	150.85	151.55	150.69	151.49	127072	278734	0.00
2018-06-13	151.49	151.49	150.21	150.42	172890	270900	0.00
2018-06-14	150.42	150.96	150.37	150.53	87312	255138	0.00
2018-06-15	150.53	152.78	150.37	152.40	295718	286104	0.00
2018-06-19	151.76	152.62	150.91	151.39	164706	241346	0.00
2018-06-20	151.39	152.19	151.12	151.66	135596	253128	0.00
2018-06-21	151.66	153.75	146.52	150.72	110568	249338	0.00
2018-06-22	150.72	152.71	149.21	151.76	193866	263136	0.00
2018-06-25	151.81	152.08	149.45	151.54	127946	250026	0.00
2018-06-26	151.54	151.54	148.84	149.84	218478	282668	0.00
2018-06-27	149.84	150.68	148.89	150.63	113524	262882	0.00
2018-06-28	150.63	151.54	150.63	151.16	182810	274986	0.00
2018-06-29	151.16	152.44	150.68	152.18	225014	251812	0.00
2018-07-02	151.59	152.34	150.92	151.86	167206	267596	0.00
2018-07-03	151.86	152.13	150.73	150.89	102810	258538	0.00
2018-07-04	150.89	151.80	150.89	151.21	211502	280346	0.00
2018-07-05	151.21	152.70	149.91	150.45	146774	251094	0.00
2018-07-06	150.45	150.81	149.48	150.20	155962	264526	0.00
2018-07-09	150.15	150.47	149.82	150.09	116778	253994	0.00
2018-07-10	150.09	151.37	150.04	150.78	186932	282694	0.00
2018-07-11	150.78	151.00	149.96	150.25	123112	263912	0.00
2018-07-12	150.25	152.38	150.04	152.17	211620	297902	0.00
2018-07-13	152.22	152.55	151.42	152.09	138948	279766	0.00
2018-07-16	152.25	152.41	151.98	152.04	97464	285230	0.00
2018-07-17	152.04	152.14	151.18	151.50	156516	275522	0.00
2018-07-18	151.50	151.82	151.24	151.29	100990	267002	0.00
2018-07-19	151.29	151.66	151.13	151.18	113694	266166	0.00
2018-07-20	151.18	151.45	150.97	151.45	109518	257404	0.00
2018-07-23	151.13	151.18	150.65	151.07	113846	257308	0.00
2018-07-24	151.07	152.31	151.07	151.88	188528	252196	0.00
2018-07-25	151.88	153.01	151.36	152.85	115370	228370	0.00
2018-07-26	152.85	153.05	152.58	152.84	84468	219446	0.00
2018-07-27	152.84	153.21	152.44	152.44	140632	225206	0.00
2018-07-30	152.60	152.92	152.49	152.76	115548	223838	0.00
2018-07-31	152.76	153.16	152.44	152.79	105758	220610	0.00
2018-08-01	152.79	153.81	152.41	153.08	139270	225828	0.00
2018-08-02	153.08	153.08	151.92	152.03	106584	220926	0.00
2018-08-03	152.03	154.70	151.22	151.33	288530	240868	0.00
2018-08-06	151.49	152.94	151.22	152.78	195988	221946	0.00
2018-08-07	152.78	154.45	152.17	152.73	244468	226016	0.00
2018-08-08	152.79	153.27	152.68	152.68	149458	221556	0.00
2018-08-09	152.68	152.76	151.45	152.71	215114	247018	0.00
2018-08-10	152.71	153.14	152.12	152.33	273954	244430	0.00
2018-08-13	152.17	153.67	152.07	153.05	184288	243102	0.00
2018-08-14	153.05	156.49	153.05	153.55	466618	296340	0.00
2018-08-15	153.55	153.87	152.86	153.28	183178	281294	0.00
2018-08-16	153.28	156.05	150.39	154.30	454760	297474	0.00
2018-08-17	154.30	156.94	154.20	156.67	261670	256948	0.00
2018-08-20	155.87	160.55	155.87	160.55	237246	247108	0.00
2018-08-21	160.55	162.71	154.77	158.55	146400	231042	0.00
2018-08-22	158.55	164.32	158.55	160.54	194224	248230	0.00
2018-08-23	160.54	161.13	160.33	160.60	200234	242634	0.00
2018-08-24	160.60	161.45	160.33	161.45	206780	248504	0.00
2018-08-27	161.13	161.67	161.08	161.45	136922	230898	0.00
2018-08-28	161.45	161.77	160.76	161.19	120350	232624	0.00
2018-08-29	161.19	161.35	160.76	160.97	103166	231336	0.00
2018-08-30	160.97	165.80	160.44	165.80	114292	228260	0.00
2018-08-31	165.80	166.07	160.50	162.27	146788	224072	0.00
2018-09-03	162.00	162.21	160.61	161.41	182558	229744	0.00
2018-09-04	161.41	161.68	160.77	160.98	115780	223114	0.00
2018-09-05	160.98	161.20	157.99	159.11	378110	282774	0.00
2018-09-06	159.11	159.54	158.26	158.58	241698	259132	0.00
2018-09-07	158.58	159.22	157.13	157.51	367564	297836	0.00
2018-09-10	157.61	158.26	157.35	157.88	189336	261000	0.00
2018-09-11	157.88	158.15	156.60	157.56	230226	269518	0.00
2018-09-12	157.56	165.08	156.86	160.94	211040	241450	0.00
2018-09-13	160.94	161.64	160.20	160.89	198066	247380	0.00
2018-09-14	160.89	161.10	160.46	160.52	105974	241746	0.00
2018-09-17	161.21	161.37	160.20	160.68	164024	251494	0.00
2018-09-18	160.68	161.00	143.84	147.53	137962	240468	0.00
2018-09-19	147.53	148.12	146.30	147.90	255932	254326	0.00
2018-09-20	147.90	148.49	147.53	147.74	178968	228414	0.00
2018-09-21	147.74	148.17	146.77	147.22	147384	224072	0.00
2018-09-24	147.22	147.22	147.22	147.22	147352	224072	0.00
2018-09-25	147.22	150.01	146.95	148.97	117512	225752	0.00
2018-09-26	148.97	149.23	148.37	148.90	134838	211052	0.00
2018-09-27	148.90	151.01	148.48	150.05	131022	193354	0.00
2018-09-28	150.05	150.21	146.49	146.87	159182	189936	0.00
2018-10-08	146.98	147.03	144.57	146.28	253410	232178	0.00
2018-10-09	146.17	147.03	145.69	146.76	258470	229726	0.00
2018-10-10	146.76	147.08	146.44	146.81	156846	210252	0.00
2018-10-11	146.81	146.81	134.06	134.11	192258	233020	0.00
2018-10-12	134.11	134.59	131.84	132.43	130490	223000	0.00
2018-10-15	132.22	132.34	131.11	131.65	212750	281178	0.00
2018-10-16	131.65	131.92	131.17	131.43	147484	271400	0.00
2018-10-17	131.43	131.92	131.11	131.76	145822	270468	0.00
2018-10-18	131.76	131.86	130.52	130.74	195512	290522	0.00
2018-10-19	130.74	131.54	130.20	131.11	161660	275940	0.00
2018-10-22	131.11	131.92	130.85	131.81	143118	276666	0.00
2018-10-23	131.81	131.97	131.43	131.59	89382	265952	0.00
2018-10-24	131.59	132.08	131.49	132.02	118622	268814	0.00
2018-10-25	132.02	132.02	131.17	131.59	115390	253714	0.00
2018-10-26	131.59	132.29	131.59	132.02	120678	260258	0.00
2018-10-29	131.49	131.81	131.11	131.54	130454	249926	0.00
2018-10-30	131.54	132.40	131.54	131.92	158910	259644	0.00
2018-10-31	131.92	131.92	131.17	131.70	181442	254012	0.00
2018-11-01	131.70	132.18	131.22	131.54	187264	254982	0.00
2018-11-02	131.54	132.34	130.63	132.13	300096	286636	0.00
2018-11-05	132.18	132.24	131.70	131.86	124682	265786	0.00
2018-11-06	131.86	131.97	131.01	131.11	155086	268560	0.00
2018-11-07	131.11	131.38	130.69	131.06	138140	252690	0.00
2018-11-08	131.06	131.06	128.71	129.88	428024	340464	0.00
2018-11-09	129.88	129.94	128.92	128.97	159332	312326	0.00
2018-11-12	127.69	128.65	127.53	127.74	282686	298266	0.00
2018-11-13	127.74	128.33	127.10	127.74	200544	287730	0.00
2018-11-14	127.74	136.01	127.53	136.01	145480	264440	0.00
2018-11-15	136.01	136.23	127.74	128.01	111718	267792	0.00
2018-11-16	128.01	129.13	127.96	128.71	192116	259186	0.00
2018-11-19	128.97	129.83	128.76	129.45	169186	247622	0.00
2018-11-20	129.45	129.78	129.08	129.40	149848	231336	0.00
2018-11-21	129.40	130.04	128.17	129.88	279300	250904	0.00
2018-11-22	129.88	136.21	129.24	134.43	170344	216944	0.00
2018-11-23	134.43	134.70	133.84	134.06	184464	227284	0.00
2018-11-26	134.27	135.18	130.15	133.66	353206	253102	0.00
2018-11-27	133.66	138.10	132.54	135.38	207336	232230	0.00
2018-11-28	135.38	135.81	134.85	135.44	179840	221630	0.00
2018-11-29	135.44	138.87	135.28	136.57	108352	211198	0.00
2018-11-30	136.57	136.62	135.45	135.82	186938	227090	0.00
2018-12-03	136.52	137.91	136.52	136.62	226898	213588	0.00
2018-12-04	136.62	136.73	136.09	136.62	128352	197662	0.00
2018-12-05	136.62	142.20	136.41	142.20	120950	203720	0.00
2018-12-06	142.20	142.31	141.82	142.01	88146	206368	0.00
2018-12-07	142.01	143.24	141.90	143.13	192848	241174	0.00
2018-12-10	143.35	143.45	142.81	142.92	145712	221232	0.00
2018-12-11	142.92	143.99	140.15	142.37	149336	219802	0.00
2018-12-12	142.37	142.64	142.05	142.16	119882	202936	0.00
2018-12-13	142.16	142.80	141.84	142.43	148444	205742	0.00
2018-12-14	142.43	143.07	142.27	142.96	123864	187008	0.00
2018-12-17	143.01	143.76	142.91	143.55	132978	197450	0.00
2018-12-18	143.55	143.82	140.93	141.14	148406	197542	0.00
2018-12-19	141.14	141.30	140.71	141.03	124202	200522	0.00
2018-12-20	141.03	141.52	140.66	141.25	136722	201064	0.00
2018-12-21	141.25	141.62	141.09	141.19	127842	206466	0.00
2018-12-24	140.98	141.03	140.12	140.34	162874	208806	0.00
2018-12-25	140.34	140.55	139.64	140.28	163508	210152	0.00
2018-12-26	140.28	140.61	136.85	136.99	98586	194914	0.00
2018-12-27	136.99	137.74	136.67	136.99	144346	190484	0.00
2018-12-28	136.99	137.47	136.67	137.42	123962	167804	0.00
2019-01-02	137.53	137.63	136.88	136.94	87108	173236	0.00
2019-01-03	136.94	138.01	136.78	137.95	153876	197460	0.00
2019-01-04	137.95	139.86	137.79	139.81	181384	210464	0.00
2019-01-07	139.70	139.92	139.22	139.70	131034	207628	0.00
2019-01-08	139.70	139.75	139.22	139.43	117612	224382	0.00
2019-01-09	139.43	139.65	139.06	139.38	142638	219160	0.00
2019-01-10	139.38	139.70	139.11	139.22	112450	227254	0.00
2019-01-11	139.22	140.24	139.22	140.08	181200	259094	0.00
2019-01-14	139.81	140.08	139.65	139.75	104930	239756	0.00
2019-01-15	139.75	139.86	139.22	139.33	113304	248244	0.00
2019-01-16	139.33	145.12	139.22	144.90	102314	243306	0.00
2019-01-17	144.90	144.96	144.37	144.37	104062	239218	0.00
2019-01-18	144.37	144.80	144.05	144.63	136786	237842	0.00
2019-01-21	145.01	146.40	145.01	146.24	225806	262264	0.00
2019-01-22	146.24	146.24	145.60	145.76	111140	240808	0.00
2019-01-23	145.76	146.13	142.33	142.44	108782	246490	0.00
2019-01-24	142.44	142.71	142.12	142.60	101540	247426	0.00
2019-01-25	142.60	143.13	142.44	142.81	123340	250498	0.00
2019-01-28	143.19	143.83	142.76	142.76	160624	255270	0.00
2019-01-29	142.76	143.03	142.55	142.76	91708	244758	0.00
2019-01-30	142.76	143.94	142.76	143.62	126994	254106	0.00
2019-01-31	145.08	145.78	145.03	145.57	110466	237892	0.00
2019-02-01	145.57	146.48	145.46	146.26	115274	233024	0.00
2019-02-11	146.80	147.17	146.21	147.01	60656	239808	0.00
2019-02-12	147.01	147.01	146.05	146.15	106500	256706	0.00
2019-02-13	146.15	146.47	145.40	145.51	125844	260468	0.00
2019-02-14	145.51	145.67	144.82	144.92	110366	251980	0.00
2019-02-15	144.92	145.14	143.96	144.23	142528	259898	0.00
2019-02-18	144.33	144.49	143.85	144.17	108420	238598	0.00
2019-02-19	144.17	145.78	144.01	145.73	235532	278528	0.00
2019-02-20	146.07	146.07	144.76	145.64	460002	399144	0.00
2019-02-21	145.64	147.51	144.70	147.32	736304	447966	0.00
2019-02-22	147.32	148.14	146.48	147.95	694952	447764	0.00
2019-02-25	147.69	148.33	147.24	147.34	529112	441736	0.00
2019-02-26	147.34	147.67	146.01	147.05	541078	416020	0.00
2019-02-27	147.05	147.56	146.55	146.98	473708	436274	0.00
2019-02-28	146.98	147.75	144.56	144.79	665472	445690	0.00
2019-03-01	144.79	145.86	144.69	145.73	540424	419538	0.00
2019-03-04	144.13	145.40	143.24	144.36	865298	439268	0.00
2019-03-05	144.36	145.00	143.80	144.09	508302	422484	0.00
2019-03-06	144.09	144.57	143.53	143.79	557584	462696	0.00
2019-03-07	143.79	144.31	142.79	142.87	561698	469042	0.00
2019-03-08	142.87	143.24	141.75	141.88	586772	474572	0.00
2019-03-11	141.96	142.09	140.99	141.53	434030	469188	0.00
2019-03-12	141.53	141.82	141.13	141.55	311892	474344	0.00
2019-03-13	141.55	142.06	140.72	140.83	414022	462574	0.00
2019-03-14	140.83	141.58	140.30	140.81	386796	468886	0.00
2019-03-15	140.81	141.85	140.57	141.45	377506	470752	0.00
2019-03-18	141.58	142.09	140.85	141.07	359666	464592	0.00
2019-03-19	141.07	141.71	140.42	140.44	378890	473388	0.00
2019-03-20	140.44	141.28	139.07	139.47	418318	473508	0.00
2019-03-21	139.47	140.04	139.39	139.82	295734	476478	0.00
2019-03-22	139.82	140.30	139.26	140.20	270488	458364	0.00
2019-03-25	139.85	139.93	139.29	139.58	256588	454112	0.00
2019-03-26	139.58	140.01	139.34	139.42	206562	448462	0.00
2019-03-27	139.42	140.19	139.42	139.90	328694	453654	0.00
2019-03-28	139.90	140.41	138.71	138.87	358594	435582	0.00
2019-03-29	138.87	140.68	138.57	140.36	366954	436134	0.00
2019-04-01	139.99	140.94	139.99	140.79	346900	431772	0.00
2019-04-02	140.79	141.05	140.39	140.49	200674	430648	0.00
2019-04-03	140.49	141.55	140.15	141.44	405738	415756	0.00
2019-04-04	141.44	142.20	141.44	141.85	266600	393034	0.00
2019-04-08	141.80	142.76	141.34	142.63	224240	400532	0.00
2019-04-09	142.63	142.81	141.61	141.98	274210	397912	0.00
2019-04-10	141.98	142.96	141.37	142.85	288498	404546	0.00
2019-04-11	142.85	144.30	142.16	144.00	407330	425638	0.00
2019-04-12	144.00	144.57	143.06	143.12	462324	407296	0.00
2019-04-15	143.46	144.07	142.90	142.96	319012	390944	0.00
2019-04-16	142.96	143.47	142.78	143.10	254840	385190	0.00
2019-04-17	143.10	143.23	142.51	142.59	250472	392330	0.00
2019-04-18	142.59	142.83	141.79	142.00	240548	378528	0.00
2019-04-19	142.00	143.77	141.49	143.72	285084	375036	0.00
2019-04-22	144.55	144.90	144.31	144.47	315350	380464	0.00
2019-04-23	144.47	144.85	144.10	144.19	299062	388758	0.00
2019-04-24	144.19	144.48	143.71	144.24	236210	374678	0.00
2019-04-25	144.24	144.32	143.76	143.97	186592	374608	0.00
2019-04-26	143.97	144.13	142.45	143.21	348564	378790	0.00
2019-04-29	142.88	143.07	142.53	142.85	206544	362594	0.00
2019-04-30	142.85	142.97	142.14	142.32	188830	349678	0.00
2019-05-06	141.90	142.54	139.71	140.08	260412	374874	0.00
2019-05-07	140.08	140.56	139.89	139.97	290668	374494	0.00
2019-05-08	139.97	140.53	139.75	140.08	187534	369780	0.00
2019-05-09	140.08	140.72	139.71	140.28	308488	382146	0.00
2019-05-10	140.28	140.92	140.09	140.84	192186	375586	0.00
2019-05-13	140.63	142.28	140.17	141.96	376894	402004	0.00
2019-05-14	141.96	142.02	139.14	139.86	402104	390972	0.00
2019-05-15	139.86	141.40	139.52	141.29	341802	429948	0.00
2019-05-16	141.29	142.15	141.13	141.50	314740	419130	0.00
2019-05-17	141.50	142.16	140.93	141.30	411294	457036	0.00
2019-05-20	141.33	141.43	140.60	140.98	281968	439946	0.00
2019-05-21	140.98	142.19	140.79	141.65	258594	440030	0.00
2019-05-22	141.65	141.81	140.37	141.21	434162	465350	0.00
2019-05-23	141.21	141.42	139.46	140.02	428190	447360	0.00
2019-05-24	140.02	141.09	139.67	140.16	451372	444266	0.00
2019-05-27	140.78	141.50	140.40	140.61	494966	459294	0.00
2019-05-28	140.61	140.90	139.51	139.91	539950	467060	0.00
2019-05-29	139.91	140.71	139.69	140.09	443922	465994	0.00
2019-05-30	140.09	141.23	138.86	139.13	585972	484148	0.00
2019-05-31	139.13	139.35	138.28	138.44	443400	509094	0.00
2019-06-03	137.75	137.75	135.75	136.23	600524	530988	0.00
2019-06-04	136.23	136.52	135.39	136.06	420924	542860	0.00
2019-06-05	136.06	136.71	135.40	135.51	349594	558510	0.00
2019-06-06	135.51	136.03	133.67	135.87	603560	546004	0.00
2019-06-10	136.11	137.06	136.11	136.60	325146	548898	0.00
2019-06-11	136.60	140.69	136.60	140.45	918026	631386	0.00
2019-06-12	140.45	141.61	138.41	138.52	1026126	579884	0.00
2019-06-13	138.52	140.02	138.52	139.65	581812	609216	0.00
2019-06-14	139.65	140.00	139.22	139.38	456244	609262	0.00
2019-06-17	139.41	139.76	139.01	139.09	526530	615988	0.00
2019-06-18	139.09	139.89	138.85	139.39	535628	638958	0.00
2019-06-19	139.39	140.86	139.39	139.93	770042	705490	0.00
2019-06-20	139.93	140.85	139.50	140.09	777960	769224	0.00
2019-06-21	140.09	140.33	139.03	139.80	650290	773172	0.00
2019-06-24	139.91	140.87	139.83	140.55	556660	777540	0.00
2019-06-25	140.55	141.42	140.41	140.68	648176	773980	0.00
2019-06-26	140.68	142.32	140.25	141.55	829918	826530	0.00
2019-06-27	141.55	141.89	140.63	140.69	586728	796572	0.00
2019-06-28	140.69	143.00	140.47	141.98	1165272	804844	0.00
2019-07-01	142.44	143.70	142.23	143.48	906266	819176	0.00
2019-07-02	143.48	144.07	142.95	143.91	806156	832254	0.00
2019-07-03	143.91	143.97	142.22	142.56	975874	801442	0.00
2019-07-04	142.56	144.93	142.54	143.81	1298072	782294	0.00
2019-07-05	143.81	144.43	142.82	143.30	866412	742524	0.00
2019-07-08	143.62	144.10	142.06	142.43	771400	712628	0.00
2019-07-09	142.43	143.72	140.50	141.01	1022004	694260	0.00
2019-07-10	141.01	141.01	139.38	140.01	1005068	713450	0.00
2019-07-11	140.01	140.94	140.01	140.25	598660	693984	0.00
2019-07-12	140.25	140.27	139.39	140.01	606102	715270	0.00
2019-07-15	139.79	140.86	139.66	140.60	586874	703778	0.00
2019-07-16	140.60	141.51	140.36	140.89	542086	698208	0.00
2019-07-17	140.89	141.16	140.17	140.87	468650	695970	0.00
2019-07-18	140.87	140.92	139.19	139.88	639824	692096	0.00
2019-07-19	139.88	141.00	139.42	140.95	579974	710042	0.00
2019-07-22	139.85	140.54	139.65	140.05	767560	700008	0.00
2019-07-23	140.05	141.33	139.65	140.72	910514	697918	0.00
2019-07-24	140.72	140.72	139.17	140.09	703460	710610	0.00
2019-07-25	140.09	140.84	139.84	140.52	495618	730002	0.00
2019-07-26	140.52	141.05	140.30	140.52	532860	728728	0.00
2019-07-29	140.22	140.22	139.46	139.65	624938	737114	0.00
2019-07-30	139.65	140.37	139.20	139.20	688546	768182	0.00
2019-07-31	139.20	139.81	139.06	139.35	558330	755482	0.00
2019-08-01	139.35	139.52	138.72	138.74	398888	755538	0.00
2019-08-02	138.74	138.85	136.98	137.35	651702	762198	0.00
2019-08-05	138.42	138.59	137.65	137.84	564954	731892	0.00
2019-08-06	137.84	139.15	137.84	138.93	526176	717818	0.00
2019-08-07	138.93	138.93	136.67	137.31	681096	739916	0.00
2019-08-08	137.31	138.60	136.88	137.82	603844	720430	0.00
2019-08-09	137.82	138.22	137.14	138.05	578314	715866	0.00
2019-08-12	138.61	139.96	138.61	139.77	821974	734730	0.00
2019-08-13	139.77	139.77	138.75	139.23	565396	747404	0.00
2019-08-14	139.23	140.19	139.04	139.92	764412	767928	0.00
2019-08-15	139.92	140.16	138.70	139.32	717452	730046	0.00
2019-08-16	139.32	140.31	139.19	139.58	519788	713178	0.00
2019-08-19	139.88	140.52	139.47	140.44	504934	733960	0.00
2019-08-20	140.44	140.65	139.14	139.48	646384	728020	0.00
2019-08-21	139.48	139.64	138.22	139.18	582742	708428	0.00
2019-08-22	139.18	139.29	138.38	138.43	394590	722572	0.00
2019-08-23	138.43	138.59	137.57	138.34	587508	692402	0.00
2019-08-26	138.04	139.15	137.21	139.05	856182	723888	0.00
2019-08-27	139.05	139.85	138.40	138.67	853694	750928	0.00
2019-08-28	138.67	138.97	137.49	138.80	705892	758340	0.00
2019-08-29	138.80	139.07	137.86	137.92	595284	752060	0.00
2019-08-30	137.92	138.48	136.61	136.69	776486	707684	0.00
2019-09-02	137.14	137.92	137.14	137.84	550592	701946	0.00
2019-09-03	137.84	138.14	137.12	137.78	523598	686902	0.00
2019-09-04	137.78	139.43	137.49	139.35	684332	708130	0.00
2019-09-05	139.35	139.94	138.68	138.68	689368	710158	0.00
2019-09-06	138.68	139.56	138.52	138.73	587412	709128	0.00
2019-09-09	139.22	140.29	139.22	139.94	601138	735000	0.00
2019-09-10	139.94	140.69	139.57	139.62	793464	734530	0.00
2019-09-11	139.62	140.19	139.12	139.33	545902	741574	0.00
2019-09-12	140.22	142.25	140.03	140.57	1147652	771734	0.00
2019-09-16	141.06	142.47	141.06	142.07	565302	781382	0.00
2019-09-17	142.07	143.05	141.60	142.35	1013868	805372	0.00
2019-09-18	142.35	142.87	141.69	142.12	678420	827320	0.00
2019-09-19	142.12	142.52	141.17	141.28	1144736	856664	0.00
2019-09-20	141.28	141.93	140.24	140.51	722754	824172	0.00
2019-09-23	140.13	141.07	140.13	140.88	533878	819818	0.00
2019-09-24	140.88	141.44	138.37	138.64	906182	812294	0.00
2019-09-25	138.64	139.21	138.27	139.05	515780	758894	0.00
2019-09-26	139.05	140.13	138.51	139.94	526216	728140	0.00
2019-09-27	139.94	141.00	139.05	139.18	877894	699216	0.00
2019-09-30	139.77	140.74	139.77	140.34	426260	655232	0.00
2019-10-08	140.23	140.44	139.32	140.12	283330	666442	0.00
2019-10-09	140.12	140.54	139.50	140.27	485910	719036	0.00
2019-10-10	140.27	141.25	139.55	140.12	567532	778468	0.00
2019-10-11	140.12	140.84	139.88	140.79	485438	795808	0.00
2019-10-14	140.45	140.98	139.64	139.94	557958	842166	0.00
2019-10-15	139.94	140.34	139.45	140.26	483766	841416	0.00
2019-10-16	140.26	140.58	139.48	139.48	611246	871648	0.00
2019-10-17	139.48	139.86	138.46	138.52	738948	950282	0.00
2019-10-18	138.52	141.78	138.41	141.53	1548782	1081604	0.00
2019-10-21	142.29	142.75	141.30	142.16	1449612	1146762	0.00
2019-10-22	142.16	142.19	140.93	141.89	976806	1150988	0.00
2019-10-23	141.89	143.07	141.38	142.56	847312	1154892	0.00
2019-10-24	142.56	143.01	142.31	142.64	608886	1162294	0.00
2019-10-25	142.64	142.99	141.40	142.29	1037714	1131272	0.00
2019-10-28	142.15	142.37	141.13	141.24	693828	1077106	0.00
2019-10-29	141.24	141.72	140.72	141.61	703068	1045150	0.00
2019-10-30	141.61	141.88	141.29	141.58	509350	1034990	0.00
2019-10-31	141.58	142.09	141.20	141.47	543308	1012034	0.00
2019-11-01	141.47	141.93	140.83	141.64	749864	1053336	0.00
2019-11-04	141.61	141.96	141.26	141.39	425222	1028282	0.00
2019-11-05	141.39	142.04	141.29	141.96	415350	1022190	0.00
2019-11-06	141.96	142.44	140.54	140.62	726640	1022324	0.00
2019-11-07	140.62	141.24	140.54	140.76	447644	1003202	0.00
2019-11-08	140.76	141.35	140.60	141.30	527646	965542	0.00
2019-11-11	141.49	141.49	139.68	139.95	918060	900268	0.00
2019-11-12	139.95	140.24	139.28	139.41	607410	873736	0.00
2019-11-13	139.41	140.35	138.49	139.52	862402	891680	0.00
2019-11-14	139.52	140.33	139.20	140.33	451630	891016	0.00
2019-11-15	140.33	140.60	139.72	139.72	527916	913260	0.00
2019-11-18	139.33	139.63	138.85	139.39	558916	925816	0.00
2019-11-19	139.39	139.69	138.59	138.80	680320	945158	0.00
2019-11-20	138.80	139.31	138.48	138.70	452650	926542	0.00
2019-11-21	138.70	138.86	137.21	137.21	690826	928840	0.00
2019-11-22	137.21	137.74	136.97	137.24	646774	893570	0.00
2019-11-25	137.48	137.91	137.26	137.72	471110	875064	0.00
2019-11-26	137.72	137.77	137.26	137.37	352380	868328	0.00
2019-11-27	137.37	138.29	136.99	138.04	671674	883888	0.00
2019-11-28	138.04	138.18	137.49	137.97	479476	894152	0.00
2019-11-29	137.97	138.10	137.49	137.70	452754	888482	0.00
2019-12-02	136.74	137.15	136.50	136.93	537154	893706	0.00
2019-12-03	136.93	137.17	136.69	137.04	319766	890266	0.00
2019-12-04	137.04	137.47	136.63	137.41	458026	862764	0.00
2019-12-05	137.41	137.52	136.65	136.84	449430	814198	0.00
2019-12-06	136.84	137.30	136.74	136.95	305800	808490	0.00
2019-12-09	137.84	138.62	137.81	138.40	592620	779716	0.00
2019-12-10	138.40	138.92	138.00	138.54	481250	783146	0.00
2019-12-11	138.54	138.86	138.27	138.83	347656	772106	0.00
2019-12-12	138.83	138.83	138.18	138.51	376294	727528	0.00
2019-12-13	138.51	139.18	138.32	138.99	498766	711348	0.00
2019-12-16	138.59	139.10	138.59	138.86	392274	700864	0.00
2019-12-17	138.86	138.99	138.37	138.56	272834	687646	0.00
2019-12-18	138.56	140.07	138.56	139.45	615504	775544	0.00
2019-12-19	139.45	139.56	139.16	139.40	273524	735354	0.00
2019-12-20	139.40	139.53	138.91	139.26	264982	711834	0.00
2019-12-23	139.16	139.93	139.05	139.74	489310	688048	0.00
2019-12-24	139.74	140.46	139.68	140.30	363546	709926	0.00
2019-12-25	140.30	140.43	139.95	139.98	279840	703430	0.00
2019-12-26	139.98	140.73	139.98	140.30	256230	700736	0.00
2019-12-27	140.30	141.51	140.22	141.00	344316	705098	0.00
2019-12-30	141.08	141.59	140.95	141.21	285732	690216	0.00
2019-12-31	141.21	141.73	140.41	140.81	356846	652292	0.00
2020-01-02	140.87	141.67	140.87	141.35	132381	340879	0.00
2020-01-03	141.35	142.59	141.35	142.24	209294	363840	0.00
2020-01-06	142.22	142.43	141.71	141.82	214106	376000	0.00
2020-01-07	141.90	142.19	141.76	142.03	118294	382015	0.00
2020-01-08	142.03	143.47	142.03	143.12	284790	398699	0.00
2020-01-09	143.12	143.52	142.64	142.93	213372	409222	0.00
2020-01-10	142.93	143.44	142.77	142.91	165925	410746	0.00
2020-01-13	142.34	142.73	142.18	142.47	243373	430387	0.00
2020-01-14	142.47	142.84	142.28	142.42	142105	424240	0.00
2020-01-15	142.42	143.41	142.42	142.90	172503	431701	0.00
2020-01-16	142.90	143.76	142.74	143.33	233776	420801	0.00
2020-01-17	143.33	143.54	143.17	143.28	104431	414348	0.00
2020-01-20	143.09	144.10	143.00	144.10	183868	417327	0.00
2020-01-21	144.10	144.10	142.12	142.20	221469	391740	0.00
2020-01-22	142.20	142.24	141.24	142.10	238846	378492	0.00
2020-01-23	142.10	142.10	140.01	140.25	177529	349269	0.00
2020-02-03	133.99	135.18	132.11	133.05	284900	328933	0.00
2020-02-04	133.05	135.33	132.89	134.22	253837	340949	0.00
2020-02-05	134.22	135.22	133.66	134.52	227909	354813	0.00
2020-02-06	134.52	137.27	134.49	136.73	262368	326206	0.00
2020-02-07	136.73	136.73	135.95	136.22	111395	323627	0.00
2020-02-10	136.11	136.38	135.68	136.27	97210	331343	0.00
2020-02-11	136.27	137.43	136.14	136.84	154281	333987	0.00
2020-02-12	136.84	137.50	136.57	136.94	144725	334056	0.00
2020-02-13	136.94	137.34	135.78	136.08	194518	351656	0.00
2020-02-14	136.08	136.32	135.81	136.19	90386	346107	0.00
2020-02-17	136.19	136.86	135.59	136.67	141476	342215	0.00
2020-02-18	136.67	136.80	136.10	136.45	130399	344249	0.00
2020-02-19	136.45	137.12	136.40	136.88	101382	338984	0.00
2020-02-20	136.88	139.02	136.88	138.89	232660	335547	0.00
2020-02-21	138.89	139.69	138.57	139.18	194136	341043	0.00
2020-02-24	139.02	139.54	137.47	139.27	227878	347398	0.00
2020-02-25	139.27	139.65	138.38	138.81	233277	359468	0.00
2020-02-26	138.81	138.84	137.98	138.17	152715	349597	0.00
2020-02-27	138.17	138.25	137.13	137.13	169815	346973	0.00
2020-02-28	137.13	137.13	135.16	135.41	278453	343447	0.00
2020-03-02	135.60	138.12	135.24	137.02	260132	325766	0.00
2020-03-03	137.02	138.07	136.29	136.34	190887	341455	0.00
2020-03-04	136.34	136.88	136.13	136.45	147092	341657	0.00
2020-03-05	136.45	136.91	136.42	136.69	133915	342055	0.00
2020-03-06	136.69	137.78	136.26	136.98	294457	355458	0.00
2020-03-09	135.42	135.77	133.56	135.18	301939	333402	0.00
2020-03-10	135.18	137.03	135.13	136.68	206414	314620	0.00
2020-03-11	136.68	137.46	136.63	136.71	170420	311717	0.00
2020-03-12	136.71	136.76	135.64	136.39	176752	306047	0.00
2020-03-13	136.39	136.39	134.45	135.07	316742	304187	0.00
2020-03-16	135.02	136.03	133.65	133.67	281199	323639	0.00
2020-03-17	133.67	134.00	132.93	133.57	197930	313211	0.00
2020-03-18	133.57	134.48	132.84	132.92	216480	314826	0.00
2020-03-19	132.92	133.51	130.22	132.48	406668	307329	0.00
2020-03-20	132.48	133.39	131.54	131.95	227096	299128	0.00
2020-03-23	131.79	131.79	129.12	129.26	259958	320750	0.00
2020-03-24	129.26	130.87	129.25	130.81	248071	313139	0.00
2020-03-25	130.81	132.00	130.51	131.43	206508	298998	0.00
2020-03-26	131.43	131.48	130.67	130.88	214923	313865	0.00
2020-03-27	130.88	132.51	130.88	131.65	324356	315430	0.00
2020-03-30	131.60	131.60	129.62	130.50	280415	299733	0.00
2020-03-31	130.50	131.71	130.29	130.56	205651	288469	0.00
2020-04-01	130.56	130.77	129.05	129.13	270144	285104	0.00
2020-04-02	129.13	130.02	127.81	129.88	463937	285115	0.00
2020-04-03	129.88	129.88	126.60	126.73	434592	303178	0.00
2020-04-07	127.32	128.50	126.97	128.50	335304	302884	0.00
2020-04-08	128.50	128.87	127.69	128.31	331973	318141	0.00
2020-04-09	128.31	129.04	127.99	128.13	279965	332977	0.00
2020-04-10	128.13	129.02	127.48	128.61	309176	341208	0.00
2020-04-13	127.91	128.45	125.49	125.54	454399	392263	0.00
2020-04-14	125.54	127.02	124.33	126.64	456807	367353	0.00
2020-04-15	126.64	128.53	126.08	127.97	703716	423305	0.00
2020-04-16	127.97	127.97	126.03	127.16	526596	399999	0.00
2020-04-17	127.16	129.64	127.16	129.18	641948	442976	0.00
2020-04-20	128.56	129.08	127.70	128.03	478078	468282	0.00
2020-04-21	128.03	128.03	125.69	125.94	492333	441508	0.00
2020-04-22	125.94	127.17	125.00	126.52	435840	437547	0.00
2020-04-23	126.52	127.55	125.61	125.77	416319	456493	0.00
2020-04-24	125.77	127.17	125.77	126.66	382632	461555	0.00
2020-04-27	126.88	127.98	126.72	127.26	419430	454877	0.00
2020-04-28	127.26	127.26	126.37	126.47	298221	437028	0.00
2020-04-29	126.47	127.72	126.47	127.15	303791	432518	0.00
2020-04-30	127.15	128.47	127.15	128.12	247107	411261	0.00
2020-05-06	128.25	129.21	127.88	128.96	316133	442103	0.00
2020-05-07	128.96	129.85	128.69	129.69	351430	473918	0.00
2020-05-08	129.69	130.69	129.58	130.33	425741	459626	0.00
2020-05-11	130.31	131.61	130.31	131.47	519104	482686	0.00
2020-05-12	131.47	131.80	130.80	131.63	361433	468505	0.00
2020-05-13	131.63	133.05	131.45	132.27	653626	500795	0.00
2020-05-14	132.27	132.62	131.03	131.78	507914	482844	0.00
2020-05-15	131.78	132.24	130.73	131.02	496226	452175	0.00
2020-05-18	131.16	132.75	131.16	132.30	412494	436360	0.00
2020-05-19	132.30	133.99	132.30	132.91	547783	440326	0.00
2020-05-20	132.91	133.56	132.62	133.21	353265	438109	0.00
2020-05-21	133.21	134.15	132.88	134.09	353336	425214	0.00
2020-05-22	134.09	134.31	131.79	131.95	489069	426392	0.00
2020-05-25	132.70	135.70	132.70	135.61	686850	440261	0.00
2020-05-26	135.61	136.55	135.37	136.12	563559	436352	0.00
2020-05-27	136.12	136.12	135.23	135.74	399794	416036	0.00
2020-05-28	135.74	136.17	135.02	135.69	370650	411325	0.00
2020-05-29	135.69	136.02	134.67	135.40	414687	411654	0.00
2020-06-01	136.13	136.69	135.96	136.42	493895	406068	0.00
2020-06-02	136.42	137.07	135.66	136.72	372963	409829	0.00
2020-06-03	136.72	136.80	136.10	136.42	317893	400784	0.00
2020-06-04	136.42	136.92	135.96	136.20	426146	411472	0.00
2020-06-05	136.20	136.90	135.90	136.79	394599	414937	0.00
2020-06-08	136.33	137.14	136.33	136.68	327573	408922	0.00
2020-06-09	136.68	136.90	135.31	135.90	529582	433302	0.00
2020-06-10	135.90	136.36	135.76	135.98	376437	433615	0.00
2020-06-11	135.98	137.04	135.61	136.37	510615	436378	0.00
2020-06-12	136.37	137.42	135.89	136.86	580526	432584	0.00
2020-06-15	136.99	137.13	136.03	136.54	516531	429650	0.00
2020-06-16	136.54	137.15	136.35	137.01	311951	423430	0.00
2020-06-17	137.01	137.01	135.96	136.48	356419	415756	0.00
2020-06-18	136.48	136.91	136.21	136.29	270297	410549	0.00
2020-06-19	136.29	137.07	136.21	137.01	298430	402476	0.00
2020-06-22	137.15	137.26	136.69	136.91	263136	401277	0.00
2020-06-23	136.91	137.18	136.67	136.86	229635	402586	0.00
2020-06-24	136.86	138.50	136.73	138.48	445991	403305	0.00
2020-06-29	138.45	138.55	137.64	137.86	286901	395221	0.00
2020-06-30	137.86	138.72	137.80	138.20	342082	410191	0.00
2020-07-01	138.20	139.04	138.18	138.93	203361	418529	0.00
2020-07-02	138.93	139.63	138.66	139.47	268017	438904	0.00
2020-07-03	139.47	139.79	139.17	139.41	223050	433185	0.00
2020-07-06	139.60	140.35	139.49	140.11	214413	441361	0.00
2020-07-07	140.11	141.38	139.92	141.11	384013	478448	0.00
2020-07-08	141.11	141.81	140.79	141.41	238839	473405	0.00
2020-07-09	141.41	142.51	141.33	142.22	290143	488831	0.00
2020-07-10	142.22	142.49	141.49	141.58	326278	479353	0.00
2020-07-13	142.44	144.76	142.28	144.11	638061	490600	0.00
2020-07-14	144.11	145.54	143.98	144.63	529889	492308	0.00
2020-07-15	144.63	145.65	144.52	145.19	374822	499879	0.00
2020-07-16	145.19	145.51	144.41	144.52	339080	501412	0.00
2020-07-17	144.52	147.43	144.52	146.84	747930	540568	0.00
2020-07-20	146.46	146.86	146.09	146.54	454229	527314	0.00
2020-07-21	146.54	149.50	146.54	149.23	725891	545807	0.00
2020-07-22	149.23	152.63	149.07	149.69	1257313	557461	0.00
2020-07-23	149.69	151.55	147.69	148.95	1641295	586109	0.00
2020-07-24	148.95	149.28	147.58	148.52	1037453	576353	0.00
2020-07-27	149.95	150.94	148.94	149.32	972401	605655	0.00
2020-07-28	149.32	150.05	147.65	148.80	729701	584669	0.00
2020-07-29	147.59	148.34	147.18	147.85	1176856	586354	0.00
2020-07-30	147.85	148.96	147.85	148.67	636868	609936	0.00
2020-07-31	148.67	149.43	147.73	149.21	823623	629151	0.00
2020-08-03	150.97	152.31	150.97	152.13	1291498	699045	0.00
2020-08-04	152.13	156.14	152.13	155.44	1670228	658043	0.00
2020-08-05	155.44	156.06	154.22	155.77	1006201	687826	0.00
2020-08-06	155.77	157.68	155.09	156.84	1360901	700301	0.00
2020-08-07	156.84	158.75	156.25	158.53	1434053	723465	0.00
2020-08-10	156.30	158.29	156.30	157.59	1499536	720662	0.00
2020-08-11	157.59	161.52	157.59	161.28	2097082	792404	0.00
2020-08-12	161.28	162.35	157.05	160.28	2747542	757999	0.00
2020-08-13	160.28	161.74	158.50	160.63	2472356	875257	0.00
2020-08-14	160.63	160.76	159.50	159.74	1268371	848132	0.00
2020-08-17	159.34	160.68	159.15	160.63	1479158	899910	0.00
2020-08-18	160.63	162.14	160.01	160.74	1659761	945317	0.00
2020-08-19	160.74	160.79	159.63	159.85	1293781	939797	0.00
2020-08-20	159.85	160.20	158.26	159.18	1258353	969570	0.00
2020-08-21	159.18	159.74	154.87	155.19	2501230	948594	0.00
2020-08-24	154.92	157.26	153.87	157.08	1745402	964918	0.00
2020-08-25	157.08	157.08	153.30	153.92	1800291	1000517	0.00
2020-08-26	153.92	155.28	152.73	155.23	1598333	1019014	0.00
2020-08-27	155.23	158.35	154.87	157.27	2168409	1065568	0.00
2020-08-28	157.27	162.09	157.00	162.09	2517456	1169220	0.00
2020-08-31	163.93	167.10	163.93	166.05	2734062	1257743	0.00
2020-09-01	166.05	166.69	163.25	163.54	2292175	1217133	0.00
2020-09-02	163.54	166.01	163.09	163.87	2064894	1244099	0.00
2020-09-03	163.87	164.85	160.17	160.63	2831878	1190968	0.00
2020-09-04	160.63	161.48	156.97	158.57	2874103	1062280	0.00
2020-09-07	158.63	159.69	157.96	158.74	2513265	1075266	0.00
2020-09-08	158.74	159.78	158.22	158.91	1632163	1062612	0.00
2020-09-09	158.91	159.36	155.09	157.64	2642832	1045329	0.00
2020-09-10	157.64	159.12	155.48	156.15	2362673	1037516	0.00
2020-09-11	156.15	157.07	155.29	156.69	2443930	1012984	0.00
2020-09-14	155.81	157.44	154.34	154.90	2534150	1088680	0.00
2020-09-15	154.90	155.71	151.20	151.82	3301339	1025374	0.00
2020-09-16	151.82	152.65	150.88	152.09	2271079	1002461	0.00
2020-09-17	152.09	152.63	150.71	151.02	1419271	1014242	0.00
2020-09-18	151.02	153.90	150.53	152.61	2298815	980822	0.00
2020-09-21	152.55	152.95	149.71	150.69	1944160	975955	0.00
2020-09-22	150.69	152.12	148.30	151.32	2099251	954988	0.00
2020-09-23	151.32	153.31	150.00	152.07	2600308	917442	0.00
2020-09-24	152.07	152.86	150.67	152.02	2189955	918717	0.00
2020-09-25	152.02	152.77	150.54	152.39	1592573	903736	0.00
2020-09-28	152.64	153.78	151.43	151.79	2294308	866132	0.00
2020-09-29	151.79	152.43	151.09	152.28	1408333	818733	0.00
2020-09-30	154.58	154.58	154.58	154.58	1456543	715783	0.00
2020-10-09	154.90	156.03	154.25	155.17	805868	771393	0.00
2020-10-12	155.29	158.92	155.29	158.46	1414922	887253	0.00
2020-10-13	158.46	158.89	156.52	156.95	1383804	891184	0.00
2020-10-14	156.95	157.30	155.07	155.82	1266876	881704	0.00
2020-10-15	155.82	156.73	154.74	154.79	1568527	883203	0.00
2020-10-16	154.79	156.29	153.99	156.10	1099871	887013	0.00
2020-10-19	156.00	157.09	154.60	155.18	1433488	894371	0.00
2020-10-20	155.18	155.62	153.46	155.54	1510748	899288	0.00
2020-10-21	155.54	155.64	153.41	153.79	1173817	882280	0.00
2020-10-22	153.79	154.96	153.12	153.67	1386959	878564	0.00
2020-10-23	153.67	154.75	152.84	153.24	1169436	857182	0.00
2020-10-26	153.70	154.24	152.56	153.83	1310447	880607	0.00
2020-10-27	153.83	155.94	153.83	155.94	1332647	926504	0.00
2020-10-28	155.94	156.31	154.00	154.22	1236646	880164	0.00
2020-10-29	154.22	154.46	153.03	153.14	1107059	861072	0.00
2020-10-30	153.14	155.00	152.17	154.63	1397550	859435	0.00
2020-11-02	154.29	155.34	153.32	153.75	1196671	842935	0.00
2020-11-03	153.75	155.49	153.68	153.68	1038185	827221	0.00
2020-11-04	153.68	155.08	153.68	153.87	904229	813457	0.00
2020-11-05	153.87	154.27	153.14	153.79	888709	815831	0.00
2020-11-06	153.79	157.58	153.79	156.46	2149082	827119	0.00
2020-11-09	156.12	157.01	155.88	156.58	1165865	798566	0.00
2020-11-10	156.58	158.11	156.25	157.51	1134727	813771	0.00
2020-11-11	157.51	160.02	157.51	159.37	1608405	885433	0.00
2020-11-12	159.37	160.24	158.78	160.05	1342544	912077	0.00
2020-11-13	160.05	161.47	159.94	161.33	1299564	900801	0.00
2020-11-16	161.85	162.76	161.09	162.54	1489409	908558	0.00
2020-11-17	162.54	163.53	161.78	163.34	1146084	926756	0.00
2020-11-18	163.34	163.34	160.52	160.93	1407301	897347	0.00
2020-11-19	160.93	164.00	160.63	163.14	1634002	950470	0.00
2020-11-20	163.14	165.09	162.86	163.73	1354759	952708	0.00
2020-11-23	164.61	164.61	162.18	162.34	1497591	921880	0.00
2020-11-24	162.34	162.80	161.51	162.48	1129721	912939	0.00
2020-11-25	162.48	163.31	161.72	162.07	1152985	893987	0.00
2020-11-26	162.07	163.38	161.75	163.04	1138049	915626	0.00
2020-11-27	163.04	164.36	162.83	163.58	1076426	913293	0.00
2020-11-30	164.01	164.01	161.97	162.00	1111066	884847	0.00
2020-12-01	162.00	162.67	161.27	162.21	771270	869240	0.00
2020-12-02	162.21	164.87	162.21	164.57	1347423	897330	0.00
2020-12-03	164.57	165.44	163.96	164.65	840089	883083	0.00
2020-12-04	164.65	165.46	162.79	165.11	1082707	868856	0.00
2020-12-07	167.05	170.38	167.05	169.45	1851727	905226	0.00
2020-12-08	169.45	171.61	169.00	171.55	1305738	944818	0.00
2020-12-09	171.55	175.21	171.05	172.89	1850638	935026	0.00
2020-12-10	174.13	175.96	173.32	173.48	1848645	903189	0.00
2020-12-11	173.48	175.48	172.86	173.96	1852675	886241	0.00
2020-12-14	174.40	176.15	172.08	172.40	2202909	906081	0.00
2020-12-15	172.40	173.67	171.54	173.34	1467361	890158	0.00
2020-12-16	173.34	175.47	171.57	172.92	2073365	919344	0.00
2020-12-17	172.92	173.93	172.35	173.59	1359080	924115	0.00
2020-12-18	173.59	176.43	173.59	176.03	1616132	902697	0.00
2020-12-21	175.33	178.90	174.65	178.02	1572469	887881	0.00
2020-12-22	178.02	178.02	174.89	174.95	1479419	821940	0.00
2020-12-23	174.95	177.56	174.25	177.16	1737438	827205	0.00
2020-12-24	177.16	178.10	174.63	174.92	1185869	808829	0.00
2020-12-25	174.92	178.51	174.43	177.82	1498590	787489	0.00
2020-12-28	177.29	177.29	173.17	173.68	1535498	755984	0.00
2020-12-29	173.68	176.13	172.45	173.36	1536920	773244	0.00
2020-12-30	173.36	174.85	172.48	174.50	1131398	771604	0.00
2020-12-31	174.50	176.89	174.37	176.84	1539898	768252	0.00
2021-01-04	176.14	177.97	174.77	177.27	981944	769340	0.00
2021-01-05	177.27	179.12	176.68	177.43	1468311	781388	0.00
2021-01-06	177.43	177.97	175.70	176.55	1714430	817959	0.00
2021-01-07	176.55	178.08	176.41	178.08	1509094	833002	0.00
2021-01-08	178.08	180.54	175.95	177.58	2174956	798430	0.00
2021-01-11	177.94	177.94	174.18	176.28	2100633	802452	0.00
2021-01-12	176.28	178.95	173.72	178.76	1723902	823090	0.00
2021-01-13	178.76	179.48	175.76	176.02	1781697	844928	0.00
2021-01-14	176.02	176.76	173.25	173.59	1790913	836223	0.00
2021-01-15	173.59	176.45	173.46	175.70	1747481	822464	0.00
2021-01-18	175.67	179.77	175.02	179.69	1733729	871901	0.00
2021-01-19	179.69	179.69	175.85	176.87	1640480	873325	0.00
2021-01-20	176.87	178.32	176.36	177.41	1286533	880093	0.00
2021-01-21	177.41	179.77	176.68	179.39	1616595	885796	0.00
2021-01-22	179.39	181.06	178.89	180.15	1578441	897019	0.00
2021-01-25	179.28	182.56	179.26	182.54	2347024	971532	0.00
2021-01-26	182.54	184.04	181.59	181.97	1856556	1000695	0.00
2021-01-27	181.97	183.68	181.59	183.60	1475885	999237	0.00
2021-01-28	183.60	184.62	182.13	183.64	1747897	998360	0.00
2021-01-29	183.64	185.84	183.13	185.52	1688710	1014996	0.00
2021-02-01	186.58	187.23	185.51	186.33	1835694	988651	0.00
2021-02-02	186.33	186.85	183.54	183.62	1598100	983325	0.00
2021-02-03	183.62	184.27	180.70	181.34	1807334	977780	0.00
2021-02-04	181.34	185.79	181.23	185.63	1595534	988239	0.00
2021-02-05	185.63	186.52	184.67	186.46	1446534	1015474	0.00
2021-02-08	186.28	187.99	185.87	187.77	1471352	993086	0.00
2021-02-09	187.77	190.42	187.08	190.18	1260576	961550	0.00
2021-02-10	190.18	191.51	189.05	191.43	946632	906724	0.00
2021-02-18	191.97	195.36	191.97	194.40	723375	952710	0.00
2021-02-19	194.40	196.04	193.75	195.67	1154511	994515	0.00
2021-02-22	197.53	199.52	196.61	197.64	1552118	1025231	0.00
2021-02-23	197.64	203.61	196.60	201.82	1950201	1011148	0.00
2021-02-24	201.82	203.64	200.77	203.46	1472284	1034189	0.00
2021-02-25	203.46	211.04	202.31	209.49	2040275	992789	0.00
2021-02-26	209.49	210.13	206.25	208.60	1792645	978295	0.00
2021-03-01	212.79	213.84	209.25	210.32	2156976	980089	0.00
2021-03-02	210.32	210.68	204.75	208.40	2200350	996555	0.00
2021-03-03	208.40	215.54	208.40	210.34	2713858	988056	0.00
2021-03-04	210.34	211.41	208.06	208.87	2522266	1026066	0.00
2021-03-05	208.87	210.87	204.89	209.37	3347202	1068952	0.00
2021-03-08	211.26	213.58	205.54	207.03	3469421	1048189	0.00
2021-03-09	207.03	208.67	203.61	203.61	3083937	1011809	0.00
2021-03-10	203.61	206.95	202.62	205.49	2544983	1021065	0.00
2021-03-11	205.49	205.63	198.59	203.27	3237765	985631	0.00
2021-03-12	203.27	203.99	201.52	203.10	1775361	985924	0.00
2021-03-15	202.61	204.60	200.73	204.42	2022176	986450	0.00
2021-03-16	204.42	205.36	200.51	202.84	2264627	1079871	0.00
2021-03-17	202.84	207.41	201.94	207.19	1756288	1073215	0.00
2021-03-18	207.19	209.28	206.44	208.95	1792687	1098791	0.00
2021-03-19	208.95	208.95	203.37	204.45	1992633	1035324	0.00
2021-03-22	207.94	209.73	206.97	208.65	1954591	1119895	0.00
2021-03-23	208.65	209.16	206.72	207.93	1588851	1088379	0.00
2021-03-24	207.93	207.93	203.34	206.31	2106313	1110837	0.00
2021-03-25	206.31	206.63	204.09	204.55	1532718	1108851	0.00
2021-03-26	204.55	208.52	201.70	208.44	2168053	1206799	0.00
2021-03-29	207.88	208.52	206.80	207.34	1771379	1180699	0.00
2021-03-30	207.34	207.34	202.57	204.07	2047046	1215778	0.00
2021-03-31	204.07	204.32	199.02	199.45	1953041	1174784	0.00
2021-04-01	199.45	205.89	198.91	204.60	1918685	1181084	0.00
2021-04-02	204.60	208.24	202.48	205.48	2321862	1123919	0.00
2021-04-06	205.80	210.24	205.45	209.31	1390355	1144247	0.00
2021-04-07	209.31	210.11	207.13	208.82	1538386	1162933	0.00
2021-04-08	208.82	210.36	208.15	209.15	1414376	1178803	0.00
2021-04-09	209.15	209.55	204.21	204.66	2054705	1145828	0.00
2021-04-12	205.98	206.14	202.78	205.45	2081935	1224644	0.00
2021-04-13	205.45	212.50	205.45	211.02	2097051	1321059	0.00
2021-04-14	211.02	211.66	209.84	210.76	1406533	1318229	0.00
2021-04-15	210.76	211.99	209.06	211.91	2164342	1371801	0.00
2021-04-16	211.91	215.44	211.64	215.06	1812816	1375924	0.00
2021-04-19	215.29	216.77	213.69	216.10	1744639	1374260	0.00
2021-04-20	216.10	217.85	215.46	217.83	1312453	1414112	0.00
2021-04-21	217.83	217.83	213.73	215.21	1685649	1357364	0.00
2021-04-22	215.21	216.99	212.99	213.77	1929045	1331074	0.00
2021-04-23	213.77	215.57	213.42	215.30	1441046	1320242	0.00
2021-04-26	215.62	217.87	215.50	217.49	1835352	1322888	0.00
2021-04-27	217.49	219.55	216.21	219.17	1460819	1353326	0.00
2021-04-28	219.17	220.75	218.33	220.38	1475640	1327884	0.00
2021-04-29	220.38	223.19	220.21	222.01	2159902	1242796	0.00
2021-04-30	222.01	224.58	220.86	224.55	1787105	1187626	0.00
2021-05-06	225.90	231.29	225.90	230.69	1569868	1165539	0.00
2021-05-07	230.69	233.54	229.91	232.81	1997069	1200540	0.00
2021-05-10	233.30	240.44	233.30	239.56	2559083	1136425	0.00
2021-05-11	239.56	247.64	235.69	244.61	2922603	1053910	0.00
2021-05-12	244.61	250.55	242.68	250.36	2588800	1097104	0.00
2021-05-13	250.36	252.88	241.84	246.90	3296762	1080542	0.00
2021-05-14	246.90	248.41	235.63	239.51	3239243	1015700	0.00
2021-05-17	244.11	244.82	235.88	238.26	2867767	1059307	0.00
2021-05-18	238.26	242.16	237.10	241.76	1691339	1082489	0.00
2021-05-19	241.76	242.56	232.13	233.86	2141736	1035742	0.00
2021-05-20	233.86	233.86	224.00	231.20	2738112	1049622	0.00
2021-05-21	231.20	231.20	225.14	225.36	2198242	1040613	0.00
2021-05-24	220.69	226.63	219.06	224.82	2668819	1060986	0.00
2021-05-25	224.82	228.57	224.27	224.93	1830259	1077964	0.00
2021-05-26	224.93	226.11	220.08	220.72	1777576	1081585	0.00
2021-05-27	220.72	220.91	213.66	215.55	2436105	1113687	0.00
2021-05-28	215.55	223.94	214.58	222.87	2301793	1040407	0.00
2021-05-31	227.59	228.12	225.00	226.58	1772619	1003217	0.00
2021-06-01	226.58	228.40	224.67	226.81	1271526	916967	0.00
2021-06-02	226.81	230.37	223.74	224.53	1667572	888851	0.00
2021-06-03	224.53	227.37	222.42	223.90	1363939	890631	0.00
2021-06-04	223.90	227.54	221.06	226.75	1605270	863622	0.00
2021-06-07	228.16	228.37	223.73	223.95	1393646	845483	0.00
2021-06-08	223.95	224.43	219.51	222.30	1347637	832819	0.00
2021-06-09	222.30	222.75	219.15	221.48	1254594	856119	0.00
2021-06-10	221.48	224.42	219.67	222.26	1108333	839558	0.00
2021-06-11	222.26	226.86	222.26	226.78	963497	851771	0.00
2021-06-15	226.03	226.15	218.68	220.58	974336	821933	0.00
2021-06-16	220.58	222.19	217.72	217.99	1033697	843752	0.00
2021-06-17	217.99	220.89	216.71	220.46	1133154	852851	0.00
2021-06-18	220.46	220.46	215.82	217.03	1174300	855372	0.00
2021-06-21	218.41	220.16	217.13	217.30	1052823	882863	0.00
2021-06-22	217.30	222.75	216.41	222.34	1127849	906612	0.00
2021-06-23	222.34	225.02	221.14	223.46	944728	874932	0.00
2021-06-24	223.46	230.72	223.46	230.18	1223121	945955	0.00
2021-06-25	230.18	233.66	229.06	233.21	920719	922385	0.00
2021-06-28	232.40	232.96	230.08	232.20	959267	931904	0.00
2021-06-29	232.20	233.04	230.19	231.43	788316	957082	0.00
2021-06-30	231.43	233.84	230.30	232.81	885128	959087	0.00
2021-07-01	232.81	235.27	229.80	230.74	1024480	944520	0.00
2021-07-02	230.74	233.97	230.01	233.70	908839	954847	0.00
2021-07-05	232.33	233.94	230.48	233.07	868448	921275	0.00
2021-07-06	233.07	236.23	233.07	235.21	839136	935032	0.00
2021-07-07	235.21	235.98	232.77	235.43	937988	952470	0.00
2021-07-08	235.43	238.67	235.10	237.96	1182906	1026987	0.00
2021-07-09	237.96	240.21	236.83	239.73	997130	1025353	0.00
2021-07-12	242.73	243.98	241.65	242.59	1068320	1077448	0.00
2021-07-13	242.59	244.79	242.17	244.52	878140	1119019	0.00
2021-07-14	244.52	248.33	244.07	248.27	1089333	1114918	0.00
2021-07-15	248.27	248.27	243.17	245.55	1183193	1079528	0.00
2021-07-16	245.55	248.73	245.04	248.54	961416	1072014	0.00
2021-07-19	252.94	254.99	250.16	250.19	1385275	1033313	0.00
2021-07-20	250.19	250.19	242.55	244.84	1226494	953199	0.00
2021-07-21	244.84	247.87	244.32	244.71	871204	947202	0.00
2021-07-22	244.71	248.12	244.33	247.30	828835	974169	0.00
2021-07-23	247.30	248.76	244.40	245.63	1273352	979268	0.00
2021-07-26	241.99	243.55	237.68	239.12	1400540	915963	0.00
2021-07-27	239.12	241.19	232.19	233.02	1170633	832854	0.00
2021-07-28	233.02	237.62	233.02	236.93	882468	811153	0.00
2021-07-29	236.93	240.42	236.93	239.42	744544	820573	0.00
2021-07-30	239.42	240.39	237.12	239.56	777946	807982	0.00
2021-08-02	234.92	235.77	233.26	233.84	999561	792102	0.00
2021-08-03	233.84	233.84	227.83	228.91	946988	760283	0.00
2021-08-04	228.91	235.33	228.91	234.78	921240	769650	0.00
2021-08-05	234.78	234.89	229.25	229.76	872261	746520	0.00
2021-08-06	229.76	232.25	229.03	231.20	660490	736670	0.00
2021-08-09	232.66	234.44	230.15	233.25	792539	718239	0.00
2021-08-10	233.25	238.81	232.71	238.59	772315	708465	0.00
2021-08-11	238.59	239.67	237.24	238.35	470943	685928	0.00
2021-08-12	238.35	238.75	231.01	231.06	732991	673759	0.00
2021-08-13	231.06	232.83	229.74	231.25	739383	680278	0.00
2021-08-16	233.02	235.67	231.83	233.63	716758	689001	0.00
2021-08-17	233.63	234.47	230.10	233.32	767399	670864	0.00
2021-08-18	233.32	235.07	229.21	230.85	659718	676451	0.00
2021-08-19	230.85	231.65	224.30	228.28	857293	682894	0.00
2021-08-20	228.28	228.28	224.23	226.55	748238	672518	0.00
2021-08-23	230.01	231.17	227.24	230.69	743801	668742	0.00
2021-08-24	230.69	232.62	228.85	229.58	543998	661751	0.00
2021-08-25	229.58	229.61	226.05	227.54	630493	676269	0.00
2021-08-26	227.54	228.41	221.34	221.34	752866	711679	0.00
2021-08-27	221.34	223.40	220.59	222.77	627225	714924	0.00
2021-08-30	223.20	227.03	223.20	224.50	703802	706668	0.00
2021-08-31	224.50	224.63	219.09	219.47	665303	714963	0.00
2021-09-01	219.47	220.17	217.46	219.08	643578	717424	0.00
2021-09-02	219.08	222.53	217.74	221.09	706366	705845	0.00
2021-09-03	221.09	229.34	221.09	228.50	677034	694199	0.00
2021-09-06	226.89	227.72	224.40	224.86	617721	700334	0.00
2021-09-07	224.86	226.57	223.54	225.54	557529	711155	0.00
2021-09-08	225.54	225.54	218.18	219.07	659607	728786	0.00
2021-09-09	219.07	219.23	213.57	215.78	863946	734469	0.00
2021-09-10	215.78	218.76	215.21	217.98	755310	753444	0.00
2021-09-13	217.68	217.74	208.93	209.72	840955	759596	0.00
2021-09-14	209.72	211.03	206.01	206.83	640891	756033	0.00
2021-09-15	206.83	207.39	202.84	204.75	794233	736206	0.00
2021-09-16	204.75	206.45	200.41	200.66	875523	735088	0.00
2021-09-17	200.66	205.29	195.50	205.18	1097972	684079	0.00
2021-09-22	202.91	206.64	199.54	205.91	669972	666100	0.00
2021-09-23	205.91	211.42	202.82	204.25	1086501	653419	0.00
2021-09-24	204.25	205.19	196.41	197.77	1049255	663149	0.00
2021-09-27	198.30	203.67	195.20	198.74	1092468	613456	0.00
2021-09-28	198.74	199.72	194.01	198.57	962736	608361	0.00
2021-09-29	198.57	198.92	194.63	195.65	734054	584829	0.00
2021-09-30	195.65	199.94	193.64	196.68	825910	531790	0.00
2021-10-08	198.37	205.52	198.37	200.86	682394	566200	0.00
2021-10-11	202.63	207.66	202.63	206.42	835040	582934	0.00
2021-10-12	206.42	206.62	199.62	200.41	950240	634441	0.00
2021-10-13	200.41	204.69	192.50	202.40	1277281	612925	0.00
2021-10-14	202.40	204.06	199.48	200.20	1084894	632149	0.00
2021-10-15	200.20	200.63	194.99	196.95	936809	633786	0.00
2021-10-18	193.56	194.40	191.03	193.40	817111	637905	0.00
2021-10-19	193.40	197.90	188.94	196.99	1169271	646813	0.00
2021-10-20	196.99	196.99	193.39	194.27	1038082	629570	0.00
2021-10-21	194.27	196.89	187.15	187.23	923095	633136	0.00
2021-10-22	187.23	189.01	181.12	181.57	960417	636564	0.00
2021-10-25	175.49	178.55	173.55	175.13	1250762	629337	0.00
2021-10-26	175.13	176.46	171.75	176.06	882813	605848	0.00
2021-10-27	176.06	177.11	171.65	172.97	976282	619764	0.00
2021-10-28	172.97	172.97	164.69	167.35	1108281	596718	0.00
2021-10-29	167.35	169.78	163.36	165.03	980175	598428	0.00
2021-11-01	164.20	165.63	161.54	161.79	888118	625149	0.00
2021-11-02	161.79	164.26	153.76	155.55	1053041	614344	0.00
2021-11-03	155.55	164.31	155.55	162.42	1078147	601804	0.00
2021-11-04	162.42	162.91	157.68	159.94	855049	610077	0.00
2021-11-05	159.94	161.53	156.76	161.44	909163	621401	0.00
2021-11-08	162.72	162.72	159.93	161.54	896110	629359	0.00
2021-11-09	161.54	163.81	160.82	161.57	696151	623833	0.00
2021-11-10	161.57	161.57	152.68	154.80	999664	637785	0.00
2021-11-11	154.80	162.38	154.59	160.63	968723	630255	0.00
2021-11-12	160.63	160.91	156.57	160.05	978902	637499	0.00
2021-11-15	162.07	163.90	158.48	158.83	1141130	663616	0.00
2021-11-16	158.83	162.26	158.62	159.21	847616	674442	0.00
2021-11-17	159.21	160.10	155.28	157.45	953160	657521	0.00
2021-11-18	157.45	158.74	156.50	158.23	772459	650956	0.00
2021-11-19	158.23	161.98	157.56	161.57	754082	625571	0.00
2021-11-22	163.11	164.06	162.18	163.31	757669	635644	0.00
2021-11-23	163.31	165.28	162.34	162.41	676235	637327	0.00
2021-11-24	162.41	167.21	162.26	166.51	803738	645575	0.00
2021-11-25	166.51	169.04	166.32	168.01	700863	655609	0.00
2021-11-26	168.01	169.88	166.44	168.88	983622	688610	0.00
2021-11-29	172.79	174.92	172.35	174.09	1258440	700166	0.00
2021-11-30	174.09	177.52	171.88	172.47	1222633	695365	0.00
2021-12-01	172.47	182.08	172.47	181.25	1570157	723213	0.00
2021-12-02	182.08	183.46	181.86	182.05	1397634	735628	0.00
2021-12-03	182.05	183.44	179.56	182.38	1477064	751811	0.00
2021-12-06	181.34	182.96	179.22	180.70	1078935	736366	0.00
2021-12-07	180.70	182.44	178.75	180.51	1057395	757568	0.00
2021-12-08	180.51	181.18	175.56	178.06	1495050	752359	0.00
2021-12-09	178.06	179.89	176.75	177.45	1032647	741845	0.00
2021-12-10	177.45	177.63	169.85	171.51	1540652	722593	0.00
2021-12-13	170.64	174.28	170.42	173.04	1054179	706752	0.00
2021-12-14	173.04	174.30	171.33	173.79	803858	703163	0.00
2021-12-15	173.79	174.00	170.96	171.10	817967	704255	0.00
2021-12-16	171.10	173.56	170.59	172.87	771721	704965	0.00
2021-12-17	172.87	174.14	170.54	170.92	950676	731317	0.00
2021-12-20	173.83	173.83	168.78	169.19	1004007	730943	0.00
2021-12-21	169.19	171.59	169.19	171.48	678757	714766	0.00
2021-12-22	171.48	173.06	169.96	171.14	839664	739686	0.00
2021-12-23	171.14	175.46	170.63	174.49	795367	745926	0.00
2021-12-24	174.49	175.10	170.55	172.54	974837	791342	0.00
2021-12-27	171.89	173.28	170.81	173.22	791563	750544	0.00
2021-12-28	173.22	173.67	171.54	172.11	838309	771993	0.00
2021-12-29	172.11	174.41	171.49	174.11	648729	762495	0.00
2021-12-30	174.11	175.06	172.94	174.20	836084	820613	0.00
2021-12-31	174.20	174.23	171.45	173.19	718099	793012	0.00
2022-01-04	173.19	174.13	171.61	173.37	472349	815675	0.00
2022-01-05	173.37	175.26	173.37	174.67	572986	801779	0.00
2022-01-06	174.67	178.84	174.44	178.65	770558	804334	0.00
2022-01-07	178.65	183.58	178.59	183.58	766038	804964	0.00
2022-01-10	186.75	187.10	185.40	186.40	864461	810165	0.00
2022-01-11	186.40	187.43	184.21	186.08	876936	797054	0.00
2022-01-12	186.08	190.47	185.72	190.37	726034	834862	0.00
2022-01-13	190.37	193.89	188.56	188.67	973311	831539	0.00
2022-01-14	188.67	196.13	188.67	195.84	1044178	848078	0.00
2022-01-17	193.85	194.77	191.80	193.34	1033545	827032	0.00
2022-01-18	193.34	195.00	190.55	194.04	862115	804404	0.00
2022-01-19	194.04	198.87	194.04	198.09	1028495	819139	0.00
2022-01-20	198.09	199.65	197.01	197.53	751619	809210	0.00
2022-01-21	197.53	203.86	195.50	202.39	1146420	860396	0.00
2022-01-24	199.49	200.35	195.48	195.65	980080	815857	0.00
2022-01-25	195.65	195.73	191.28	194.23	911305	796626	0.00
2022-01-26	194.23	195.55	192.69	194.98	766239	787388	0.00
2022-01-27	194.98	199.36	194.98	197.68	739585	772442	0.00
2022-01-28	197.68	203.85	197.68	203.59	845514	716342	0.00
2022-02-07	205.05	212.76	205.02	209.79	517367	740921	0.00
2022-02-08	209.79	211.34	208.62	209.66	564753	777034	0.00
2022-02-09	209.66	209.72	204.60	206.78	739230	809701	0.00
2022-02-10	206.78	216.05	206.19	212.46	990604	845816	0.00
2022-02-11	212.46	214.92	200.55	200.93	1136521	846187	0.00
2022-02-14	203.78	208.63	203.72	205.80	1141185	842354	0.00
2022-02-15	205.80	205.80	198.55	202.02	1068680	817746	0.00
2022-02-16	202.02	204.99	201.20	201.92	900985	853010	0.00
2022-02-17	201.92	201.92	195.40	195.45	1044106	865841	0.00
2022-02-18	195.45	198.32	193.61	196.58	949577	888295	0.00
2022-02-21	197.39	197.68	193.27	196.88	1046511	902016	0.00
2022-02-22	196.88	199.08	194.95	195.00	1017813	927388	0.00
2022-02-23	195.00	197.74	195.00	196.77	779127	941458	0.00
2022-02-24	196.77	198.19	193.99	194.74	1088790	956698	0.00
2022-02-25	194.74	196.48	186.86	190.92	1486834	945865	0.00
2022-02-28	192.30	192.30	189.80	190.76	1003427	918635	0.00
2022-03-01	190.76	194.54	189.02	193.97	1037141	924261	0.00
2022-03-02	193.97	197.61	193.05	194.66	1147491	979787	0.00
2022-03-03	194.66	197.49	193.27	196.05	1177315	1018326	0.00
2022-03-04	196.05	197.36	193.77	196.71	1075308	1005387	0.00
2022-03-07	199.77	203.58	199.62	201.98	1306407	1029781	0.00
2022-03-08	201.98	203.82	193.18	201.74	1579017	963097	0.00
2022-03-09	201.74	203.72	198.73	201.19	1158570	965827	0.00
2022-03-10	201.19	206.69	200.86	205.49	1448558	919573	0.00
2022-03-11	205.49	208.96	203.66	204.85	1248277	916910	0.00
2022-03-14	201.51	201.51	195.47	195.87	1367404	912034	0.00
2022-03-15	195.87	196.84	191.27	191.78	1151340	912331	0.00
2022-03-16	191.78	197.25	190.56	196.45	1012486	895948	0.00
2022-03-17	196.45	197.35	194.06	195.17	878040	912801	0.00
2022-03-18	195.17	196.64	194.15	196.21	856115	939670	0.00
2022-03-21	195.22	195.22	191.18	192.12	1113636	1006623	0.00
2022-03-22	192.12	197.62	190.97	195.79	845162	970680	0.00
2022-03-23	195.79	199.44	195.52	199.38	863584	959334	0.00
2022-03-24	199.38	202.75	199.00	199.05	1066699	948206	0.00
2022-03-25	199.05	203.22	196.68	201.58	1578219	989161	0.00
2022-03-28	200.93	204.48	200.22	202.97	1322784	1004270	0.00
2022-03-29	202.97	204.01	200.45	203.35	1121129	1035924	0.00
2022-03-30	203.35	205.32	199.34	204.78	1348163	1060612	0.00
2022-03-31	204.78	206.38	200.63	203.07	1456478	1041689	0.00
2022-04-01	203.07	205.61	201.31	203.71	1429252	1027543	0.00
2022-04-06	202.20	206.70	201.45	202.50	1195101	1108105	0.00
2022-04-07	202.50	202.56	197.24	198.10	1422800	1092623	0.00
2022-04-08	198.10	200.73	197.94	200.46	1117724	1052001	0.00
2022-04-11	197.82	201.81	195.83	201.73	1312865	1072176	0.00
2022-04-12	201.73	205.42	201.36	204.08	1568328	1072529	0.00
2022-04-13	204.08	204.77	200.42	200.79	1122142	1087880	0.00
2022-04-14	200.79	203.15	200.31	201.41	1180286	1107055	0.00
2022-04-15	201.41	204.26	199.90	200.27	1307546	1156141	0.00
2022-04-18	201.72	203.96	201.03	202.45	1111418	1115121	0.00
2022-04-19	202.45	208.06	202.45	207.09	1461055	1135626	0.00
2022-04-20	207.09	208.80	205.34	206.05	1591331	1130696	0.00
2022-04-21	206.05	208.51	205.59	207.64	1223273	1157287	0.00
2022-04-22	207.64	208.04	204.86	205.21	1221799	1157775	0.00
2022-04-25	202.05	202.05	192.02	192.18	1991155	1104880	0.00
2022-04-26	192.18	193.07	186.62	189.30	1911722	1090738	0.00
2022-04-27	189.30	193.59	188.97	193.35	1664558	1104081	0.00
2022-04-28	193.35	196.80	192.36	196.72	1547202	1079491	0.00
2022-04-29	196.72	198.00	194.21	197.87	1261418	1031729	0.00
2022-05-05	196.68	200.82	196.58	198.88	1030445	1084128	0.00
2022-05-06	198.88	199.32	196.22	196.63	1205146	1137123	0.00
2022-05-09	195.79	198.29	195.24	195.86	1598135	1191524	0.00
2022-05-10	195.86	195.86	188.55	194.55	2171763	1151912	0.00
2022-05-11	194.55	196.47	193.06	195.26	1286002	1174281	0.00
2022-05-12	195.26	195.69	191.60	192.57	1494275	1203112	0.00
2022-05-13	192.57	193.36	191.07	192.47	1303145	1192813	0.00
2022-05-16	192.33	194.92	192.21	194.17	1275056	1212921	0.00
2022-05-17	194.17	196.17	193.57	193.76	1057054	1225336	0.00
2022-05-18	193.76	194.64	192.73	193.83	743335	1235554	0.00
数据来源:通达信
