T012 贵金综合 日线 前复权
      日期	    开盘	    最高	    最低	    收盘	    成交量	    持仓量	    结算价
2015-07-30	86.76	86.85	86.17	86.44	1568046	834920	0.00
2015-07-31	86.44	87.31	86.20	86.21	1158354	838020	0.00
2015-08-03	86.21	87.93	86.21	87.04	963388	839496	0.00
2015-08-05	86.29	86.65	85.94	86.14	776318	905902	0.00
2015-08-06	86.14	86.62	85.94	86.17	834964	896258	0.00
2015-08-07	86.17	87.15	86.07	87.12	973286	847280	0.00
2015-08-10	87.12	87.70	86.36	87.13	1211912	857582	0.00
2015-08-11	87.47	90.26	87.40	89.72	3027978	865014	0.00
2015-08-12	89.72	93.85	89.72	93.75	3306310	895398	0.00
2015-08-13	93.75	94.33	92.75	93.34	2787230	779124	0.00
2015-08-14	93.34	93.34	92.34	92.90	1469934	779662	0.00
2015-08-17	92.90	93.52	91.58	91.83	1715400	774190	0.00
2015-08-18	92.35	92.65	92.04	92.11	1095518	727112	0.00
2015-08-19	92.11	92.11	90.66	91.94	1766274	752996	0.00
2015-08-20	91.94	93.91	91.78	93.50	2049708	768066	0.00
2015-08-21	93.50	95.54	93.50	94.44	2357956	783938	0.00
2015-08-24	94.20	94.20	94.20	94.20	1760120	804776	0.00
2015-08-25	93.32	93.93	92.04	92.42	3168808	748526	0.00
2015-08-26	92.42	93.00	91.23	91.25	2388990	744738	0.00
2015-08-27	91.25	91.25	89.31	90.34	1953320	718640	0.00
2015-08-28	90.34	91.64	89.76	91.23	2367618	686116	0.00
2015-08-31	91.23	91.99	90.51	91.43	1451666	693848	0.00
2015-09-01	91.19	91.83	90.40	91.44	1293598	671320	0.00
2015-09-02	91.44	92.02	90.95	91.29	1312640	659080	0.00
2015-09-07	91.30	91.30	90.33	90.47	360134	666830	0.00
2015-09-08	90.47	90.47	90.04	90.43	929588	676678	0.00
2015-09-09	90.43	91.58	90.43	90.67	2056492	636868	0.00
2015-09-10	90.67	90.67	89.56	90.07	1417076	639898	0.00
2015-09-11	90.07	90.56	89.79	89.96	1324020	654290	0.00
2015-09-14	89.96	89.96	88.86	89.54	1203928	695218	0.00
2015-09-15	89.55	89.72	89.19	89.36	897520	691962	0.00
2015-09-16	89.36	89.74	89.09	89.62	937638	670332	0.00
2015-09-17	89.62	91.31	89.62	90.94	1706942	655318	0.00
2015-09-18	90.94	92.42	90.63	91.58	1937056	654686	0.00
2015-09-21	91.93	91.93	91.93	91.93	951228	671368	0.00
2015-09-22	92.39	92.97	91.94	91.98	529178	660500	0.00
2015-09-23	91.98	91.98	90.73	91.16	760614	636426	0.00
2015-09-24	91.16	91.75	91.16	91.68	535644	648504	0.00
2015-09-25	91.68	93.01	91.68	92.32	1096436	673238	0.00
2015-09-28	92.32	92.42	91.33	91.34	291452	663986	0.00
2015-09-29	91.34	91.34	89.68	89.95	802056	642826	0.00
2015-09-30	89.95	90.50	89.75	89.77	485982	603236	0.00
2015-10-08	93.46	93.46	92.73	92.91	596564	595230	0.00
2015-10-09	92.91	93.37	92.33	92.97	898712	629796	0.00
2015-10-12	92.97	93.57	92.88	93.14	533036	657882	0.00
2015-10-13	93.88	94.02	92.58	92.97	826118	648650	0.00
2015-10-14	92.97	94.37	92.97	94.14	929838	705830	0.00
2015-10-15	94.14	94.87	94.00	94.40	988846	724122	0.00
2015-10-16	94.40	94.76	93.86	93.91	930142	716030	0.00
2015-10-19	93.91	94.47	93.91	94.15	296534	729390	0.00
2015-10-20	93.57	93.93	93.06	93.59	719346	699004	0.00
2015-10-21	93.59	94.07	93.31	93.35	833658	713204	0.00
2015-10-22	93.35	93.48	92.84	93.40	795794	699352	0.00
2015-10-23	93.40	94.19	93.01	94.18	947558	728512	0.00
2015-10-26	94.18	94.18	92.96	93.27	601918	708094	0.00
2015-10-27	93.30	93.68	93.21	93.45	561594	703696	0.00
2015-10-28	93.45	94.16	93.15	94.02	744410	724374	0.00
2015-10-29	94.02	95.21	93.23	93.34	1713104	705128	0.00
2015-10-30	93.34	93.34	92.24	92.35	1047548	693522	0.00
2015-11-02	92.35	92.35	91.74	91.89	337164	691968	0.00
2015-11-03	91.94	91.94	91.39	91.71	487974	669378	0.00
2015-11-04	91.71	91.71	90.52	90.82	607234	667056	0.00
2015-11-05	90.82	91.07	89.81	89.85	757190	689206	0.00
2015-11-06	89.85	90.15	89.55	90.04	603012	679624	0.00
2015-11-09	90.04	90.16	88.52	88.67	778396	703842	0.00
2015-11-10	88.96	89.05	88.23	88.58	705084	669372	0.00
2015-11-11	88.58	88.85	87.94	88.71	722856	675868	0.00
2015-11-12	88.71	88.71	88.09	88.47	502426	712546	0.00
2015-11-13	88.47	88.73	87.61	88.24	1030080	720430	0.00
2015-11-16	88.17	88.17	88.17	88.17	380984	736576	0.00
2015-11-17	89.31	89.31	87.50	87.82	898298	756898	0.00
2015-11-18	87.82	88.26	87.08	87.66	823298	750996	0.00
2015-11-19	87.66	88.03	87.08	87.96	751992	747330	0.00
2015-11-20	87.96	88.57	87.30	88.41	844926	738826	0.00
2015-11-23	88.41	88.69	87.71	87.88	454018	769572	0.00
2015-11-24	86.92	87.20	86.25	87.01	1049154	801318	0.00
2015-11-25	87.71	87.71	87.71	87.71	1147880	783818	0.00
2015-11-26	87.71	88.04	86.88	87.56	1080632	773682	0.00
2015-11-27	87.56	87.85	86.86	87.11	840430	802774	0.00
2015-11-30	87.11	87.11	85.77	86.58	786714	829376	0.00
2015-12-01	86.05	87.67	86.05	87.53	873350	769002	0.00
2015-12-02	87.53	87.66	87.01	87.24	612442	760452	0.00
2015-12-03	87.24	87.24	85.70	86.28	921944	805428	0.00
2015-12-04	86.28	87.36	86.28	87.05	993014	770360	0.00
2015-12-07	87.05	89.23	86.93	89.16	1603678	797796	0.00
2015-12-08	89.28	89.28	87.84	88.33	896220	755318	0.00
2015-12-09	88.33	88.67	87.76	88.48	742246	756336	0.00
2015-12-10	88.48	89.32	88.19	88.31	953284	758406	0.00
2015-12-11	88.31	88.43	87.67	88.42	648544	754342	0.00
2015-12-14	88.53	88.53	88.53	88.53	824254	778848	0.00
2015-12-15	88.37	88.68	87.66	87.71	873506	811230	0.00
2015-12-16	87.71	88.12	87.57	88.03	538300	761770	0.00
2015-12-17	88.03	89.11	88.03	88.37	1070816	736470	0.00
2015-12-18	88.37	88.61	87.40	87.85	1067990	804928	0.00
2015-12-21	87.85	88.89	87.73	88.63	702006	779230	0.00
2015-12-22	89.16	89.81	88.87	89.54	930796	772808	0.00
2015-12-23	89.54	89.94	89.11	89.21	679484	766914	0.00
2015-12-24	89.21	89.53	89.04	89.45	495364	776396	0.00
2015-12-25	89.45	89.69	89.32	89.66	304552	770444	0.00
2015-12-28	89.66	89.92	89.62	89.72	97670	776944	0.00
2015-12-29	89.19	89.46	88.81	89.43	485030	761612	0.00
2015-12-30	89.43	89.63	89.17	89.35	556610	780228	0.00
2015-12-31	89.35	89.35	88.59	88.68	554752	779034	0.00
2016-01-04	88.78	89.42	88.49	89.31	434820	790180	0.00
2016-01-05	89.31	90.15	89.22	89.83	840412	786476	0.00
2016-01-06	89.83	90.17	89.38	90.05	682392	820156	0.00
2016-01-07	90.05	92.16	90.05	91.65	1461444	870554	0.00
2016-01-08	91.65	92.27	91.51	91.69	1142340	824956	0.00
2016-01-11	91.69	91.72	90.90	91.28	607036	830508	0.00
2016-01-12	91.71	91.71	90.20	90.33	791130	805028	0.00
2016-01-13	90.33	90.33	89.64	89.69	569714	794716	0.00
2016-01-14	89.69	90.76	89.50	90.54	961740	783454	0.00
2016-01-15	90.54	90.54	89.66	90.01	682042	777050	0.00
2016-01-18	90.01	90.79	90.01	90.41	635530	781114	0.00
2016-01-19	90.32	90.56	90.17	90.48	445760	774704	0.00
2016-01-20	90.48	90.70	90.28	90.57	614464	764980	0.00
2016-01-21	90.57	91.55	90.57	91.27	701934	767270	0.00
2016-01-22	91.27	91.27	90.53	90.97	700464	769438	0.00
2016-01-25	90.80	90.80	90.80	90.80	588620	771416	0.00
2016-01-26	91.08	92.19	91.08	92.18	771836	813394	0.00
2016-01-27	92.18	92.59	91.84	92.33	787148	806988	0.00
2016-01-28	92.33	92.53	92.02	92.05	563820	793162	0.00
2016-01-29	92.05	92.26	91.60	91.70	626880	787946	0.00
2016-02-01	91.70	91.89	91.41	91.76	292202	801250	0.00
2016-02-02	92.15	92.55	91.89	92.21	491270	809376	0.00
2016-02-03	92.21	92.64	92.04	92.43	515648	813774	0.00
2016-02-04	92.43	93.61	92.25	93.54	1010368	820566	0.00
2016-02-05	93.54	94.35	93.54	93.95	704168	787574	0.00
2016-02-15	97.63	97.87	96.98	97.04	586594	789972	0.00
2016-02-16	97.04	97.04	95.81	96.38	675028	802712	0.00
2016-02-17	96.38	96.98	96.08	96.81	706294	818542	0.00
2016-02-18	96.81	97.01	96.49	96.62	565214	826852	0.00
2016-02-19	96.62	97.73	96.49	97.47	667938	860554	0.00
2016-02-22	97.68	97.68	97.68	97.68	516488	876016	0.00
2016-02-23	96.75	97.03	96.22	96.76	693872	851732	0.00
2016-02-24	96.76	97.40	96.76	97.14	729112	883484	0.00
2016-02-25	97.14	98.86	97.14	97.65	1491168	951106	0.00
2016-02-26	97.65	97.65	96.67	97.38	1148474	951484	0.00
2016-02-29	97.38	97.38	95.14	95.45	1019374	962412	0.00
2016-03-01	95.61	96.98	95.49	96.79	1032720	952372	0.00
2016-03-02	96.79	97.10	95.65	95.94	1144208	946108	0.00
2016-03-03	95.94	96.88	95.92	96.62	1017136	969716	0.00
2016-03-04	96.62	98.49	96.45	98.36	1427266	1047762	0.00
2016-03-07	98.36	100.12	97.37	99.39	1866694	1061140	0.00
2016-03-08	99.13	100.44	98.55	98.94	1893102	1078346	0.00
2016-03-09	98.94	99.37	97.10	97.69	1330090	1019544	0.00
2016-03-10	97.69	98.00	96.96	97.20	1136398	1017102	0.00
2016-03-11	97.20	99.63	96.67	98.53	1895942	1041060	0.00
2016-03-14	98.53	98.73	97.89	98.13	665074	1042056	0.00
2016-03-15	97.89	98.79	96.21	96.45	1488748	1037020	0.00
2016-03-16	96.45	96.93	96.21	96.91	771334	1023314	0.00
2016-03-17	96.91	98.51	96.35	98.13	999932	1042012	0.00
2016-03-18	98.13	99.58	98.13	99.26	1873784	1160772	0.00
2016-03-21	99.26	99.26	97.89	98.25	659396	1098230	0.00
2016-03-22	97.86	98.87	97.78	98.83	863742	1163094	0.00
2016-03-23	98.83	99.11	97.54	97.59	991250	1115774	0.00
2016-03-24	97.59	97.59	96.12	96.16	1107484	1018286	0.00
2016-03-25	96.16	96.70	96.16	96.38	471744	1028330	0.00
2016-03-28	96.38	96.54	96.32	96.42	124538	1035010	0.00
2016-03-29	96.11	96.68	95.97	96.09	565318	1025234	0.00
2016-03-30	96.09	97.36	96.09	97.06	940320	1004760	0.00
2016-03-31	97.06	97.06	96.11	96.34	648854	999858	0.00
2016-04-01	96.34	96.98	96.34	96.75	655942	993406	0.00
2016-04-05	96.23	96.23	95.30	95.85	322508	980560	0.00
2016-04-06	95.85	96.38	95.85	96.00	434656	996704	0.00
2016-04-07	96.00	96.20	95.60	96.02	515642	1006950	0.00
2016-04-08	96.02	96.94	96.02	96.38	574054	1015994	0.00
2016-04-11	96.79	96.79	96.79	96.79	350714	1039360	0.00
2016-04-12	97.40	98.37	97.40	98.31	833068	1128054	0.00
2016-04-13	98.31	98.93	98.10	98.29	1117350	1174576	0.00
2016-04-14	98.29	98.97	97.43	97.81	1077330	1206526	0.00
2016-04-15	97.81	98.17	97.40	97.83	714486	1225954	0.00
2016-04-18	97.83	98.50	97.41	98.07	623428	1270984	0.00
2016-04-19	97.78	100.57	97.71	100.44	1334374	1332170	0.00
2016-04-20	100.44	102.40	100.44	101.09	2256282	1295188	0.00
2016-04-21	101.09	103.84	101.09	103.56	2258450	1332198	0.00
2016-04-22	103.56	104.85	100.96	101.54	2257756	1161024	0.00
2016-04-25	101.54	102.49	99.85	100.16	1425260	1149522	0.00
2016-04-26	100.98	101.44	100.64	100.67	1012024	1123458	0.00
2016-04-27	100.67	102.79	100.67	102.73	1378644	1187032	0.00
2016-04-28	102.73	103.02	101.59	102.79	1600946	1158306	0.00
2016-04-29	102.79	105.48	102.58	104.71	1751898	1225526	0.00
2016-05-03	105.09	105.80	104.70	105.78	700676	1235436	0.00
2016-05-04	105.78	105.78	103.95	104.10	1153484	1194752	0.00
2016-05-05	104.10	104.89	103.73	104.24	898816	1171198	0.00
2016-05-06	104.24	105.12	103.25	103.94	1434794	1161136	0.00
2016-05-09	103.94	105.06	103.94	104.57	796560	1203910	0.00
2016-05-10	103.80	103.80	101.82	102.56	1215410	1116116	0.00
2016-05-11	102.56	103.70	101.90	103.40	984344	1145044	0.00
2016-05-12	103.40	104.23	103.30	103.47	944764	1140094	0.00
2016-05-13	103.47	104.27	102.43	103.40	1313334	1119128	0.00
2016-05-16	103.40	103.49	102.58	103.49	499532	1122798	0.00
2016-05-17	104.41	104.77	103.43	103.89	831788	1099412	0.00
2016-05-18	103.89	104.46	103.56	103.56	885690	1087498	0.00
2016-05-19	103.56	104.13	101.60	101.62	1293818	1077344	0.00
2016-05-20	101.62	101.76	100.69	101.39	902962	1080374	0.00
2016-05-23	101.61	101.66	100.55	100.92	930670	1077234	0.00
2016-05-24	100.92	101.11	100.20	100.23	750574	1082292	0.00
2016-05-25	100.23	100.57	99.38	99.49	866716	1073444	0.00
2016-05-26	99.49	100.51	99.29	100.23	737298	1058210	0.00
2016-05-27	100.23	100.61	98.72	99.56	882634	1056014	0.00
2016-05-30	99.56	99.56	98.95	98.95	332164	1062868	0.00
2016-05-31	98.10	99.10	98.10	98.90	638876	1017074	0.00
2016-06-01	98.90	99.32	98.66	99.02	659634	991834	0.00
2016-06-02	99.02	99.20	98.29	99.13	713616	955766	0.00
2016-06-03	99.13	99.13	98.67	99.07	437408	962216	0.00
2016-06-06	99.07	101.07	99.07	100.94	546064	937906	0.00
2016-06-07	101.08	101.54	101.03	101.29	518608	909126	0.00
2016-06-08	101.29	102.19	100.90	102.13	522910	913068	0.00
2016-06-13	104.54	105.70	104.32	105.41	579718	954328	0.00
2016-06-14	105.41	105.90	105.03	105.31	632742	968854	0.00
2016-06-15	105.31	106.12	105.31	105.93	664204	989304	0.00
2016-06-16	105.93	108.15	105.56	107.99	1051192	956482	0.00
2016-06-17	107.99	108.14	104.80	105.33	1355120	940436	0.00
2016-06-20	105.33	106.27	105.21	106.07	509626	961372	0.00
2016-06-21	105.49	106.19	105.22	105.50	681154	974354	0.00
2016-06-22	105.50	105.50	103.76	104.24	736334	946166	0.00
2016-06-23	104.24	104.76	104.03	104.30	624512	948920	0.00
2016-06-24	104.30	108.68	104.09	107.97	2029722	1015174	0.00
2016-06-27	107.97	109.15	107.76	108.07	759784	1016992	0.00
2016-06-28	108.77	109.01	108.03	108.30	723050	1008612	0.00
2016-06-29	108.30	110.62	108.13	110.46	1373250	1143450	0.00
2016-06-30	110.46	110.84	109.80	110.31	1114908	1116556	0.00
2016-07-01	110.31	114.35	110.26	113.35	1970840	1109782	0.00
2016-07-04	113.35	115.36	113.35	115.11	978714	1136748	0.00
2016-07-05	116.88	119.40	114.89	116.72	2276064	1059110	0.00
2016-07-06	116.72	120.03	115.37	119.01	2643710	1087112	0.00
2016-07-07	119.01	119.01	117.53	118.07	1510758	1071062	0.00
2016-07-08	118.07	118.07	115.60	115.96	1620892	1042018	0.00
2016-07-11	117.64	117.64	117.64	117.64	1180510	1091584	0.00
2016-07-12	118.62	118.86	117.54	118.49	1439988	1148246	0.00
2016-07-13	118.49	118.49	115.73	118.00	2301158	1200672	0.00
2016-07-14	118.00	118.49	116.83	117.19	1638730	1160052	0.00
2016-07-15	117.19	117.19	115.84	116.89	1167106	1150326	0.00
2016-07-18	116.89	116.89	115.92	116.36	705660	1149280	0.00
2016-07-19	115.78	116.52	115.42	115.85	1014284	1121822	0.00
2016-07-20	115.85	116.32	115.16	115.16	917532	1144962	0.00
2016-07-21	115.16	115.16	112.89	113.45	1230598	1080084	0.00
2016-07-22	113.45	115.82	113.16	114.58	1340226	1076606	0.00
2016-07-25	114.58	114.76	114.15	114.42	553362	1090328	0.00
2016-07-26	113.83	114.84	113.24	114.36	998950	1073492	0.00
2016-07-27	114.36	114.67	113.99	114.25	683840	1076522	0.00
2016-07-28	114.25	117.60	114.25	117.41	1555220	1119802	0.00
2016-07-29	117.41	117.41	116.11	116.29	1012786	1104668	0.00
2016-08-01	116.29	117.57	116.29	117.42	707460	1124282	0.00
2016-08-02	117.91	118.30	117.46	118.22	873134	1157586	0.00
2016-08-03	118.22	119.29	118.22	119.01	928266	1175908	0.00
2016-08-04	119.01	119.01	116.76	116.87	1182810	1131868	0.00
2016-08-05	116.87	118.32	116.87	118.17	829242	1127762	0.00
2016-08-08	118.17	118.17	115.30	115.35	787738	1115418	0.00
2016-08-09	114.86	115.61	114.73	114.82	627908	1081166	0.00
2016-08-10	114.82	117.48	114.72	117.24	1020452	1104792	0.00
2016-08-11	117.24	117.75	115.84	116.31	955522	1084296	0.00
2016-08-12	116.31	117.21	115.82	116.13	827118	1088632	0.00
2016-08-15	116.13	117.02	115.02	115.06	817412	1083662	0.00
2016-08-16	115.47	116.58	115.20	116.17	772702	1079588	0.00
2016-08-17	116.17	116.17	115.02	115.18	964046	1085960	0.00
2016-08-18	115.18	116.53	114.31	115.85	1028516	1080288	0.00
2016-08-19	115.85	116.06	115.28	115.65	633822	1082718	0.00
2016-08-22	115.65	115.65	114.45	114.97	440118	1098212	0.00
2016-08-23	112.98	113.57	112.98	113.46	545188	1094162	0.00
2016-08-24	113.46	113.74	113.03	113.18	537924	1107776	0.00
2016-08-25	113.18	113.18	111.40	111.79	920282	1113776	0.00
2016-08-26	111.79	112.07	111.35	111.85	515882	1105036	0.00
2016-08-29	111.85	113.79	111.48	111.85	1316952	1093988	0.00
2016-08-30	111.42	112.63	111.42	111.98	719238	1060898	0.00
2016-08-31	111.98	112.31	111.40	111.79	808112	1034842	0.00
2016-09-01	111.79	112.07	111.44	111.77	604448	1025196	0.00
2016-09-02	111.77	112.85	111.56	112.34	946762	1030236	0.00
2016-09-05	114.36	114.36	114.36	114.36	739354	1023126	0.00
2016-09-06	114.48	114.96	114.46	114.92	463818	1018570	0.00
2016-09-07	114.92	117.24	114.92	116.65	1122332	1010606	0.00
2016-09-08	116.65	116.79	115.87	116.53	651474	994162	0.00
2016-09-09	116.53	116.53	115.20	115.36	796412	987588	0.00
2016-09-12	115.36	115.38	114.54	114.58	485902	1002102	0.00
2016-09-13	113.76	114.70	113.17	114.18	862402	959418	0.00
2016-09-14	114.18	114.18	112.83	113.68	811494	968330	0.00
2016-09-19	112.71	113.98	112.54	113.65	465928	981862	0.00
2016-09-20	113.65	114.07	113.57	113.95	520406	976376	0.00
2016-09-21	113.95	114.79	113.44	114.62	832402	1022680	0.00
2016-09-22	114.62	116.29	114.62	115.62	1187840	979702	0.00
2016-09-23	115.62	116.71	115.61	115.85	853554	992134	0.00
2016-09-26	115.85	116.03	115.30	115.39	374716	995936	0.00
2016-09-27	115.15	115.68	114.72	114.98	655038	958518	0.00
2016-09-28	114.98	114.98	113.41	113.51	939800	939526	0.00
2016-09-29	113.51	114.19	112.97	113.52	682852	907814	0.00
2016-09-30	113.52	113.86	113.10	113.58	603672	879258	0.00
2016-10-10	107.12	107.78	106.88	107.55	672046	867298	0.00
2016-10-11	107.55	108.16	107.31	108.01	783214	924252	0.00
2016-10-12	108.01	108.01	107.26	107.52	671926	938892	0.00
2016-10-13	107.52	108.05	107.13	107.78	745846	942362	0.00
2016-10-14	107.78	107.95	107.36	107.48	568614	954178	0.00
2016-10-17	107.48	107.95	107.21	107.42	515564	972174	0.00
2016-10-18	107.62	108.67	107.53	108.54	741676	1020492	0.00
2016-10-19	108.54	108.77	108.17	108.45	598456	988120	0.00
2016-10-20	108.45	109.38	108.45	109.14	668244	994534	0.00
2016-10-21	109.14	109.37	108.05	108.38	734224	980680	0.00
2016-10-24	108.66	108.66	108.66	108.66	245958	993458	0.00
2016-10-25	108.96	109.94	108.80	109.49	933154	1053298	0.00
2016-10-26	109.49	110.45	109.41	110.11	915660	1053548	0.00
2016-10-27	110.11	110.11	109.36	109.70	661552	1054840	0.00
2016-10-28	109.70	110.04	109.54	109.81	585630	1049822	0.00
2016-10-31	109.81	110.85	109.62	110.41	589898	1064106	0.00
2016-11-01	110.43	111.17	110.24	110.95	649012	1069794	0.00
2016-11-02	110.95	112.77	110.95	112.72	949506	1077368	0.00
2016-11-03	112.72	113.52	112.58	112.60	883106	998206	0.00
2016-11-04	112.60	112.66	111.52	111.56	908714	942370	0.00
2016-11-07	111.56	112.57	111.56	112.11	345978	945454	0.00
2016-11-08	111.58	111.95	110.80	111.94	722884	968074	0.00
2016-11-09	111.94	115.83	111.41	115.16	2624534	1008282	0.00
2016-11-10	115.16	115.16	112.78	114.42	1555032	1073196	0.00
2016-11-11	114.42	114.62	112.50	114.30	1740546	1229766	0.00
2016-11-14	109.41	109.41	109.41	109.41	1702284	1097398	0.00
2016-11-15	108.50	109.36	107.94	109.14	1231524	1005760	0.00
2016-11-16	109.14	109.95	108.75	109.68	801094	993106	0.00
2016-11-17	109.68	109.79	109.27	109.35	597222	999350	0.00
2016-11-18	109.35	109.68	107.96	108.32	908368	1022426	0.00
2016-11-21	108.32	108.72	107.94	108.40	457994	1034076	0.00
2016-11-22	109.17	110.18	108.74	109.85	929666	1093650	0.00
2016-11-23	109.85	110.10	109.36	109.87	757622	1094162	0.00
2016-11-24	109.87	109.87	108.16	108.93	1393740	1126106	0.00
2016-11-25	108.93	109.28	107.47	108.40	1024734	1138104	0.00
2016-11-28	108.40	109.12	108.40	108.87	543324	1133882	0.00
2016-11-29	109.85	110.10	109.33	109.51	994464	1140048	0.00
2016-11-30	109.51	109.53	108.63	108.90	984868	1121806	0.00
2016-12-01	108.90	109.14	107.30	108.46	1254862	1157176	0.00
2016-12-02	108.46	108.67	107.56	108.34	810884	1165056	0.00
2016-12-05	109.28	109.64	108.36	108.63	1284986	1178744	0.00
2016-12-06	108.63	109.17	108.25	108.60	942858	1206056	0.00
2016-12-07	108.60	108.97	108.42	108.50	700138	1211486	0.00
2016-12-08	108.50	110.71	108.50	110.01	1595840	1274704	0.00
2016-12-09	110.01	110.25	109.20	109.77	966216	1246080	0.00
2016-12-12	109.52	109.78	109.14	109.57	953498	1315692	0.00
2016-12-13	109.57	110.40	109.24	110.03	1049924	1332844	0.00
2016-12-14	110.03	110.57	109.32	110.24	1164484	1350680	0.00
2016-12-15	110.24	110.78	108.51	109.18	1300382	1309356	0.00
2016-12-16	109.18	109.18	107.13	107.46	1149442	1160222	0.00
2016-12-19	107.76	107.97	107.61	107.76	683830	1148464	0.00
2016-12-20	107.76	107.76	105.88	105.97	943910	1147676	0.00
2016-12-21	105.97	106.70	104.66	106.40	1041314	1117226	0.00
2016-12-22	106.40	106.47	105.09	105.41	636320	1130972	0.00
2016-12-23	105.41	106.23	105.01	105.53	794780	1129470	0.00
2016-12-26	105.78	105.90	105.04	105.57	619080	1112504	0.00
2016-12-27	105.57	106.67	105.53	106.62	509178	1145142	0.00
2016-12-28	106.62	107.22	106.26	106.90	750620	1145134	0.00
2016-12-29	106.90	108.00	106.57	107.79	796536	1140644	0.00
2016-12-30	107.79	109.09	107.40	108.61	865114	1133476	0.00
2017-01-03	108.13	108.50	107.72	107.88	362554	1137410	0.00
2017-01-04	107.88	109.03	107.52	108.69	982352	1159962	0.00
2017-01-05	108.69	108.84	107.91	108.61	876460	1153642	0.00
2017-01-06	108.61	108.76	107.57	107.66	942088	1144802	0.00
2017-01-09	108.07	108.36	108.06	108.28	660308	1139762	0.00
2017-01-10	108.28	109.10	108.28	108.87	697370	1146684	0.00
2017-01-11	108.87	109.61	108.63	109.41	789358	1144954	0.00
2017-01-12	109.41	109.41	108.09	109.34	1037124	1119528	0.00
2017-01-13	109.34	109.44	108.35	108.66	702210	1119108	0.00
2017-01-16	108.58	109.66	108.58	109.41	882348	1152630	0.00
2017-01-17	109.41	110.03	108.99	109.63	669104	1112058	0.00
2017-01-18	109.63	110.27	109.25	109.48	952428	1093406	0.00
2017-01-19	109.48	109.78	108.27	108.45	759050	1092000	0.00
2017-01-20	108.45	108.81	108.13	108.59	632796	1069868	0.00
2017-01-23	108.61	109.49	108.61	109.19	730676	1068016	0.00
2017-01-24	109.19	109.33	108.91	108.97	427076	1052628	0.00
2017-01-25	108.97	109.21	107.54	107.87	603708	1020790	0.00
2017-01-26	107.87	108.00	106.74	106.80	546878	993902	0.00
2017-02-03	108.54	108.85	108.37	108.53	309258	942088	0.00
2017-02-06	108.82	109.83	108.82	109.80	714012	981556	0.00
2017-02-07	109.80	110.57	109.76	110.40	538502	1000558	0.00
2017-02-08	110.40	110.84	110.08	110.46	577818	1016116	0.00
2017-02-09	110.46	111.40	110.46	110.84	578898	1015826	0.00
2017-02-10	110.84	111.23	109.81	110.00	654210	995662	0.00
2017-02-13	111.20	111.58	110.98	111.29	1085016	1108610	0.00
2017-02-14	111.29	111.36	110.50	111.27	657448	1132728	0.00
2017-02-15	111.27	111.68	110.52	110.88	891394	1083148	0.00
2017-02-16	110.88	111.73	110.33	111.27	800870	1056484	0.00
2017-02-17	111.27	111.82	111.25	111.49	615912	1035202	0.00
2017-02-20	111.44	111.44	110.90	111.14	516242	1024564	0.00
2017-02-21	111.14	111.69	111.14	111.52	629218	1078294	0.00
2017-02-22	111.52	111.78	110.94	111.42	631656	1063738	0.00
2017-02-23	111.42	112.02	111.25	111.48	722502	1039816	0.00
2017-02-24	111.48	113.12	111.48	112.86	1180264	1159836	0.00
2017-02-27	113.40	113.82	113.31	113.77	775308	1136836	0.00
2017-02-28	113.77	114.08	113.15	113.35	521826	1119622	0.00
2017-03-01	113.35	113.61	112.42	112.56	685652	1076766	0.00
2017-03-02	112.56	113.12	112.35	112.83	531310	1082230	0.00
2017-03-03	112.83	112.83	110.34	110.61	1068638	981050	0.00
2017-03-06	110.63	111.35	110.63	110.75	600522	964300	0.00
2017-03-07	110.75	111.03	110.41	110.51	392146	959856	0.00
2017-03-08	110.51	110.51	109.59	109.63	636740	935818	0.00
2017-03-09	108.83	108.94	108.34	108.64	749688	944006	0.00
2017-03-10	108.64	109.11	107.57	107.69	736828	976746	0.00
2017-03-13	108.07	108.72	108.07	108.70	918090	968114	0.00
2017-03-14	108.70	108.70	108.10	108.16	455778	989426	0.00
2017-03-15	108.16	108.50	107.98	108.27	469650	995766	0.00
2017-03-16	108.27	110.74	107.97	110.53	857518	961284	0.00
2017-03-17	110.53	110.70	110.09	110.42	490224	960036	0.00
2017-03-20	110.58	110.95	110.58	110.88	389060	973872	0.00
2017-03-21	110.88	110.95	110.24	110.50	430834	951872	0.00
2017-03-22	110.50	111.52	110.50	111.43	714860	960464	0.00
2017-03-23	111.43	111.45	111.06	111.32	411666	948616	0.00
2017-03-24	111.32	111.73	110.86	110.94	554790	925296	0.00
2017-03-27	111.35	112.25	111.35	112.21	600480	963070	0.00
2017-03-28	112.21	112.56	111.98	112.08	529854	951592	0.00
2017-03-29	112.08	112.53	111.72	111.95	582112	950132	0.00
2017-03-30	111.95	112.18	111.83	112.00	447870	961122	0.00
2017-03-31	112.00	112.01	111.22	111.44	628040	926944	0.00
2017-04-05	112.33	112.42	112.01	112.18	261040	950792	0.00
2017-04-06	112.18	112.27	111.57	112.20	507650	962666	0.00
2017-04-07	112.20	113.97	111.90	113.34	1046316	1029784	0.00
2017-04-10	111.64	111.99	111.45	111.70	956770	927084	0.00
2017-04-11	111.70	111.95	111.13	111.87	545976	915686	0.00
2017-04-12	111.87	113.95	111.87	113.37	969356	949816	0.00
2017-04-13	113.37	114.28	113.09	114.09	725176	978840	0.00
2017-04-14	114.09	114.39	113.79	114.29	492206	995182	0.00
2017-04-17	115.01	115.01	114.11	114.32	707578	999444	0.00
2017-04-18	114.32	114.43	113.62	113.74	605480	991318	0.00
2017-04-19	113.74	114.05	112.77	113.21	890734	984370	0.00
2017-04-20	113.21	113.48	112.82	113.19	594430	971338	0.00
2017-04-21	113.19	113.19	112.42	112.65	739960	969544	0.00
2017-04-24	113.01	113.01	111.87	112.04	898894	939112	0.00
2017-04-25	112.04	112.45	111.71	112.23	560204	918182	0.00
2017-04-26	112.23	112.23	111.50	111.62	620822	893322	0.00
2017-04-27	111.62	111.81	111.25	111.66	576588	885648	0.00
2017-04-28	111.66	111.84	111.45	111.77	515444	875660	0.00
2017-05-02	110.53	110.61	110.10	110.41	465294	903706	0.00
2017-05-03	110.41	110.44	110.08	110.32	401272	907628	0.00
2017-05-04	110.32	110.32	107.35	108.29	1079530	939750	0.00
2017-05-05	108.29	108.57	107.20	108.09	773398	938998	0.00
2017-05-08	108.06	108.42	108.06	108.21	555962	949626	0.00
2017-05-09	108.21	108.34	107.57	108.01	510428	951104	0.00
2017-05-10	108.01	108.01	106.99	107.54	546568	966492	0.00
2017-05-11	107.54	108.15	107.53	108.05	522150	969432	0.00
2017-05-12	108.05	108.76	107.84	108.59	539966	966840	0.00
2017-05-15	108.60	109.38	108.44	109.28	533778	963040	0.00
2017-05-16	109.28	109.98	109.28	109.81	539886	932714	0.00
2017-05-17	109.81	110.26	109.49	110.13	527440	926854	0.00
2017-05-18	110.13	111.12	110.13	110.45	721864	924984	0.00
2017-05-19	110.08	110.40	109.98	110.23	682828	915526	0.00
2017-05-22	110.44	110.69	110.38	110.59	519980	906980	0.00
2017-05-23	111.30	111.30	111.30	111.30	556896	891838	0.00
2017-05-24	111.30	111.53	109.97	110.18	647576	882004	0.00
2017-05-25	110.18	111.12	110.18	110.85	515474	868962	0.00
2017-05-26	110.85	110.90	110.34	110.87	347134	842168	0.00
2017-05-31	110.81	110.90	110.17	110.26	300442	835798	0.00
2017-06-01	110.26	110.66	109.89	110.20	548994	847358	0.00
2017-06-02	110.20	110.20	109.45	109.68	481512	856094	0.00
2017-06-05	111.04	111.53	111.04	111.33	770914	869804	0.00
2017-06-06	111.33	112.18	111.20	112.08	541470	903810	0.00
2017-06-07	112.08	112.48	112.00	112.22	431742	904146	0.00
2017-06-08	112.22	112.26	111.61	111.97	436968	895792	0.00
2017-06-09	111.97	111.97	110.34	110.49	712468	886956	0.00
2017-06-12	110.11	110.23	109.68	109.72	502534	908120	0.00
2017-06-13	109.72	109.82	109.22	109.43	469480	930514	0.00
2017-06-14	109.43	110.00	109.07	109.77	479860	933450	0.00
2017-06-15	109.77	111.23	109.19	109.23	886986	931858	0.00
2017-06-16	109.23	109.43	108.71	109.25	503360	881374	0.00
2017-06-19	109.17	109.17	108.80	108.90	399852	919746	0.00
2017-06-20	108.90	108.97	108.50	108.84	423798	946618	0.00
2017-06-21	108.84	108.84	108.25	108.62	417968	958290	0.00
2017-06-22	108.62	109.64	108.30	109.44	555074	953520	0.00
2017-06-23	109.44	109.70	109.16	109.69	400454	950480	0.00
2017-06-26	109.71	109.76	109.51	109.66	304154	936312	0.00
2017-06-27	109.66	109.66	108.63	109.21	478008	940506	0.00
2017-06-28	109.21	109.66	108.83	109.37	586740	952544	0.00
2017-06-29	109.37	109.46	109.14	109.29	431714	956690	0.00
2017-06-30	108.17	108.18	108.14	108.17	658024	991284	0.00
2017-07-03	108.20	108.20	107.70	107.90	474444	1015202	0.00
2017-07-04	107.90	107.90	105.67	106.05	970454	1098218	0.00
2017-07-05	106.05	106.47	105.68	106.06	453764	1093892	0.00
2017-07-06	106.06	106.16	105.37	105.94	492876	1111452	0.00
2017-07-07	105.94	106.15	105.11	105.53	608788	1152672	0.00
2017-07-10	103.56	103.92	102.11	102.27	1535262	1189696	0.00
2017-07-11	102.27	103.88	102.24	103.34	1285402	1120732	0.00
2017-07-12	103.34	104.92	103.27	104.29	993584	1086574	0.00
2017-07-13	104.29	105.11	104.29	104.85	681718	1072092	0.00
2017-07-14	104.85	104.85	103.57	103.96	733624	1084792	0.00
2017-07-17	105.20	105.77	105.20	105.43	719944	1046844	0.00
2017-07-18	105.43	106.11	105.43	105.64	536022	1032500	0.00
2017-07-19	105.64	106.07	105.62	105.84	482478	1013834	0.00
2017-07-20	105.84	106.15	105.59	105.79	492706	1017896	0.00
2017-07-21	105.79	106.58	105.59	106.49	702620	1024934	0.00
2017-07-24	106.95	106.98	106.48	106.59	493312	1016384	0.00
2017-07-25	106.59	106.93	106.46	106.77	390478	1003090	0.00
2017-07-26	106.77	106.95	105.72	105.88	706926	1024330	0.00
2017-07-27	105.88	107.52	105.88	107.25	668392	996196	0.00
2017-07-28	107.25	107.53	106.83	107.07	546536	974996	0.00
2017-07-31	107.59	107.65	107.35	107.39	475646	975024	0.00
2017-08-01	107.39	107.78	107.35	107.46	447130	977936	0.00
2017-08-02	107.46	107.81	107.19	107.37	506784	977114	0.00
2017-08-03	107.37	107.62	106.77	106.80	595982	993178	0.00
2017-08-04	106.80	107.51	106.80	107.40	495794	995702	0.00
2017-08-07	106.04	106.05	105.61	105.73	967598	1033822	0.00
2017-08-08	105.73	105.96	105.38	105.55	519616	1031866	0.00
2017-08-09	105.55	106.49	105.16	106.37	903332	1064412	0.00
2017-08-10	106.37	108.42	106.37	108.25	1064018	1071840	0.00
2017-08-11	108.25	109.15	108.25	108.66	968142	1023780	0.00
2017-08-14	108.68	109.36	108.26	109.04	892568	1089146	0.00
2017-08-15	109.04	109.04	107.47	107.83	827984	1023426	0.00
2017-08-16	107.83	107.83	106.83	107.06	582342	996906	0.00
2017-08-17	107.06	109.26	106.98	108.96	1145732	1083960	0.00
2017-08-18	108.96	109.11	108.40	108.82	692194	1067012	0.00
2017-08-21	108.60	108.60	108.00	108.52	1127482	1084442	0.00
2017-08-22	108.52	109.10	108.23	108.31	619996	1106458	0.00
2017-08-23	108.31	108.87	107.96	108.32	724554	1092454	0.00
2017-08-24	108.32	108.73	108.29	108.35	563632	1083876	0.00
2017-08-25	108.35	108.48	108.01	108.27	498014	1084802	0.00
2017-08-28	108.35	108.93	108.35	108.84	1274146	1112672	0.00
2017-08-29	108.84	110.11	108.60	110.05	891874	1136468	0.00
2017-08-30	110.05	110.42	108.88	108.97	831840	1078634	0.00
2017-08-31	108.97	109.30	108.62	108.78	488916	1071228	0.00
2017-09-01	108.78	109.73	108.78	109.33	702134	1088698	0.00
2017-09-04	109.72	110.79	109.72	110.61	1084282	1119142	0.00
2017-09-05	110.61	110.61	110.11	110.46	458118	1133908	0.00
2017-09-06	110.46	110.74	110.22	110.48	700580	1101676	0.00
2017-09-07	110.48	110.59	109.91	110.04	555452	1068228	0.00
2017-09-08	110.04	110.60	110.04	110.41	841456	1044968	0.00
2017-09-11	110.19	110.19	109.33	109.38	723906	1008252	0.00
2017-09-12	109.38	109.68	109.01	109.06	469538	998744	0.00
2017-09-13	109.06	109.42	109.06	109.11	346042	1003998	0.00
2017-09-14	109.11	109.30	108.71	108.85	480840	1006208	0.00
2017-09-15	108.85	109.50	108.85	109.20	408974	1004958	0.00
2017-09-18	109.01	109.01	108.52	108.54	568428	1008094	0.00
2017-09-19	108.54	108.54	107.40	107.89	640958	997348	0.00
2017-09-20	107.89	108.12	107.79	108.01	314572	982674	0.00
2017-09-21	108.01	108.38	106.74	106.77	665898	996844	0.00
2017-09-22	106.77	106.89	106.37	106.83	477634	965268	0.00
2017-09-25	106.76	106.77	106.55	106.71	348750	967668	0.00
2017-09-26	106.71	108.54	106.67	108.29	743072	951108	0.00
2017-09-27	108.29	108.29	107.25	107.33	508108	957188	0.00
2017-09-28	107.33	107.33	106.55	106.77	459836	943968	0.00
2017-09-29	106.77	107.23	106.77	107.15	320502	915068	0.00
2017-10-09	106.72	107.43	106.67	107.01	369814	942348	0.00
2017-10-10	107.11	107.29	106.95	107.07	338378	965476	0.00
2017-10-11	107.07	107.34	106.79	106.87	373660	978226	0.00
2017-10-12	106.87	107.38	106.61	107.17	374432	961414	0.00
2017-10-13	107.17	107.53	106.93	107.37	354366	967902	0.00
2017-10-16	107.63	108.07	107.49	107.98	518200	1005354	0.00
2017-10-17	107.98	108.13	107.17	107.38	497264	959924	0.00
2017-10-18	107.38	107.38	107.01	107.05	366054	958320	0.00
2017-10-19	107.05	107.08	106.64	106.80	364206	958132	0.00
2017-10-20	106.80	107.45	106.80	107.08	516658	956308	0.00
2017-10-23	106.80	106.80	106.41	106.54	502448	957206	0.00
2017-10-24	106.54	107.03	106.29	106.90	396488	953230	0.00
2017-10-25	106.90	106.90	106.41	106.41	350296	939828	0.00
2017-10-26	106.41	106.90	106.41	106.86	386566	940918	0.00
2017-10-27	106.86	106.90	105.70	105.85	636862	983696	0.00
2017-10-30	106.30	106.30	105.90	106.09	546300	936402	0.00
2017-10-31	106.09	106.46	105.95	106.35	390944	909018	0.00
2017-11-01	106.35	106.36	105.71	106.27	485040	904200	0.00
2017-11-02	106.27	106.82	106.08	106.80	582792	915002	0.00
2017-11-03	106.80	107.14	106.66	106.88	373014	910246	0.00
2017-11-06	106.41	106.55	106.27	106.47	586728	901446	0.00
2017-11-07	106.47	107.41	106.47	107.20	536454	924698	0.00
2017-11-08	107.20	107.33	106.87	107.11	371852	908850	0.00
2017-11-09	107.11	107.66	107.11	107.50	438542	898804	0.00
2017-11-10	107.50	107.91	107.42	107.69	434632	893730	0.00
2017-11-13	107.09	107.34	107.09	107.25	446586	880522	0.00
2017-11-14	107.25	107.56	107.10	107.27	315098	878360	0.00
2017-11-15	107.27	107.63	106.93	107.45	445164	864498	0.00
2017-11-16	107.45	107.83	107.24	107.35	513918	842084	0.00
2017-11-17	107.35	107.73	107.35	107.72	341708	838602	0.00
2017-11-20	108.46	108.46	108.23	108.36	570180	866048	0.00
2017-11-21	108.36	108.49	107.48	107.87	619068	818534	0.00
2017-11-22	107.87	108.09	107.63	107.88	375682	821986	0.00
2017-11-23	107.88	108.26	107.88	108.01	404556	823528	0.00
2017-11-24	108.01	108.31	107.90	108.19	308854	831576	0.00
2017-11-27	108.01	108.21	107.86	108.18	412500	821194	0.00
2017-11-28	108.18	108.87	108.18	108.55	589952	843548	0.00
2017-11-29	108.55	108.70	107.94	108.27	577856	857974	0.00
2017-11-30	108.27	108.27	106.77	106.98	711618	853594	0.00
2017-12-01	106.98	106.98	106.08	106.34	479144	854176	0.00
2017-12-04	106.13	106.29	105.93	106.19	783896	866960	0.00
2017-12-05	106.19	106.34	105.98	106.07	323998	880026	0.00
2017-12-06	106.07	106.07	104.93	105.24	623672	903040	0.00
2017-12-07	105.24	105.26	104.00	104.27	590332	938098	0.00
2017-12-08	104.27	104.27	103.29	103.55	493876	952760	0.00
2017-12-11	103.60	103.86	103.57	103.81	519856	952602	0.00
2017-12-12	103.81	103.86	103.35	103.54	334022	978586	0.00
2017-12-13	103.54	103.58	103.11	103.43	357690	984736	0.00
2017-12-14	103.43	105.12	103.36	104.89	672914	972832	0.00
2017-12-15	104.89	104.96	104.38	104.68	428102	998680	0.00
2017-12-18	104.90	105.11	104.86	105.07	501700	945284	0.00
2017-12-19	105.07	105.51	104.96	105.39	394352	932358	0.00
2017-12-20	105.39	105.39	105.10	105.19	286844	929022	0.00
2017-12-21	105.19	105.36	105.03	105.10	312014	921684	0.00
2017-12-22	105.10	105.24	104.85	105.14	320554	918288	0.00
2017-12-25	106.00	106.13	105.80	106.05	519002	910070	0.00
2017-12-26	106.05	106.13	105.79	106.09	184942	907106	0.00
2017-12-27	106.09	106.43	106.09	106.40	284186	891254	0.00
2017-12-28	106.40	107.26	106.40	107.02	357844	881244	0.00
2017-12-29	107.02	107.17	106.62	106.85	329966	852602	0.00
2018-01-02	107.43	107.59	107.20	107.44	193002	867200	0.00
2018-01-03	107.44	108.18	107.44	107.57	449098	865008	0.00
2018-01-04	107.57	107.81	106.85	107.15	499866	878690	0.00
2018-01-05	107.15	107.71	106.93	107.39	466714	872638	0.00
2018-01-08	107.65	107.65	107.39	107.48	476014	881722	0.00
2018-01-09	107.48	107.77	107.35	107.62	337094	900934	0.00
2018-01-10	107.62	107.62	107.10	107.20	382516	935690	0.00
2018-01-11	107.20	107.87	107.20	107.54	361606	943102	0.00
2018-01-12	107.54	107.83	107.03	107.74	526388	954270	0.00
2018-01-15	107.85	108.51	107.85	108.33	628954	982718	0.00
2018-01-16	108.33	108.41	107.95	108.01	311636	968244	0.00
2018-01-17	108.01	108.01	107.29	107.43	526962	945732	0.00
2018-01-18	107.43	107.53	106.62	106.80	450442	956220	0.00
2018-01-19	106.80	106.88	106.34	106.39	445936	968994	0.00
2018-01-22	106.53	106.74	106.44	106.47	303752	975618	0.00
2018-01-23	106.47	106.87	106.45	106.77	351974	993070	0.00
2018-01-24	106.77	106.89	106.18	106.88	573306	1019980	0.00
2018-01-25	106.88	108.33	106.88	108.16	781628	1012658	0.00
2018-01-26	108.16	108.16	107.10	107.47	589032	1021138	0.00
2018-01-29	107.37	107.37	106.98	107.03	411326	1038228	0.00
2018-01-30	107.03	107.03	105.82	105.87	522486	1059048	0.00
2018-01-31	105.87	106.57	105.87	106.04	414382	1059508	0.00
2018-02-01	106.04	106.21	105.84	105.91	347948	1057928	0.00
2018-02-02	105.91	106.08	105.65	105.90	387314	1079760	0.00
2018-02-05	104.44	104.45	104.07	104.15	928350	1128450	0.00
2018-02-06	104.15	105.71	104.11	105.05	693132	1124664	0.00
2018-02-07	105.05	105.05	103.64	103.85	609180	1161308	0.00
2018-02-08	103.85	103.85	102.42	102.97	810452	1180218	0.00
2018-02-09	102.97	104.00	102.97	103.41	568054	1166256	0.00
2018-02-12	102.78	103.54	102.78	103.42	651414	1173846	0.00
2018-02-13	103.42	104.03	103.25	103.98	412208	1140910	0.00
2018-02-14	103.98	104.45	103.52	104.43	409952	1123902	0.00
2018-02-22	103.77	103.77	103.21	103.38	221512	1134100	0.00
2018-02-23	103.38	104.06	103.38	103.85	409852	1173944	0.00
2018-02-26	103.78	104.66	103.72	104.49	563182	1208162	0.00
2018-02-27	104.49	104.52	103.99	104.12	482448	1235492	0.00
2018-02-28	104.12	104.12	102.98	103.17	686252	1256192	0.00
2018-03-01	103.17	103.49	102.88	103.01	432306	1278322	0.00
2018-03-02	103.01	103.53	102.52	103.35	704338	1253810	0.00
2018-03-05	103.44	103.86	103.44	103.73	537774	1247560	0.00
2018-03-06	103.73	103.73	103.26	103.54	393390	1272918	0.00
2018-03-07	103.54	104.58	103.54	104.11	719056	1218872	0.00
2018-03-08	104.11	104.11	103.46	103.92	593214	1250718	0.00
2018-03-09	103.92	103.98	103.24	103.41	501454	1240018	0.00
2018-03-12	103.58	103.65	103.42	103.42	747552	1227970	0.00
2018-03-13	103.42	103.54	103.14	103.30	340042	1237430	0.00
2018-03-14	103.30	103.88	103.20	103.56	508044	1229000	0.00
2018-03-15	103.56	103.56	103.28	103.40	327612	1240072	0.00
2018-03-16	103.40	103.40	102.71	102.95	538056	1288446	0.00
2018-03-19	102.65	102.65	102.08	102.22	721202	1331134	0.00
2018-03-20	102.22	102.75	102.22	102.63	371526	1312788	0.00
2018-03-21	102.63	102.63	102.02	102.53	460552	1331020	0.00
2018-03-22	102.53	103.96	102.53	103.62	885128	1291638	0.00
2018-03-23	103.62	104.38	103.42	104.38	766882	1295120	0.00
2018-03-26	104.45	104.54	104.13	104.21	557712	1286146	0.00
2018-03-27	104.21	104.55	104.08	104.30	498940	1279908	0.00
2018-03-28	104.30	104.30	103.33	103.46	528888	1302538	0.00
2018-03-29	103.46	103.46	102.06	102.09	825310	1328022	0.00
2018-03-30	102.09	102.50	101.96	102.41	386582	1315412	0.00
2018-04-02	102.63	102.74	102.53	102.63	301104	1300854	0.00
2018-04-03	102.63	103.67	102.63	103.30	512272	1264648	0.00
2018-04-04	103.30	103.30	102.51	103.08	414082	1275476	0.00
2018-04-09	102.94	103.06	102.79	102.87	186994	1285374	0.00
2018-04-10	102.87	103.38	102.85	102.99	392434	1286394	0.00
2018-04-11	102.99	103.55	102.99	103.52	480490	1294332	0.00
2018-04-12	103.52	104.53	103.52	103.87	930910	1269726	0.00
2018-04-13	103.87	103.87	102.96	103.12	588532	1234226	0.00
2018-04-16	103.60	103.94	103.48	103.62	555920	1242128	0.00
2018-04-17	103.62	103.93	103.50	103.86	409302	1233522	0.00
2018-04-18	103.86	104.10	103.33	104.03	572604	1234630	0.00
2018-04-19	104.03	105.37	104.03	105.37	1168830	1267536	0.00
2018-04-20	105.37	105.37	104.81	104.99	787788	1238648	0.00
2018-04-23	104.76	104.76	104.30	104.60	716626	1209638	0.00
2018-04-24	104.60	104.60	103.47	103.81	870542	1187544	0.00
2018-04-25	103.81	104.10	103.59	103.73	501506	1192540	0.00
2018-04-26	103.73	103.87	103.47	103.80	502758	1205450	0.00
2018-04-27	103.80	103.81	103.25	103.58	632136	1183978	0.00
2018-05-02	102.72	103.12	102.52	103.06	386476	1201522	0.00
2018-05-03	103.06	103.68	102.97	103.39	631510	1201142	0.00
2018-05-04	103.39	103.79	103.39	103.57	438306	1201488	0.00
2018-05-07	103.81	104.11	103.81	103.90	511990	1208386	0.00
2018-05-08	103.90	104.03	103.86	103.94	334892	1212744	0.00
2018-05-09	103.94	104.33	103.46	103.82	630450	1207686	0.00
2018-05-10	103.82	104.32	103.82	104.10	531168	1214824	0.00
2018-05-11	104.10	104.53	104.10	104.45	514846	1220460	0.00
2018-05-14	104.37	104.53	104.36	104.39	391876	1199996	0.00
2018-05-15	104.39	104.39	103.64	103.68	455842	1193014	0.00
2018-05-16	103.68	103.68	102.66	102.92	562572	1202188	0.00
2018-05-17	102.92	103.00	102.62	102.64	381786	1204148	0.00
2018-05-18	102.64	103.03	102.64	102.94	311870	1196202	0.00
2018-05-21	103.15	103.15	102.50	102.59	469220	1224232	0.00
2018-05-22	102.59	103.15	102.59	102.99	405320	1183406	0.00
2018-05-23	102.99	103.40	102.99	103.23	399780	1172116	0.00
2018-05-24	103.23	103.56	102.97	103.54	449768	1178040	0.00
2018-05-25	103.54	104.17	103.54	104.00	519152	1156286	0.00
2018-05-28	103.90	103.90	103.40	103.50	458254	1153180	0.00
2018-05-29	103.50	103.88	103.50	103.66	274806	1159660	0.00
2018-05-30	103.66	104.10	103.46	103.86	511038	1148626	0.00
2018-05-31	103.86	104.40	103.86	104.37	500746	1143648	0.00
2018-06-01	104.37	104.45	103.86	104.04	368920	1116768	0.00
2018-06-04	103.92	103.92	103.65	103.70	360808	1118162	0.00
2018-06-05	103.70	103.97	103.39	103.55	380782	1113522	0.00
2018-06-06	103.55	103.96	103.45	103.85	439312	1145440	0.00
2018-06-07	103.85	104.16	103.77	104.01	508356	1149848	0.00
2018-06-08	104.01	104.53	103.88	103.92	807482	1122306	0.00
2018-06-11	104.20	105.19	104.20	104.63	827058	1213488	0.00
2018-06-12	104.63	105.05	104.57	104.61	537818	1194720	0.00
2018-06-13	104.61	104.94	104.44	104.46	409850	1166660	0.00
2018-06-14	104.46	105.64	104.46	105.59	879974	1283496	0.00
2018-06-15	105.59	106.16	105.59	105.77	827070	1235498	0.00
2018-06-19	103.53	103.97	103.28	103.59	700784	1037684	0.00
2018-06-20	103.59	103.66	103.25	103.26	409620	1034996	0.00
2018-06-21	103.26	103.50	102.93	103.07	406810	1049588	0.00
2018-06-22	103.07	103.74	103.07	103.72	378480	1039504	0.00
2018-06-25	103.75	104.04	103.70	103.73	445412	1024338	0.00
2018-06-26	103.73	104.03	103.73	103.85	283384	1026008	0.00
2018-06-27	103.85	104.01	103.64	103.90	348306	1024880	0.00
2018-06-28	103.90	103.99	103.57	103.62	395662	1017528	0.00
2018-06-29	103.62	103.89	103.42	103.77	418200	1013134	0.00
2018-07-02	104.01	104.01	103.75	103.88	351088	1016528	0.00
2018-07-03	103.88	103.88	103.77	103.83	405034	1025300	0.00
2018-07-04	103.83	104.51	103.83	104.12	450822	1026798	0.00
2018-07-05	104.12	104.21	103.85	104.07	272732	1018418	0.00
2018-07-06	104.07	104.29	103.95	104.17	354522	1030434	0.00
2018-07-09	104.16	104.30	104.08	104.24	307356	1034036	0.00
2018-07-10	104.24	104.40	103.76	103.89	340216	1039848	0.00
2018-07-11	103.89	104.06	103.83	103.95	348146	1054710	0.00
2018-07-12	103.95	104.09	103.60	103.65	426020	1053954	0.00
2018-07-13	103.89	103.89	103.58	103.62	247736	1035778	0.00
2018-07-16	103.52	103.72	103.52	103.60	311620	1045926	0.00
2018-07-17	103.60	103.60	102.99	103.38	455588	1065282	0.00
2018-07-18	103.38	103.38	101.99	102.24	829714	1147468	0.00
2018-07-19	102.24	102.71	102.20	102.55	462168	1125144	0.00
2018-07-20	102.55	102.83	102.05	102.66	533304	1136644	0.00
2018-07-23	103.14	103.23	103.06	103.10	409046	1106502	0.00
2018-07-24	103.10	103.18	102.96	102.98	299564	1091408	0.00
2018-07-25	102.98	103.40	102.98	103.21	327688	1082070	0.00
2018-07-26	103.21	103.36	103.09	103.33	260798	1080158	0.00
2018-07-27	103.33	103.34	102.93	103.02	297940	1083292	0.00
2018-07-30	103.21	103.24	103.01	103.06	284146	1075154	0.00
2018-07-31	103.06	103.31	103.06	103.21	235038	1067126	0.00
2018-08-01	103.21	103.21	102.78	103.12	414030	1059004	0.00
2018-08-02	103.12	103.16	102.75	102.88	306836	1068924	0.00
2018-08-03	102.88	103.05	102.59	102.67	278280	1076078	0.00
2018-08-06	103.02	103.02	102.79	102.85	486242	1059886	0.00
2018-08-07	102.85	102.91	102.61	102.82	264586	1072914	0.00
2018-08-08	102.54	102.64	102.20	102.57	341332	1099122	0.00
2018-08-09	102.57	102.67	102.31	102.59	276872	1106116	0.00
2018-08-10	102.59	102.72	102.41	102.50	317574	1103436	0.00
2018-08-13	102.69	102.69	102.54	102.61	400318	1119320	0.00
2018-08-14	102.61	102.61	101.41	101.62	661956	1156218	0.00
2018-08-15	101.62	101.76	101.07	101.27	466506	1175980	0.00
2018-08-16	101.27	101.27	98.67	99.46	1164680	1189898	0.00
2018-08-17	99.46	100.07	99.25	99.46	552066	1163298	0.00
2018-08-20	99.54	100.01	99.54	99.99	391812	1143030	0.00
2018-08-21	99.99	100.32	99.66	100.24	379064	1161522	0.00
2018-08-22	100.24	100.26	99.86	100.09	337550	1169394	0.00
2018-08-23	100.09	100.48	99.71	99.82	493226	1181786	0.00
2018-08-24	99.82	100.08	99.62	99.95	363210	1193896	0.00
2018-08-27	100.32	100.44	100.23	100.35	487422	1175432	0.00
2018-08-28	100.35	100.71	100.30	100.65	316548	1161884	0.00
2018-08-29	100.65	100.65	99.73	100.04	418656	1163288	0.00
2018-08-30	100.04	100.38	99.94	100.15	342426	1174418	0.00
2018-08-31	100.15	100.27	99.56	100.05	493930	1193774	0.00
2018-09-03	99.79	99.79	99.20	99.39	558326	1210392	0.00
2018-09-04	99.39	99.55	98.68	98.75	417386	1209108	0.00
2018-09-05	98.75	98.75	97.89	98.07	582256	1214214	0.00
2018-09-06	98.07	98.54	98.07	98.42	323734	1207156	0.00
2018-09-07	98.42	98.91	98.35	98.57	454412	1210640	0.00
2018-09-10	98.65	98.65	98.24	98.35	440736	1207224	0.00
2018-09-11	98.35	98.74	98.35	98.73	253546	1196084	0.00
2018-09-12	98.73	98.76	97.90	98.50	476856	1197312	0.00
2018-09-13	98.50	99.01	98.41	98.95	381430	1204150	0.00
2018-09-14	98.95	99.37	98.67	99.15	431118	1203608	0.00
2018-09-17	98.75	98.75	98.48	98.60	411040	1207990	0.00
2018-09-18	98.60	99.07	98.60	98.78	321498	1199834	0.00
2018-09-19	98.78	99.06	98.60	98.88	377502	1199902	0.00
2018-09-20	98.88	99.58	98.79	99.43	537272	1191138	0.00
2018-09-21	99.43	100.19	99.43	100.04	625134	1177948	0.00
2018-09-25	99.64	99.77	99.41	99.61	274274	1138524	0.00
2018-09-26	99.61	100.47	99.61	100.16	506162	1115344	0.00
2018-09-27	100.16	100.33	99.86	99.96	402822	1096814	0.00
2018-09-28	99.96	99.96	98.86	98.98	506018	1091004	0.00
2018-10-08	101.07	101.07	100.22	100.42	301402	1058836	0.00
2018-10-09	100.24	100.39	100.21	100.28	390720	1076688	0.00
2018-10-10	100.28	100.37	99.92	100.26	328156	1079376	0.00
2018-10-11	100.26	100.47	99.90	100.47	399626	1090900	0.00
2018-10-12	100.47	101.85	100.47	101.57	740864	1102964	0.00
2018-10-15	101.99	102.42	101.99	102.41	530056	1116082	0.00
2018-10-16	102.41	102.70	102.13	102.30	521110	1105792	0.00
2018-10-17	102.30	102.74	101.90	102.16	436700	1093604	0.00
2018-10-18	102.16	102.55	101.62	101.81	486900	1073040	0.00
2018-10-19	101.81	102.66	101.81	102.49	516706	1089978	0.00
2018-10-22	102.42	102.59	102.35	102.41	361852	1081562	0.00
2018-10-23	102.41	102.78	102.12	102.77	377146	1084508	0.00
2018-10-24	102.77	103.74	102.77	103.21	554786	1078140	0.00
2018-10-25	103.21	103.90	103.03	103.65	487182	1106674	0.00
2018-10-26	103.65	103.65	103.05	103.31	470304	1084644	0.00
2018-10-29	103.48	103.57	103.16	103.19	609390	1078804	0.00
2018-10-30	103.19	103.42	102.45	102.68	517528	1074844	0.00
2018-10-31	102.68	102.68	101.95	102.01	549268	1045074	0.00
2018-11-01	102.01	102.13	101.48	102.11	526138	1036160	0.00
2018-11-02	102.11	103.08	102.11	102.72	703374	1004372	0.00
2018-11-05	102.72	102.92	102.63	102.80	484052	989254	0.00
2018-11-06	102.80	103.01	102.55	102.83	374486	984892	0.00
2018-11-07	102.83	103.04	102.30	102.65	524540	985170	0.00
2018-11-08	102.65	102.85	102.33	102.45	405270	985390	0.00
2018-11-09	102.45	102.54	101.84	102.08	517906	977214	0.00
2018-11-12	101.29	101.51	101.13	101.16	655012	995664	0.00
2018-11-13	101.16	101.21	100.83	100.85	406722	1020746	0.00
2018-11-14	100.85	101.02	100.54	100.76	491302	1038238	0.00
2018-11-15	100.76	101.43	100.41	101.41	492092	1027340	0.00
2018-11-16	101.41	101.79	101.09	101.72	451214	1010068	0.00
2018-11-19	102.11	102.30	101.91	102.03	543348	985246	0.00
2018-11-20	102.03	102.35	102.01	102.31	331710	959964	0.00
2018-11-21	102.31	102.77	101.91	102.19	533342	934242	0.00
2018-11-22	102.19	102.78	102.19	102.62	441014	917062	0.00
2018-11-23	102.62	102.71	102.39	102.40	258374	901348	0.00
2018-11-26	102.13	102.30	101.98	102.23	491826	902772	0.00
2018-11-27	102.23	102.30	101.80	101.83	361602	905812	0.00
2018-11-28	101.83	102.20	101.38	101.51	476342	900042	0.00
2018-11-29	101.51	102.48	101.40	102.41	535366	880358	0.00
2018-11-30	102.41	102.59	102.20	102.37	358988	876526	0.00
2018-12-03	101.97	102.30	101.87	102.14	571182	898356	0.00
2018-12-04	102.14	102.71	102.14	102.27	537564	890370	0.00
2018-12-05	102.27	102.63	102.20	102.30	440884	883122	0.00
2018-12-06	102.30	102.81	102.30	102.52	367064	903648	0.00
2018-12-07	102.52	102.96	102.45	102.65	496632	906650	0.00
2018-12-10	103.41	103.83	103.37	103.80	710900	986256	0.00
2018-12-11	103.80	103.80	103.35	103.60	430126	964196	0.00
2018-12-12	103.60	103.80	103.23	103.26	473758	939156	0.00
2018-12-13	103.26	103.59	103.26	103.41	394714	946102	0.00
2018-12-14	103.41	103.45	103.07	103.12	366944	943238	0.00
2018-12-17	103.05	103.05	102.82	102.98	353744	924914	0.00
2018-12-18	102.98	103.64	102.98	103.44	344310	914388	0.00
2018-12-19	103.58	103.82	103.47	103.74	326312	920932	0.00
2018-12-20	103.74	104.47	103.32	103.47	656508	920342	0.00
2018-12-21	103.47	104.61	103.47	104.29	569312	928958	0.00
2018-12-24	104.13	104.63	104.13	104.43	423864	932578	0.00
2018-12-25	104.43	104.93	104.38	104.77	362540	936384	0.00
2018-12-26	104.77	105.36	104.77	105.15	449694	951368	0.00
2018-12-27	105.15	106.02	105.08	105.22	933430	983190	0.00
2018-12-28	105.22	106.41	105.22	106.37	887280	1029610	0.00
2019-01-02	106.28	106.78	106.11	106.60	414692	1060598	0.00
2019-01-03	106.60	107.82	106.39	107.78	926760	1100698	0.00
2019-01-04	107.78	108.54	107.29	108.00	1034492	1096748	0.00
2019-01-07	107.27	107.76	107.27	107.61	1107124	1094724	0.00
2019-01-08	107.61	107.99	106.54	106.88	859548	1086000	0.00
2019-01-09	106.88	107.14	106.48	106.67	657166	1096064	0.00
2019-01-10	106.67	107.24	106.53	106.90	885740	1121892	0.00
2019-01-11	106.90	106.90	106.04	106.27	854720	1118054	0.00
2019-01-14	105.92	106.11	105.80	106.07	735578	1123206	0.00
2019-01-15	106.07	106.31	105.87	105.94	592694	1126060	0.00
2019-01-16	105.94	106.36	105.76	105.94	743562	1118670	0.00
2019-01-17	105.94	106.15	105.70	105.99	485592	1133148	0.00
2019-01-18	105.99	106.32	105.81	106.05	672050	1162076	0.00
2019-01-21	105.34	105.34	104.87	105.03	843792	1143800	0.00
2019-01-22	105.03	105.03	104.56	104.81	525372	1154644	0.00
2019-01-23	104.81	105.37	104.81	105.20	549738	1169178	0.00
2019-01-24	105.20	105.34	104.85	104.91	529656	1153890	0.00
2019-01-25	104.91	105.17	104.67	104.85	487908	1158260	0.00
2019-01-28	106.07	106.56	106.07	106.30	1006180	1212470	0.00
2019-01-29	106.30	106.84	105.95	106.68	773966	1224534	0.00
2019-01-30	106.68	107.36	106.68	107.03	825232	1205348	0.00
2019-01-31	107.03	107.27	106.48	107.06	664100	1159712	0.00
2019-02-01	107.06	107.56	106.98	107.40	641656	1142310	0.00
2019-02-11	107.01	107.25	106.87	107.02	274320	1148150	0.00
2019-02-12	107.02	107.23	106.80	107.17	505442	1209488	0.00
2019-02-13	107.17	107.35	106.73	106.99	495498	1241550	0.00
2019-02-14	106.99	107.38	106.41	106.46	712560	1247676	0.00
2019-02-15	106.46	107.00	106.13	106.96	637706	1270168	0.00
2019-02-18	107.31	107.79	107.31	107.72	654196	1310186	0.00
2019-02-19	107.72	108.18	107.67	107.68	419590	1323196	0.00
2019-02-20	106.85	108.19	106.85	107.59	873644	1356920	0.00
2019-02-21	107.59	108.00	106.92	106.93	697490	1345980	0.00
2019-02-22	106.93	107.08	106.28	106.36	601200	1327672	0.00
2019-02-25	106.72	106.72	106.30	106.53	688398	1340150	0.00
2019-02-26	106.53	106.55	105.81	106.19	622914	1336028	0.00
2019-02-27	106.19	106.32	105.90	106.05	519340	1326210	0.00
2019-02-28	106.05	106.20	104.96	105.21	767920	1306520	0.00
2019-03-01	105.21	105.64	104.63	104.80	713416	1310320	0.00
2019-03-04	103.40	103.40	102.81	102.90	1202264	1346070	0.00
2019-03-05	102.90	102.90	102.08	102.35	927090	1386596	0.00
2019-03-06	102.35	102.99	102.15	102.99	658770	1410304	0.00
2019-03-07	102.99	103.00	102.48	102.52	544360	1415676	0.00
2019-03-08	102.52	103.40	102.32	103.32	717430	1434908	0.00
2019-03-11	104.11	104.11	103.71	103.90	850274	1435226	0.00
2019-03-12	103.90	104.09	103.41	103.97	518812	1443242	0.00
2019-03-13	103.97	104.39	103.85	104.28	415890	1448476	0.00
2019-03-14	104.28	104.55	103.76	103.79	563838	1426730	0.00
2019-03-15	103.79	103.95	102.92	103.86	822372	1403522	0.00
2019-03-18	103.79	103.95	103.38	103.94	481662	1390782	0.00
2019-03-19	103.94	104.36	103.93	104.26	436156	1400912	0.00
2019-03-20	104.26	104.58	103.94	104.06	389056	1392746	0.00
2019-03-21	104.06	105.10	103.61	105.08	809260	1401524	0.00
2019-03-22	105.08	105.08	104.37	104.78	586872	1411046	0.00
2019-03-25	104.71	105.09	104.71	105.02	539592	1415372	0.00
2019-03-26	105.02	105.53	104.95	105.00	567044	1401546	0.00
2019-03-27	105.00	105.14	104.64	104.76	560032	1381878	0.00
2019-03-28	104.76	104.86	104.08	104.28	673350	1368876	0.00
2019-03-29	104.28	104.28	102.29	102.39	1053008	1321556	0.00
2019-04-01	102.86	102.95	102.57	102.71	625732	1311780	0.00
2019-04-02	102.71	103.27	102.71	102.76	531974	1337494	0.00
2019-04-03	102.76	103.34	102.62	103.16	591952	1336930	0.00
2019-04-04	103.16	103.24	102.76	103.19	502060	1334184	0.00
2019-04-08	103.15	103.58	103.15	103.54	285262	1344088	0.00
2019-04-09	103.54	104.08	103.54	103.78	458566	1347056	0.00
2019-04-10	103.78	104.15	103.62	103.98	517374	1339626	0.00
2019-04-11	103.98	104.29	103.75	103.91	477704	1330092	0.00
2019-04-12	103.91	103.91	102.56	102.86	721024	1335424	0.00
2019-04-15	102.72	102.72	102.23	102.28	611366	1352070	0.00
2019-04-16	102.28	102.60	101.98	102.42	520686	1354778	0.00
2019-04-17	102.42	102.42	101.85	102.18	589008	1359532	0.00
2019-04-18	102.18	102.22	101.58	101.69	474580	1360592	0.00
2019-04-19	101.69	102.23	101.69	102.07	371548	1336430	0.00
2019-04-22	102.18	102.63	102.12	102.48	369686	1318524	0.00
2019-04-23	102.48	102.54	101.89	101.91	438164	1314910	0.00
2019-04-24	101.91	101.91	101.21	101.58	605658	1329762	0.00
2019-04-25	101.58	102.43	101.58	102.28	633950	1331386	0.00
2019-04-26	102.28	102.84	102.28	102.80	631012	1317816	0.00
2019-04-29	102.98	103.04	102.72	102.74	566716	1307802	0.00
2019-04-30	102.74	102.82	102.30	102.73	480916	1301392	0.00
2019-05-06	103.33	103.39	102.89	103.00	411508	1274282	0.00
2019-05-07	103.00	103.27	102.59	103.11	570418	1285830	0.00
2019-05-08	103.11	103.61	102.97	103.56	587404	1321376	0.00
2019-05-09	103.56	103.91	103.17	103.54	701554	1321218	0.00
2019-05-10	103.54	104.01	103.41	103.48	721760	1323938	0.00
2019-05-13	103.88	104.02	103.81	103.92	563758	1325310	0.00
2019-05-14	103.92	105.38	103.92	105.06	918748	1366114	0.00
2019-05-15	105.06	105.26	104.53	104.59	595754	1346286	0.00
2019-05-16	104.59	105.17	104.59	104.95	510696	1338438	0.00
2019-05-17	104.95	104.95	103.87	104.24	764792	1342946	0.00
2019-05-20	103.71	103.78	103.46	103.57	584968	1361226	0.00
2019-05-21	103.57	103.94	103.46	103.59	422312	1367178	0.00
2019-05-22	103.59	103.62	103.22	103.54	495448	1366398	0.00
2019-05-23	103.54	103.90	103.54	103.83	380468	1346638	0.00
2019-05-24	103.83	104.62	103.83	104.34	652274	1301098	0.00
2019-05-27	104.30	104.48	104.25	104.37	362538	1281152	0.00
2019-05-28	104.37	104.44	104.06	104.23	242702	1272060	0.00
2019-05-29	104.23	104.23	103.43	104.09	654688	1320470	0.00
2019-05-30	104.09	104.24	103.52	103.79	460252	1308048	0.00
2019-05-31	103.79	104.76	103.79	104.72	630460	1294222	0.00
2019-06-03	105.25	105.82	105.25	105.45	835064	1292190	0.00
2019-06-04	105.45	106.59	105.45	106.49	737756	1282740	0.00
2019-06-05	106.49	107.21	106.15	107.05	785848	1319494	0.00
2019-06-06	107.05	108.08	106.57	107.16	1065444	1328834	0.00
2019-06-10	107.60	107.64	106.72	106.87	460874	1342520	0.00
2019-06-11	106.87	106.98	106.08	106.22	648132	1318566	0.00
2019-06-12	106.22	107.58	105.99	107.37	817882	1391062	0.00
2019-06-13	107.37	107.40	106.81	107.37	636882	1378316	0.00
2019-06-14	107.37	108.90	107.09	108.84	906342	1441394	0.00
2019-06-17	107.85	107.92	107.33	107.59	1058806	1384600	0.00
2019-06-18	107.59	108.32	107.58	108.12	604782	1358284	0.00
2019-06-19	108.12	108.73	107.26	107.85	1109024	1305868	0.00
2019-06-20	107.85	110.42	107.63	110.00	1270458	1371090	0.00
2019-06-21	110.00	111.52	109.72	110.42	1451548	1367918	0.00
2019-06-24	110.57	111.47	110.57	110.93	1085992	1369406	0.00
2019-06-25	110.93	112.80	110.83	112.37	1375080	1402234	0.00
2019-06-26	112.37	112.82	110.69	110.77	1587428	1458386	0.00
2019-06-27	110.77	111.47	110.44	110.55	1087740	1460014	0.00
2019-06-28	110.55	111.88	110.39	110.78	1113994	1446230	0.00
2019-07-01	110.84	110.84	108.72	108.79	1108664	1412100	0.00
2019-07-02	108.79	109.78	108.79	109.59	791282	1410688	0.00
2019-07-03	109.59	113.04	109.29	111.94	1719442	1443090	0.00
2019-07-04	111.94	111.94	110.83	110.94	972908	1421180	0.00
2019-07-05	110.94	111.46	110.92	111.00	537024	1408036	0.00
2019-07-08	109.94	110.43	109.74	110.35	1308228	1400450	0.00
2019-07-09	110.35	110.35	109.54	109.75	683740	1381872	0.00
2019-07-10	109.75	110.33	109.58	109.68	628406	1383254	0.00
2019-07-11	109.68	111.60	109.68	111.19	1038180	1403650	0.00
2019-07-12	111.19	111.19	110.16	110.44	647820	1398118	0.00
2019-07-15	111.02	111.10	110.60	111.03	642162	1437894	0.00
2019-07-16	111.03	111.57	110.79	111.57	814202	1530882	0.00
2019-07-17	111.57	112.36	111.13	111.96	1768990	1666500	0.00
2019-07-18	111.96	114.66	111.96	113.76	2792708	1872760	0.00
2019-07-19	113.76	116.45	113.76	116.09	2584940	1973050	0.00
2019-07-22	114.62	115.78	114.56	115.25	4117758	1964122	0.00
2019-07-23	115.25	115.61	114.14	114.91	1797398	1908532	0.00
2019-07-24	114.91	116.05	114.91	115.48	2316052	1969864	0.00
2019-07-25	115.48	116.17	115.07	115.56	1871408	1919142	0.00
2019-07-26	115.56	115.60	114.40	115.19	1981148	1868936	0.00
2019-07-29	115.05	115.62	114.97	115.25	1700450	1867608	0.00
2019-07-30	115.25	115.68	114.96	115.68	1165430	1929832	0.00
2019-07-31	115.68	116.09	115.43	115.84	1281248	1895688	0.00
2019-08-01	115.84	115.84	113.34	113.38	2487456	1813574	0.00
2019-08-02	113.38	116.24	113.06	115.42	2556288	1779440	0.00
2019-08-05	116.34	119.71	116.34	119.44	3629346	2027344	0.00
2019-08-06	119.44	120.64	118.62	119.32	3292272	1919896	0.00
2019-08-07	119.32	122.25	119.27	121.67	3305446	2061026	0.00
2019-08-08	121.67	124.51	121.67	123.35	4318904	2134436	0.00
2019-08-09	123.35	124.24	122.42	123.36	2656072	2136750	0.00
2019-08-12	123.50	123.77	122.66	122.74	2417740	2151750	0.00
2019-08-13	122.74	126.48	122.74	126.22	3026726	2327046	0.00
2019-08-14	126.22	126.22	120.85	122.55	4512520	2159436	0.00
2019-08-15	122.55	125.47	122.55	124.22	3773924	2204846	0.00
2019-08-16	124.22	125.24	124.02	124.29	2280694	2176372	0.00
2019-08-19	124.19	124.19	123.06	123.52	2245828	2140960	0.00
2019-08-20	123.52	123.52	122.54	123.08	1497430	2138820	0.00
2019-08-21	123.08	124.25	123.08	123.38	1850842	2148074	0.00
2019-08-22	123.38	124.09	123.38	123.73	1301880	2131758	0.00
2019-08-23	123.73	124.29	123.41	123.71	1332722	2125340	0.00
2019-08-26	126.78	129.34	126.78	128.54	4246894	2219476	0.00
2019-08-27	128.54	129.39	127.85	129.06	2726542	2337528	0.00
2019-08-28	129.06	131.75	129.06	130.86	4598264	2331726	0.00
2019-08-29	130.86	133.03	130.51	132.92	3920120	2534102	0.00
2019-08-30	132.92	132.92	129.51	130.68	4771842	2450146	0.00
2019-09-02	130.38	131.11	130.25	130.53	3311816	2389306	0.00
2019-09-03	130.53	131.86	130.46	131.52	2774556	2478772	0.00
2019-09-04	131.52	135.69	131.52	134.63	5964630	2511302	0.00
2019-09-05	134.63	135.82	134.10	135.30	3962948	2499240	0.00
2019-09-06	135.30	135.30	129.37	129.48	6782168	2236162	0.00
2019-09-09	126.76	128.96	126.76	128.29	6148684	2018634	0.00
2019-09-10	128.29	128.85	125.79	126.61	4252606	2092770	0.00
2019-09-11	126.61	128.15	126.43	127.67	3629318	2096020	0.00
2019-09-12	127.46	127.46	126.78	127.35	2783864	1988672	0.00
2019-09-16	126.12	127.15	126.10	126.55	1243292	2048936	0.00
2019-09-17	126.55	127.12	125.84	126.14	2141668	2095586	0.00
2019-09-18	126.14	127.52	126.14	126.80	2143610	2087260	0.00
2019-09-19	126.80	127.47	125.15	126.18	2802260	2111574	0.00
2019-09-20	126.18	127.18	126.18	126.83	1791514	2140158	0.00
2019-09-23	127.72	129.69	127.59	129.13	2756962	2256450	0.00
2019-09-24	129.13	130.81	129.13	130.22	2911144	2243284	0.00
2019-09-25	130.22	131.10	128.88	130.49	3620370	2226492	0.00
2019-09-26	130.49	130.74	127.29	127.82	3793452	2075198	0.00
2019-09-27	127.82	128.23	124.94	125.60	3115536	1934510	0.00
2019-09-30	125.60	125.60	124.05	124.59	3239158	1857002	0.00
2019-10-08	124.36	125.30	124.08	124.81	815722	1878842	0.00
2019-10-09	124.81	127.69	124.81	127.65	2656572	2038872	0.00
2019-10-10	127.65	127.65	126.08	126.51	2376122	2049198	0.00
2019-10-11	126.51	126.51	124.68	125.93	2623196	2076018	0.00
2019-10-14	124.30	124.89	123.95	124.38	3136126	2072354	0.00
2019-10-15	124.38	125.34	124.33	124.74	1843054	2099068	0.00
2019-10-16	124.74	124.99	123.12	123.45	2478766	2138656	0.00
2019-10-17	123.45	124.70	123.45	124.43	2007172	2130920	0.00
2019-10-18	124.43	125.03	124.15	124.48	1860882	2136800	0.00
2019-10-21	124.49	125.37	124.10	125.02	2080774	2208308	0.00
2019-10-22	125.02	125.80	123.80	124.35	2413088	2174384	0.00
2019-10-23	124.35	124.78	123.94	124.78	1634804	2177924	0.00
2019-10-24	124.78	124.85	124.32	124.51	1301356	2175412	0.00
2019-10-25	124.51	126.83	124.51	126.67	3000232	2298576	0.00
2019-10-28	126.34	126.82	126.34	126.81	3311080	2249718	0.00
2019-10-29	126.81	126.81	124.87	125.01	2399990	2133818	0.00
2019-10-30	125.01	125.63	124.47	125.30	2119652	2110466	0.00
2019-10-31	125.30	125.82	124.70	125.53	2076828	2074632	0.00
2019-11-01	125.53	126.97	125.53	126.67	2302248	2090886	0.00
2019-11-04	126.45	126.81	126.41	126.59	1830678	2122000	0.00
2019-11-05	126.59	127.17	125.69	125.85	1867492	2088722	0.00
2019-11-06	125.85	125.85	122.81	123.18	3413238	2001476	0.00
2019-11-07	123.18	123.95	122.73	123.83	1966002	1979378	0.00
2019-11-08	123.83	123.83	119.48	120.42	3818136	1921356	0.00
2019-11-11	119.68	120.05	119.67	120.01	2530632	1908776	0.00
2019-11-12	120.01	120.22	118.63	119.13	2339044	1898366	0.00
2019-11-13	119.13	120.68	118.69	120.55	2201542	1949262	0.00
2019-11-14	120.55	120.96	120.08	120.77	2129066	1934664	0.00
2019-11-15	120.77	121.27	119.87	120.15	2315380	1881842	0.00
2019-11-18	120.42	120.46	120.04	120.16	1472970	1884808	0.00
2019-11-19	120.16	121.70	119.56	121.55	2604352	1872898	0.00
2019-11-20	121.55	121.90	120.57	121.57	2227894	1841696	0.00
2019-11-21	121.57	121.90	120.98	121.40	1826324	1816810	0.00
2019-11-22	121.40	121.50	120.79	121.20	1828068	1803300	0.00
2019-11-25	120.94	120.94	120.05	120.10	2000914	1773496	0.00
2019-11-26	120.10	120.51	119.50	120.32	1823490	1727690	0.00
2019-11-27	120.32	121.02	119.80	120.74	2136526	1710106	0.00
2019-11-28	120.74	120.74	120.17	120.38	1567648	1650468	0.00
2019-11-29	120.38	120.85	120.35	120.58	767364	1626152	0.00
2019-12-02	121.09	121.09	120.46	120.55	1587520	1615592	0.00
2019-12-03	120.55	121.03	120.52	120.72	1483764	1628448	0.00
2019-12-04	120.72	123.70	120.72	123.62	3223530	1811088	0.00
2019-12-05	123.62	123.62	121.83	122.30	2799076	1770038	0.00
2019-12-06	122.30	122.41	121.34	121.52	1705774	1740328	0.00
2019-12-09	120.05	120.17	119.62	120.06	3019092	1745966	0.00
2019-12-10	120.06	120.43	119.94	120.12	979602	1738542	0.00
2019-12-11	120.12	120.55	120.02	120.19	1133646	1715494	0.00
2019-12-12	120.19	121.51	120.19	121.20	1646502	1704134	0.00
2019-12-13	121.20	122.72	119.56	120.05	3355290	1697266	0.00
2019-12-16	121.28	121.56	120.73	121.43	2727086	1725638	0.00
2019-12-17	121.43	121.70	121.04	121.50	1228502	1668182	0.00
2019-12-18	121.50	121.75	121.10	121.65	1177862	1688744	0.00
2019-12-19	121.65	121.65	120.87	121.35	1251110	1667616	0.00
2019-12-20	121.35	121.98	121.25	121.87	1174492	1705658	0.00
2019-12-23	122.03	122.99	122.03	122.97	2107966	1819116	0.00
2019-12-24	122.97	124.30	122.60	123.93	2105756	1825880	0.00
2019-12-25	123.93	125.02	123.88	124.84	1520708	1851592	0.00
2019-12-26	124.84	126.04	124.47	125.73	1655716	1906678	0.00
2019-12-27	125.73	126.32	125.20	125.52	2578094	1904800	0.00
2019-12-30	125.77	126.04	125.54	125.66	1845706	1912514	0.00
2019-12-31	125.66	127.02	125.26	126.72	2269906	1972836	0.00
2020-01-02	126.40	126.40	125.29	125.59	508812	974884	0.00
2020-01-03	125.59	128.17	125.59	127.62	1475234	1032170	0.00
2020-01-06	127.64	130.59	127.64	129.91	1502979	1044076	0.00
2020-01-07	128.83	128.83	127.38	128.24	1624910	1028076	0.00
2020-01-08	128.24	132.26	127.91	130.62	1714665	1035405	0.00
2020-01-09	130.62	130.62	125.31	125.77	1872598	1016821	0.00
2020-01-10	125.77	126.56	125.65	125.86	971770	1026255	0.00
2020-01-13	126.78	126.78	126.07	126.11	1196626	1027764	0.00
2020-01-14	126.11	126.15	123.62	124.09	1012748	1021982	0.00
2020-01-15	124.09	125.53	124.09	125.12	791205	1015976	0.00
2020-01-16	125.12	125.95	124.67	125.37	866709	1028450	0.00
2020-01-17	125.37	125.77	124.98	125.58	647391	1042047	0.00
2020-01-20	125.68	125.73	125.34	125.57	695341	1049509	0.00
2020-01-21	125.57	126.94	125.52	126.76	531418	1052678	0.00
2020-01-22	126.76	126.76	124.38	125.02	921985	999841	0.00
2020-01-23	125.02	125.88	125.02	125.46	518099	987307	0.00
2020-02-03	127.70	128.33	127.42	127.77	422014	987427	0.00
2020-02-04	127.77	127.88	126.76	126.96	302396	994624	0.00
2020-02-05	126.96	126.96	125.64	126.57	344510	1019987	0.00
2020-02-06	126.57	126.57	125.66	126.06	280969	1033356	0.00
2020-02-07	126.06	127.20	126.06	126.60	284037	1045545	0.00
2020-02-10	127.25	127.42	126.71	126.76	221597	1058233	0.00
2020-02-11	126.76	126.94	126.53	126.67	212095	1060207	0.00
2020-02-12	126.67	126.67	125.35	125.70	445428	1075989	0.00
2020-02-13	125.70	126.74	125.70	126.55	260130	1068739	0.00
2020-02-14	126.55	126.96	126.43	126.76	228356	1061801	0.00
2020-02-17	126.99	127.65	126.99	127.54	304384	1064718	0.00
2020-02-18	127.54	128.30	127.54	127.96	308551	1054576	0.00
2020-02-19	127.96	130.55	127.96	130.29	519195	1067809	0.00
2020-02-20	130.29	131.43	130.20	130.67	541672	1060639	0.00
2020-02-21	130.67	132.94	130.67	132.71	568067	1043273	0.00
2020-02-24	134.09	135.35	134.09	134.64	639697	1013280	0.00
2020-02-25	134.64	134.64	131.55	131.80	834717	944865	0.00
2020-02-26	131.80	132.05	130.97	131.65	691271	965922	0.00
2020-02-27	131.65	132.05	131.16	131.45	596799	981275	0.00
2020-02-28	131.45	131.45	126.60	127.47	1307997	954140	0.00
2020-03-02	125.73	125.73	124.17	124.90	881330	956936	0.00
2020-03-03	124.90	125.12	124.13	124.38	596906	976633	0.00
2020-03-04	124.38	127.63	124.38	127.12	680963	970970	0.00
2020-03-05	127.12	127.12	126.48	127.02	319906	970179	0.00
2020-03-06	127.02	129.42	127.02	128.80	615841	984988	0.00
2020-03-09	129.40	129.71	124.74	125.78	1328829	1020371	0.00
2020-03-10	125.78	127.15	125.51	126.16	835410	1001314	0.00
2020-03-11	126.16	126.88	126.16	126.69	475056	995916	0.00
2020-03-12	126.69	126.69	123.84	124.63	841414	995045	0.00
2020-03-13	124.63	124.63	118.00	119.67	948942	978679	0.00
2020-03-16	116.61	116.61	113.96	114.72	596126	986482	0.00
2020-03-17	114.72	114.72	106.61	106.73	348132	977947	0.00
2020-03-18	106.73	108.04	104.22	105.28	1245924	967555	0.00
2020-03-19	105.28	105.28	101.84	103.90	1230021	965144	0.00
2020-03-20	103.90	107.58	103.85	107.29	1160568	986554	0.00
2020-03-23	106.67	107.73	105.88	107.11	1044370	957250	0.00
2020-03-24	107.11	113.81	107.11	113.60	668932	957370	0.00
2020-03-25	113.60	119.27	113.60	117.56	1062360	953315	0.00
2020-03-26	117.56	117.56	116.55	117.02	743289	965223	0.00
2020-03-27	117.02	118.83	117.02	118.53	694215	971980	0.00
2020-03-30	118.00	118.00	114.88	115.11	892606	968355	0.00
2020-03-31	115.11	116.27	115.11	116.15	500223	953637	0.00
2020-04-01	116.15	116.15	113.87	114.56	424468	950553	0.00
2020-04-02	114.56	116.25	114.26	116.21	539266	935147	0.00
2020-04-03	116.21	118.01	116.21	117.58	493999	924715	0.00
2020-04-07	121.26	123.24	121.26	122.51	599198	939785	0.00
2020-04-08	122.51	122.51	119.96	120.81	510833	936959	0.00
2020-04-09	120.81	121.21	120.58	121.17	305985	940558	0.00
2020-04-10	121.17	122.97	121.17	121.96	282048	949647	0.00
2020-04-13	122.15	122.47	120.48	121.57	617708	947674	0.00
2020-04-14	121.57	124.31	121.57	123.42	690463	960811	0.00
2020-04-15	123.42	124.43	122.05	122.19	572123	960987	0.00
2020-04-16	122.19	124.01	121.60	123.74	571916	954431	0.00
2020-04-17	123.74	123.74	119.73	121.10	815148	950045	0.00
2020-04-20	120.37	121.09	119.19	120.71	632739	923240	0.00
2020-04-21	120.71	121.95	120.71	121.68	603110	908002	0.00
2020-04-22	121.68	121.68	119.04	119.35	750024	907194	0.00
2020-04-23	119.35	123.28	119.35	122.69	707128	867116	0.00
2020-04-24	122.69	123.69	122.20	123.49	493593	853847	0.00
2020-04-27	122.92	123.65	122.30	122.43	515637	820390	0.00
2020-04-28	122.43	122.72	120.35	120.88	681205	807281	0.00
2020-04-29	120.88	122.42	120.88	122.07	391115	781256	0.00
2020-04-30	122.07	122.98	121.84	122.86	444102	768809	0.00
2020-05-06	121.82	122.89	121.24	122.46	418912	764291	0.00
2020-05-07	122.46	122.46	121.58	121.86	692122	760763	0.00
2020-05-08	121.86	125.02	121.86	124.69	1229085	825760	0.00
2020-05-11	124.07	124.82	124.06	124.49	1322187	804921	0.00
2020-05-12	124.49	124.74	123.51	124.02	793606	781626	0.00
2020-05-13	124.02	125.02	123.90	124.54	842839	783676	0.00
2020-05-14	124.54	125.49	124.01	125.20	972769	791356	0.00
2020-05-15	125.20	129.19	124.85	128.72	1789972	883981	0.00
2020-05-18	130.66	134.10	130.66	133.93	1834651	888764	0.00
2020-05-19	133.93	133.93	131.32	131.89	1883397	841063	0.00
2020-05-20	131.89	135.01	131.89	134.66	1829361	904489	0.00
2020-05-21	134.66	134.71	132.00	132.38	1598643	868393	0.00
2020-05-22	132.38	132.91	130.07	131.36	2035115	836950	0.00
2020-05-25	132.50	132.50	131.12	131.46	1627694	836067	0.00
2020-05-26	131.46	134.19	131.46	133.52	1479896	881237	0.00
2020-05-27	133.52	133.76	131.37	131.88	1716773	849436	0.00
2020-05-28	131.88	133.67	130.13	133.38	2032626	906657	0.00
2020-05-29	133.38	134.37	132.81	133.64	1889246	915435	0.00
2020-06-01	135.94	137.42	135.94	137.29	1892879	961196	0.00
2020-06-02	137.29	137.29	135.68	136.63	1472437	949860	0.00
2020-06-03	136.63	136.96	134.03	134.59	2000015	928114	0.00
2020-06-04	134.59	134.59	132.27	132.72	1839355	911996	0.00
2020-06-05	132.72	134.28	132.72	133.18	1415944	900394	0.00
2020-06-08	130.79	132.66	130.79	132.25	1500328	914159	0.00
2020-06-09	132.25	132.74	131.20	132.06	1182344	918926	0.00
2020-06-10	132.06	133.59	132.06	133.32	937694	939995	0.00
2020-06-11	133.32	134.81	132.38	134.35	1518665	933078	0.00
2020-06-12	134.35	135.13	132.29	133.38	1797033	925836	0.00
2020-06-15	133.07	133.55	131.22	131.68	1818904	948724	0.00
2020-06-16	131.68	132.71	130.22	132.11	1541293	922873	0.00
2020-06-17	132.11	132.96	131.63	132.73	1459651	919350	0.00
2020-06-18	132.73	133.03	132.30	132.63	874956	911045	0.00
2020-06-19	132.63	133.35	131.88	133.14	988850	919133	0.00
2020-06-22	134.32	135.83	134.32	135.06	1524369	927044	0.00
2020-06-23	135.06	135.56	134.15	134.38	1293952	895833	0.00
2020-06-24	134.38	135.81	134.38	135.43	1032541	887210	0.00
2020-06-29	135.54	135.95	135.05	135.18	410352	879605	0.00
2020-06-30	135.18	135.45	134.67	135.43	757787	869818	0.00
2020-07-01	135.43	137.43	134.95	137.16	1501727	948474	0.00
2020-07-02	137.16	137.16	134.83	135.29	1568942	884870	0.00
2020-07-03	135.29	136.19	134.33	135.84	1236730	894639	0.00
2020-07-06	136.03	136.11	135.29	135.72	712325	885959	0.00
2020-07-07	135.72	136.90	135.72	135.99	1041551	887117	0.00
2020-07-08	135.99	137.19	135.57	136.94	995325	918928	0.00
2020-07-09	136.94	139.09	136.94	138.95	1514324	1006248	0.00
2020-07-10	138.95	139.22	136.85	137.17	1672666	941159	0.00
2020-07-13	137.68	139.44	137.68	139.36	1329818	1038899	0.00
2020-07-14	139.36	140.51	138.51	139.18	1608247	1008532	0.00
2020-07-15	139.18	140.14	139.04	139.81	1147509	1006609	0.00
2020-07-16	139.81	140.13	138.94	139.30	1197192	969374	0.00
2020-07-17	139.30	139.71	137.52	138.15	1155005	947647	0.00
2020-07-20	139.21	139.48	138.76	139.32	997167	954283	0.00
2020-07-21	139.32	143.68	139.32	143.38	1721840	1065048	0.00
2020-07-22	143.38	149.89	143.38	149.07	1351932	1050460	0.00
2020-07-23	149.07	153.71	149.03	153.46	3135461	977027	0.00
2020-07-24	153.46	155.29	152.21	153.41	2574259	966999	0.00
2020-07-27	154.76	162.39	154.76	160.52	3472162	1001708	0.00
2020-07-28	160.52	166.17	159.34	161.37	3580323	975956	0.00
2020-07-29	161.87	162.09	160.33	161.25	3775511	974607	0.00
2020-07-30	161.25	161.89	157.08	158.25	2783438	984299	0.00
2020-07-31	158.25	161.72	156.02	161.19	3584791	1023615	0.00
2020-08-03	160.66	161.67	160.31	160.89	2774191	1028707	0.00
2020-08-04	160.89	161.85	160.08	161.12	1603639	1047131	0.00
2020-08-05	161.12	169.86	160.98	169.68	4232890	1108386	0.00
2020-08-06	169.68	175.44	169.68	174.60	3690694	1084863	0.00
2020-08-07	174.60	180.90	174.60	176.75	4019691	1100535	0.00
2020-08-10	175.18	177.88	174.80	176.72	3980255	1107349	0.00
2020-08-11	176.72	180.68	172.11	173.59	5001368	1109891	0.00
2020-08-12	173.59	173.59	164.77	164.77	2695318	1078919	0.00
2020-08-13	164.77	164.77	160.66	162.57	4037229	1054506	0.00
2020-08-14	162.57	170.69	162.57	164.55	5526490	1071500	0.00
2020-08-17	164.61	167.19	162.56	166.82	5754217	1074909	0.00
2020-08-18	166.82	171.95	166.82	171.95	4061792	1096726	0.00
2020-08-19	171.95	173.86	167.02	168.21	6148532	1059180	0.00
2020-08-20	168.21	169.84	162.70	164.15	5672925	1069179	0.00
2020-08-21	164.15	165.65	162.67	164.00	3300753	1045375	0.00
2020-08-24	160.31	160.31	158.53	159.05	4057145	1063534	0.00
2020-08-25	159.05	162.52	159.05	160.14	2914097	1043698	0.00
2020-08-26	160.14	160.45	158.86	159.65	2156032	1055462	0.00
2020-08-27	159.65	164.14	159.25	163.77	3314042	1073923	0.00
2020-08-28	163.77	166.84	160.88	164.34	4288153	1068354	0.00
2020-08-31	165.49	167.72	165.49	166.41	2671236	1084087	0.00
2020-09-01	166.41	169.98	166.41	169.50	2386918	1115958	0.00
2020-09-02	169.50	169.91	166.34	166.55	2480878	1090489	0.00
2020-09-03	166.55	166.57	161.32	161.67	3292941	1109128	0.00
2020-09-04	161.67	164.23	159.98	161.30	4235623	1088042	0.00
2020-09-07	161.58	163.55	160.95	161.54	3354226	1089927	0.00
2020-09-08	161.54	162.66	160.90	162.26	1760217	1086610	0.00
2020-09-09	162.26	162.58	157.45	160.59	3670072	1094825	0.00
2020-09-10	160.59	163.54	160.59	162.43	2271346	1111466	0.00
2020-09-11	162.43	164.11	160.44	161.37	2247561	1107055	0.00
2020-09-14	160.95	161.74	160.71	161.09	1702593	1113029	0.00
2020-09-15	161.09	163.11	161.09	162.54	1641698	1110898	0.00
2020-09-16	162.54	162.98	160.80	161.86	1569599	1077199	0.00
2020-09-17	161.86	162.57	158.98	159.41	2068026	1135575	0.00
2020-09-18	159.41	160.89	157.35	160.84	2324814	1105481	0.00
2020-09-21	160.34	161.09	158.87	159.11	1737513	1102561	0.00
2020-09-22	159.11	159.11	147.39	149.88	4605946	1110611	0.00
2020-09-23	149.88	151.28	143.56	145.03	3790376	1101344	0.00
2020-09-24	145.03	146.42	139.82	140.97	4177362	1152482	0.00
2020-09-25	140.97	145.48	140.97	145.10	3883279	1091399	0.00
2020-09-28	144.99	144.99	142.36	143.30	2781657	1087499	0.00
2020-09-29	143.30	147.34	143.30	146.53	2361212	1050442	0.00
2020-09-30	147.29	147.29	147.29	147.29	1975420	1026905	0.00
2020-10-09	147.32	148.47	147.07	147.66	674750	1035852	0.00
2020-10-12	151.35	153.76	150.66	152.30	2366300	1087225	0.00
2020-10-13	152.30	152.68	150.24	151.15	2017756	1088011	0.00
2020-10-14	151.15	151.15	146.21	148.00	2709921	1094725	0.00
2020-10-15	148.00	149.40	146.92	147.54	2042775	1086904	0.00
2020-10-16	147.54	148.98	145.53	147.98	2353368	1068396	0.00
2020-10-19	147.75	150.10	146.93	149.52	2253169	1086151	0.00
2020-10-20	149.52	149.89	147.85	148.61	1814194	1065345	0.00
2020-10-21	148.61	150.80	148.48	150.16	1977157	1084758	0.00
2020-10-22	150.16	151.72	148.97	150.08	2144882	1057260	0.00
2020-10-23	150.08	150.08	147.87	148.83	1849929	1052691	0.00
2020-10-26	148.73	148.73	146.34	146.91	1939851	1058994	0.00
2020-10-27	146.91	149.21	146.91	149.07	1740154	1041023	0.00
2020-10-28	149.07	149.78	148.20	149.15	1424692	1043737	0.00
2020-10-29	149.15	149.15	143.73	144.71	2754886	1030761	0.00
2020-10-30	144.71	145.17	141.31	143.75	2683344	1029717	0.00
2020-11-02	145.38	147.16	144.49	146.79	2232637	1018311	0.00
2020-11-03	146.79	148.19	146.71	147.88	1537263	1011809	0.00
2020-11-04	147.88	149.62	146.06	147.14	2264479	1007099	0.00
2020-11-05	147.14	148.69	146.52	148.66	1651189	1006624	0.00
2020-11-06	148.66	152.79	148.66	151.82	2437037	1026426	0.00
2020-11-09	152.62	153.44	152.06	152.21	2259512	1012546	0.00
2020-11-10	152.21	152.21	144.18	145.96	2878833	995369	0.00
2020-11-11	145.96	146.50	145.50	146.36	1232960	974199	0.00
2020-11-12	146.36	146.45	144.01	145.86	1954324	988868	0.00
2020-11-13	145.86	146.69	145.57	146.39	1008178	966695	0.00
2020-11-16	148.00	149.19	147.75	148.35	1526888	962305	0.00
2020-11-17	148.35	148.44	145.96	147.31	1345411	944286	0.00
2020-11-18	147.31	147.80	145.84	146.02	1152503	953360	0.00
2020-11-19	146.02	147.28	144.19	144.61	1537934	958712	0.00
2020-11-20	144.61	145.39	143.46	145.08	1465156	937917	0.00
2020-11-23	145.72	146.03	145.18	145.41	1250353	920980	0.00
2020-11-24	145.41	145.41	140.50	141.37	2165110	968006	0.00
2020-11-25	141.37	141.37	139.14	140.10	1751196	952094	0.00
2020-11-26	140.10	141.22	139.75	140.88	1164246	933584	0.00
2020-11-27	140.88	141.04	139.99	140.53	1060102	925683	0.00
2020-11-30	137.52	137.52	134.30	135.55	2819789	958441	0.00
2020-12-01	135.55	138.56	134.92	138.23	1815104	959285	0.00
2020-12-02	138.23	142.69	138.23	141.85	2196546	941212	0.00
2020-12-03	141.85	143.40	141.26	143.23	1754874	956520	0.00
2020-12-04	143.23	144.00	141.91	143.92	1783893	962419	0.00
2020-12-07	142.95	143.61	142.70	143.04	1776140	953565	0.00
2020-12-08	143.04	146.33	141.35	146.01	2258213	974976	0.00
2020-12-09	146.01	146.87	143.90	144.13	1749755	947542	0.00
2020-12-10	142.66	143.23	141.94	141.96	1788282	938301	0.00
2020-12-11	141.96	144.27	141.96	142.37	1605343	920952	0.00
2020-12-14	143.12	143.12	141.97	142.37	1430675	914937	0.00
2020-12-15	142.37	144.08	141.96	144.07	1731093	938358	0.00
2020-12-16	144.07	146.95	144.07	146.81	1857916	959167	0.00
2020-12-17	146.81	149.25	145.84	149.02	2115437	957235	0.00
2020-12-18	149.02	151.18	149.02	150.14	2114046	945679	0.00
2020-12-21	150.18	156.97	150.18	155.41	2614013	943844	0.00
2020-12-22	155.41	155.41	149.16	149.84	3012718	903228	0.00
2020-12-23	149.84	151.59	147.91	148.85	2498951	900783	0.00
2020-12-24	148.85	151.07	148.55	150.37	1751697	904345	0.00
2020-12-25	150.37	150.96	148.77	150.63	1389631	909531	0.00
2020-12-28	152.09	154.74	151.57	153.02	1906294	915003	0.00
2020-12-29	153.02	154.63	151.24	151.55	2397724	907161	0.00
2020-12-30	151.55	153.05	151.05	152.48	2114306	916288	0.00
2020-12-31	152.48	154.24	151.85	153.04	1886374	910693	0.00
2021-01-04	153.18	156.43	153.18	155.57	1020847	914288	0.00
2021-01-05	155.57	157.55	154.93	156.40	2075156	933846	0.00
2021-01-06	156.40	157.27	155.81	156.23	1480462	935012	0.00
2021-01-07	156.23	156.37	152.67	155.15	2200492	917108	0.00
2021-01-08	155.15	155.15	153.27	153.56	1497007	887020	0.00
2021-01-11	143.84	145.09	142.60	144.59	3519106	833833	0.00
2021-01-12	144.59	147.09	143.00	146.81	2121335	829213	0.00
2021-01-13	146.81	147.38	145.23	146.87	1577548	838435	0.00
2021-01-14	146.87	147.16	144.88	145.63	1426626	847654	0.00
2021-01-15	145.63	148.48	145.63	146.31	1763051	833768	0.00
2021-01-18	144.51	146.28	143.11	145.79	2311884	836452	0.00
2021-01-19	145.79	147.13	145.21	146.33	1103069	842863	0.00
2021-01-20	146.33	147.64	145.27	147.38	1390760	862210	0.00
2021-01-21	147.38	149.71	145.27	149.29	1902685	887722	0.00
2021-01-22	149.29	149.29	146.83	147.63	1434132	860262	0.00
2021-01-25	146.43	148.41	146.01	147.15	1523847	840042	0.00
2021-01-26	147.15	148.81	146.30	146.88	1418195	832264	0.00
2021-01-27	146.88	147.81	145.82	146.53	1201657	833849	0.00
2021-01-28	146.53	147.07	144.35	145.50	1720394	851879	0.00
2021-01-29	145.50	150.52	145.50	149.25	3000000	867404	0.00
2021-02-01	150.23	156.75	150.23	156.60	3066349	934119	0.00
2021-02-02	156.60	158.89	154.18	155.19	3297202	888835	0.00
2021-02-03	155.19	155.19	148.74	150.26	3019384	843959	0.00
2021-02-04	150.26	150.95	147.38	148.71	1861223	848206	0.00
2021-02-05	148.71	148.75	145.77	147.20	1972790	846599	0.00
2021-02-08	149.42	149.99	148.68	149.50	1699230	789850	0.00
2021-02-09	149.50	151.75	149.50	151.10	1110942	766562	0.00
2021-02-10	151.10	151.98	149.25	150.69	1162405	728769	0.00
2021-02-18	148.68	149.43	147.86	148.49	503115	748795	0.00
2021-02-19	148.49	149.51	146.24	147.38	1408328	775505	0.00
2021-02-22	150.03	151.64	150.03	151.04	1733359	806497	0.00
2021-02-23	151.04	154.18	150.57	153.45	1652651	830393	0.00
2021-02-24	153.45	153.45	150.41	151.73	1532246	803318	0.00
2021-02-25	151.73	153.19	149.67	151.89	1762175	823825	0.00
2021-02-26	151.89	152.25	146.74	147.02	2127838	785929	0.00
2021-03-01	144.71	147.43	144.71	147.08	2058351	763840	0.00
2021-03-02	147.08	147.08	142.39	143.68	1626124	776514	0.00
2021-03-03	143.68	146.22	143.68	145.47	1218623	761569	0.00
2021-03-04	145.47	145.47	142.22	142.97	1770693	781038	0.00
2021-03-05	142.97	143.84	138.85	139.51	2069138	799937	0.00
2021-03-08	140.78	143.44	140.78	142.05	1941220	766756	0.00
2021-03-09	142.05	142.05	139.67	141.50	1457318	770649	0.00
2021-03-10	141.50	144.65	141.50	143.15	1512992	754005	0.00
2021-03-11	143.15	145.59	142.92	145.08	1307159	754389	0.00
2021-03-12	145.08	145.25	142.20	142.54	1353439	766371	0.00
2021-03-15	143.66	145.17	143.62	143.94	1439514	745848	0.00
2021-03-16	143.94	145.45	143.94	144.51	1075970	735028	0.00
2021-03-17	144.51	145.13	143.57	144.54	1094622	733375	0.00
2021-03-18	144.54	147.23	143.77	147.19	1285993	798318	0.00
2021-03-19	147.19	147.19	143.89	145.30	1445370	743813	0.00
2021-03-22	145.66	145.66	142.83	143.02	1292031	756681	0.00
2021-03-23	143.02	144.09	142.90	143.51	943170	743294	0.00
2021-03-24	143.51	143.69	141.08	142.07	1297955	759194	0.00
2021-03-25	142.07	142.89	141.73	141.93	932421	775029	0.00
2021-03-26	141.93	143.09	140.10	142.47	1662771	759550	0.00
2021-03-29	141.92	141.96	141.15	141.61	1095597	763237	0.00
2021-03-30	141.61	142.08	139.68	139.82	1247907	787395	0.00
2021-03-31	139.82	139.82	136.48	137.86	1462368	814337	0.00
2021-04-01	137.86	140.28	137.52	139.99	1217517	782416	0.00
2021-04-02	139.99	143.19	139.99	143.19	1006165	751812	0.00
2021-04-06	141.93	143.47	141.49	142.07	497186	748826	0.00
2021-04-07	142.07	143.66	142.07	143.01	916386	756100	0.00
2021-04-08	143.01	144.24	142.18	143.88	1100659	769419	0.00
2021-04-09	143.88	145.52	143.81	144.13	1028232	772989	0.00
2021-04-12	143.62	143.85	142.59	143.14	1013908	749376	0.00
2021-04-13	143.14	143.29	141.17	141.55	1133636	749807	0.00
2021-04-14	141.55	144.42	141.55	144.25	1067066	767812	0.00
2021-04-15	144.25	144.48	142.82	144.42	1113613	776234	0.00
2021-04-16	144.42	146.42	144.08	145.76	1206651	794743	0.00
2021-04-19	146.83	147.32	145.66	146.39	1134131	781509	0.00
2021-04-20	146.39	146.39	144.86	145.52	1046897	783970	0.00
2021-04-21	145.52	146.91	145.00	146.83	1213176	799229	0.00
2021-04-22	146.83	148.46	146.35	147.94	1269944	808900	0.00
2021-04-23	147.94	147.94	146.14	146.68	1073720	790030	0.00
2021-04-26	145.96	146.51	145.36	145.62	1281481	780558	0.00
2021-04-27	145.62	146.88	145.62	146.41	836597	776663	0.00
2021-04-28	146.41	147.64	145.23	145.51	1194392	779407	0.00
2021-04-29	145.51	147.53	144.92	146.65	1088514	778751	0.00
2021-04-30	146.65	146.77	144.10	144.64	1208731	751833	0.00
2021-05-06	146.13	148.95	146.05	148.69	742953	787572	0.00
2021-05-07	148.69	152.01	148.58	151.03	1517069	841039	0.00
2021-05-10	151.29	153.04	151.29	152.44	1484979	857695	0.00
2021-05-11	152.44	152.87	150.23	151.13	1331072	828431	0.00
2021-05-12	151.13	152.00	150.00	151.78	1163265	821564	0.00
2021-05-13	151.78	152.88	149.42	150.23	1536275	808039	0.00
2021-05-14	150.23	151.32	149.25	151.13	1268296	816205	0.00
2021-05-17	151.97	154.32	151.97	153.75	1357673	894430	0.00
2021-05-18	153.75	158.14	152.64	156.99	1915532	962547	0.00
2021-05-19	156.99	157.60	154.65	155.88	1725078	919153	0.00
2021-05-20	155.88	156.87	152.80	154.49	2268394	865388	0.00
2021-05-21	154.49	155.54	153.63	153.72	1389180	839915	0.00
2021-05-24	153.42	154.87	153.27	154.37	1887389	821610	0.00
2021-05-25	154.37	154.93	152.68	153.96	1351031	805831	0.00
2021-05-26	153.96	156.63	153.04	155.71	1588831	833467	0.00
2021-05-27	155.71	155.74	153.13	153.67	1402654	810558	0.00
2021-05-28	153.67	154.47	152.84	152.99	1319990	811236	0.00
2021-05-31	153.67	155.32	153.18	154.47	1323501	819859	0.00
2021-06-01	154.47	156.61	154.29	156.49	935130	897601	0.00
2021-06-02	156.49	157.30	153.00	153.28	1331028	846039	0.00
2021-06-03	153.28	154.96	152.82	153.09	973634	830069	0.00
2021-06-04	153.09	153.09	148.63	150.21	1494819	844424	0.00
2021-06-07	151.64	151.91	151.03	151.26	896310	836966	0.00
2021-06-08	151.26	153.72	151.26	152.14	845143	829698	0.00
2021-06-09	152.14	152.78	151.37	151.77	905786	833357	0.00
2021-06-10	151.77	153.08	151.38	151.67	888235	835645	0.00
2021-06-11	151.67	154.60	151.67	154.32	1078059	848332	0.00
2021-06-15	152.24	152.64	150.51	151.30	551476	812721	0.00
2021-06-16	151.30	151.61	150.07	151.41	793817	800885	0.00
2021-06-17	151.41	151.77	147.66	148.04	1153884	864899	0.00
2021-06-18	148.04	148.04	144.26	145.31	1455966	863546	0.00
2021-06-21	144.49	145.63	143.53	145.35	1349514	870303	0.00
2021-06-22	145.35	146.12	144.88	145.45	860230	858534	0.00
2021-06-23	145.45	146.19	144.95	145.88	667350	839012	0.00
2021-06-24	145.88	147.42	145.17	145.42	851308	834509	0.00
2021-06-25	145.42	146.47	145.19	145.92	751022	837357	0.00
2021-06-28	145.49	146.49	144.36	145.99	952546	820894	0.00
2021-06-29	145.99	146.22	145.03	145.28	549297	821735	0.00
2021-06-30	145.28	145.28	143.15	143.99	818745	840900	0.00
2021-07-01	143.99	146.53	143.94	146.18	810813	824869	0.00
2021-07-02	146.18	146.74	145.18	145.91	653893	800050	0.00
2021-07-05	147.67	147.96	147.13	147.61	898648	809026	0.00
2021-07-06	147.61	148.79	145.75	148.51	638851	813695	0.00
2021-07-07	148.51	148.72	146.43	147.76	1031187	786657	0.00
2021-07-08	147.76	147.88	146.17	146.35	845759	800828	0.00
2021-07-09	146.35	147.91	146.19	146.51	881425	807783	0.00
2021-07-12	147.79	148.19	146.55	146.73	771443	788043	0.00
2021-07-13	146.73	148.07	146.29	147.92	729189	802484	0.00
2021-07-14	147.92	147.92	146.72	147.30	783315	794448	0.00
2021-07-15	147.30	148.78	147.30	148.67	890025	813033	0.00
2021-07-16	148.67	149.33	147.87	148.21	681024	811221	0.00
2021-07-19	146.19	146.73	144.95	145.06	1317933	856988	0.00
2021-07-20	145.06	145.72	144.43	144.87	946178	885171	0.00
2021-07-21	144.87	145.58	143.34	144.87	1062176	869686	0.00
2021-07-22	144.87	144.92	143.95	144.69	768552	844337	0.00
2021-07-23	144.69	145.71	144.02	145.42	812097	816145	0.00
2021-07-26	144.91	146.08	144.57	145.49	813429	789492	0.00
2021-07-27	145.49	145.49	144.31	144.64	666069	784980	0.00
2021-07-28	144.64	145.58	143.85	144.90	1001446	805513	0.00
2021-07-29	144.90	146.44	143.85	146.43	824660	791983	0.00
2021-07-30	146.43	147.55	146.43	147.21	740349	777202	0.00
2021-08-02	146.11	146.77	145.69	146.11	801151	755601	0.00
2021-08-03	146.11	146.69	145.32	145.47	667507	762894	0.00
2021-08-04	145.47	146.80	145.47	146.70	659352	770541	0.00
2021-08-05	146.70	148.10	145.60	145.73	928128	765188	0.00
2021-08-06	145.73	146.11	144.36	144.62	779306	785837	0.00
2021-08-09	141.56	141.56	138.84	139.86	1437476	861582	0.00
2021-08-10	139.86	140.14	137.84	139.18	1032517	869828	0.00
2021-08-11	139.18	139.28	137.94	138.98	871944	867758	0.00
2021-08-12	138.98	140.49	138.98	139.92	723741	851139	0.00
2021-08-13	139.92	140.26	138.69	140.06	748094	853299	0.00
2021-08-16	141.84	141.99	140.91	141.03	772900	824570	0.00
2021-08-17	141.03	142.46	141.03	142.11	624952	812652	0.00
2021-08-18	142.11	142.20	141.00	142.03	666629	808276	0.00
2021-08-19	142.03	142.03	139.42	140.46	1076480	849641	0.00
2021-08-20	140.46	141.34	139.84	140.84	685016	835676	0.00
2021-08-23	139.78	140.76	139.16	140.40	1114301	832591	0.00
2021-08-24	140.40	142.34	140.40	142.00	770267	801961	0.00
2021-08-25	142.00	142.85	141.57	141.66	647457	789506	0.00
2021-08-26	141.66	142.25	140.90	140.97	709657	794494	0.00
2021-08-27	140.97	142.36	140.15	142.10	837066	806292	0.00
2021-08-30	143.23	143.95	142.77	142.89	1363163	811847	0.00
2021-08-31	142.89	143.53	142.34	143.34	658582	809640	0.00
2021-09-01	143.34	143.34	142.04	142.52	856948	811914	0.00
2021-09-02	142.52	143.54	142.52	143.28	732163	806589	0.00
2021-09-03	143.28	143.28	142.02	142.79	661675	798094	0.00
2021-09-06	145.25	145.58	144.80	145.45	1088621	843964	0.00
2021-09-07	145.45	145.70	144.31	144.52	506933	817601	0.00
2021-09-08	144.52	144.52	142.76	142.99	804369	802406	0.00
2021-09-09	142.99	143.01	141.31	141.40	840378	805726	0.00
2021-09-10	141.40	142.91	141.40	142.74	744009	778852	0.00
2021-09-13	140.87	141.20	140.44	140.48	889603	808767	0.00
2021-09-14	140.48	141.43	139.82	140.85	718945	810646	0.00
2021-09-15	140.85	141.90	140.44	141.00	722539	805590	0.00
2021-09-16	141.00	141.28	139.49	139.79	834643	815643	0.00
2021-09-17	139.79	139.79	135.95	137.08	1207034	827483	0.00
2021-09-22	137.60	138.56	136.83	138.09	385174	820225	0.00
2021-09-23	138.09	139.40	136.45	137.03	905196	830105	0.00
2021-09-24	137.03	137.10	136.07	136.64	756843	824886	0.00
2021-09-27	135.54	137.05	135.54	136.78	1013938	827840	0.00
2021-09-28	136.78	137.32	134.87	134.90	786949	841116	0.00
2021-09-29	134.90	135.83	134.33	134.78	1066943	822430	0.00
2021-09-30	134.78	134.78	132.09	132.53	1222717	822726	0.00
2021-10-08	135.80	136.62	135.61	135.87	407205	791196	0.00
2021-10-11	136.84	136.99	136.02	136.17	916758	797099	0.00
2021-10-12	136.17	137.04	135.72	136.51	601060	789996	0.00
2021-10-13	136.51	137.08	135.70	136.63	795932	794838	0.00
2021-10-14	136.63	139.05	136.18	139.03	1216849	838318	0.00
2021-10-15	139.03	140.03	138.95	139.66	867551	846540	0.00
2021-10-18	138.39	138.83	137.59	138.07	936425	823667	0.00
2021-10-19	138.07	139.07	137.23	139.04	763071	836311	0.00
2021-10-20	139.04	140.25	137.85	139.08	1050210	833781	0.00
2021-10-21	139.08	140.75	138.98	139.60	1136969	819326	0.00
2021-10-22	139.60	139.90	138.50	139.83	937615	803135	0.00
2021-10-25	139.68	140.14	139.43	139.58	1448484	795617	0.00
2021-10-26	139.58	140.69	139.58	139.74	757153	796373	0.00
2021-10-27	139.74	139.74	137.35	138.11	1195399	794029	0.00
2021-10-28	138.11	139.30	137.77	139.05	1038913	794375	0.00
2021-10-29	139.05	139.79	137.63	137.80	1153687	828149	0.00
2021-11-01	137.80	138.16	137.47	137.64	850752	825173	0.00
2021-11-02	137.64	139.01	137.64	138.59	666912	812882	0.00
2021-11-03	138.59	138.59	136.30	136.76	820863	832227	0.00
2021-11-04	136.76	137.27	135.00	136.49	920499	814091	0.00
2021-11-05	136.49	138.67	136.49	138.53	730801	811914	0.00
2021-11-08	140.37	141.33	140.05	140.62	1061236	849154	0.00
2021-11-09	140.62	141.46	140.45	141.10	690276	853521	0.00
2021-11-10	141.10	141.34	140.03	141.30	842157	850682	0.00
2021-11-11	141.30	144.80	140.39	144.47	1702186	917417	0.00
2021-11-12	144.47	145.75	144.33	145.22	977156	926570	0.00
2021-11-15	145.73	145.77	143.74	144.10	1234417	929112	0.00
2021-11-16	144.10	145.13	143.92	144.34	855024	923490	0.00
2021-11-17	144.34	146.09	143.62	144.38	1148335	897421	0.00
2021-11-18	144.38	145.09	143.86	144.22	789480	902584	0.00
2021-11-19	144.22	144.51	143.16	143.59	947647	883429	0.00
2021-11-22	142.96	143.05	142.51	142.66	1058202	884232	0.00
2021-11-23	142.66	143.00	139.07	139.21	1394616	893152	0.00
2021-11-24	139.21	139.21	137.02	138.01	1245224	881471	0.00
2021-11-25	138.01	138.46	137.30	138.22	976415	862203	0.00
2021-11-26	138.22	138.68	137.66	138.58	647780	848588	0.00
2021-11-29	136.72	137.92	136.72	137.71	1397854	843052	0.00
2021-11-30	137.71	137.71	135.60	136.07	1075230	865802	0.00
2021-12-01	136.07	137.59	134.40	135.83	1503245	877575	0.00
2021-12-02	134.40	134.51	133.97	134.46	1111536	879994	0.00
2021-12-03	134.46	134.89	133.80	134.30	946591	866412	0.00
2021-12-06	135.32	135.65	135.02	135.14	1235163	876824	0.00
2021-12-07	135.14	135.15	134.19	134.99	738593	889976	0.00
2021-12-08	134.99	135.49	134.06	134.90	795104	893821	0.00
2021-12-09	134.90	134.90	133.97	133.99	727568	913476	0.00
2021-12-10	133.99	134.19	132.48	132.68	1072429	959909	0.00
2021-12-13	134.54	134.97	134.29	134.67	1044184	905452	0.00
2021-12-14	134.67	135.43	134.67	134.99	695458	894968	0.00
2021-12-15	134.99	134.99	133.27	133.31	989266	912373	0.00
2021-12-16	133.31	135.15	132.52	135.15	1036337	870368	0.00
2021-12-17	135.15	137.13	135.15	136.90	1080234	886136	0.00
2021-12-20	136.89	136.89	136.19	136.62	832422	872908	0.00
2021-12-21	136.62	136.62	135.54	136.22	705723	880841	0.00
2021-12-22	136.22	137.57	136.22	136.39	721690	877556	0.00
2021-12-23	136.39	138.10	136.39	137.90	710052	879892	0.00
2021-12-24	137.90	138.30	137.04	138.06	637173	865415	0.00
2021-12-27	137.96	138.30	137.35	137.53	516688	859185	0.00
2021-12-28	137.53	138.31	136.78	138.29	685053	854336	0.00
2021-12-29	138.29	138.96	137.18	137.75	825006	848038	0.00
2021-12-30	137.75	137.75	135.92	136.31	783773	859066	0.00
2021-12-31	136.31	138.45	136.31	138.40	817070	843921	0.00
2022-01-04	137.34	137.68	136.23	136.38	449392	860964	0.00
2022-01-05	136.38	137.35	135.90	136.61	742459	873846	0.00
2022-01-06	136.61	137.84	134.78	135.03	948178	897438	0.00
2022-01-07	135.03	135.03	133.24	133.48	930844	924797	0.00
2022-01-10	134.35	134.35	133.68	133.76	961192	933697	0.00
2022-01-11	133.76	135.74	133.76	135.37	800480	891632	0.00
2022-01-12	135.37	136.41	135.05	136.34	666886	878839	0.00
2022-01-13	136.34	137.73	136.19	137.18	793700	867129	0.00
2022-01-14	137.18	137.46	136.42	137.25	645539	867694	0.00
2022-01-17	136.40	136.62	136.10	136.43	748681	857930	0.00
2022-01-18	136.43	136.74	135.97	136.34	476694	842932	0.00
2022-01-19	136.34	138.53	135.79	138.42	1100287	870436	0.00
2022-01-20	138.42	140.75	138.42	140.43	969609	895132	0.00
2022-01-21	140.43	142.39	140.24	141.77	986967	900747	0.00
2022-01-24	140.51	140.65	139.97	140.22	910480	904746	0.00
2022-01-25	140.22	140.22	138.65	139.52	779349	882023	0.00
2022-01-26	139.52	140.63	139.16	139.33	762257	878902	0.00
2022-01-27	139.33	140.05	136.12	136.26	913245	855098	0.00
2022-01-28	136.26	136.53	134.90	135.00	857736	810797	0.00
2022-02-07	135.45	136.40	135.44	135.81	327206	796167	0.00
2022-02-08	135.81	137.26	135.81	136.71	539805	818033	0.00
2022-02-09	136.71	138.19	136.57	137.83	576710	815588	0.00
2022-02-10	137.83	138.34	137.29	138.21	527263	825610	0.00
2022-02-11	138.21	139.46	136.46	136.59	1073738	841964	0.00
2022-02-14	138.37	140.53	138.37	140.04	923430	848548	0.00
2022-02-15	140.04	141.42	139.86	140.88	815055	859949	0.00
2022-02-16	140.88	140.88	137.61	138.52	739882	843961	0.00
2022-02-17	138.52	139.61	138.07	139.35	599535	845881	0.00
2022-02-18	139.35	141.42	139.35	141.06	792217	865399	0.00
2022-02-21	141.22	141.51	140.25	140.39	713720	862238	0.00
2022-02-22	140.39	143.22	140.39	142.69	689168	879455	0.00
2022-02-23	142.69	142.69	141.39	141.92	634136	873563	0.00
2022-02-24	141.92	146.46	141.60	145.74	1081238	919417	0.00
2022-02-25	145.74	147.81	142.31	143.00	1495054	896774	0.00
2022-02-28	140.65	143.13	140.65	142.26	1016513	864214	0.00
2022-03-01	142.26	143.31	141.30	142.54	782257	874907	0.00
2022-03-02	142.54	145.72	142.54	144.73	1259408	886214	0.00
2022-03-03	144.73	145.23	143.82	144.92	957243	885115	0.00
2022-03-04	144.92	145.65	143.87	144.73	969744	879004	0.00
2022-03-07	146.69	149.80	146.69	147.71	1494907	905776	0.00
2022-03-08	147.71	151.93	145.58	151.58	1526936	914353	0.00
2022-03-09	151.58	154.54	149.03	153.26	2129815	902903	0.00
2022-03-10	153.26	153.26	145.87	147.15	1604386	870478	0.00
2022-03-11	147.15	149.29	147.15	147.78	1036829	863444	0.00
2022-03-14	147.98	147.98	146.17	146.56	1028688	865636	0.00
2022-03-15	146.56	146.56	143.16	143.45	888595	859169	0.00
2022-03-16	143.45	144.42	142.86	143.49	785166	863104	0.00
2022-03-17	143.49	145.83	142.27	145.45	980873	878321	0.00
2022-03-18	145.45	146.91	145.45	145.90	661513	890592	0.00
2022-03-21	145.14	145.54	144.93	145.08	623476	889808	0.00
2022-03-22	145.08	147.28	144.61	146.75	681285	921801	0.00
2022-03-23	146.75	146.75	144.32	145.09	621629	895457	0.00
2022-03-24	145.09	147.55	145.09	146.52	626362	897969	0.00
2022-03-25	146.52	149.11	146.52	148.55	872774	926557	0.00
2022-03-28	148.24	148.46	146.39	146.63	815306	887405	0.00
2022-03-29	146.63	147.03	145.46	145.73	536431	873158	0.00
2022-03-30	145.73	145.73	142.28	144.80	844243	877834	0.00
2022-03-31	144.80	145.64	143.50	144.00	629010	872567	0.00
2022-04-01	144.00	145.38	144.00	144.72	544209	858868	0.00
2022-04-06	143.53	143.90	142.67	143.58	289508	876902	0.00
2022-04-07	143.58	144.24	143.18	143.42	539390	894878	0.00
2022-04-08	143.42	144.88	143.42	144.60	589185	895021	0.00
2022-04-11	145.75	146.29	145.66	146.00	691056	909289	0.00
2022-04-12	146.00	148.04	146.00	147.77	789891	934554	0.00
2022-04-13	147.77	149.01	147.73	148.53	760492	956706	0.00
2022-04-14	148.53	149.83	148.53	149.28	678161	976293	0.00
2022-04-15	149.28	149.46	148.17	149.33	621739	978894	0.00
2022-04-18	150.21	151.24	149.90	150.31	597670	975374	0.00
2022-04-19	150.31	151.34	149.41	149.54	660993	970348	0.00
2022-04-20	149.54	149.54	146.80	147.07	978997	941243	0.00
2022-04-21	147.07	148.49	147.07	148.38	559902	940284	0.00
2022-04-22	148.38	148.38	146.66	147.62	830855	968080	0.00
2022-04-25	146.93	146.93	145.25	145.60	947033	949880	0.00
2022-04-26	145.60	145.60	144.29	144.85	813705	956088	0.00
2022-04-27	144.85	145.63	144.37	144.39	717557	972671	0.00
2022-04-28	144.39	144.96	142.96	143.84	927719	962273	0.00
2022-04-29	143.84	145.68	143.76	145.49	721159	937630	0.00
2022-05-05	144.22	145.44	144.22	144.78	332241	949915	0.00
2022-05-06	144.78	145.68	142.33	143.17	1054648	971272	0.00
2022-05-09	143.87	143.87	143.45	143.52	665106	969184	0.00
2022-05-10	143.52	143.63	142.11	142.63	850299	973123	0.00
2022-05-11	142.63	143.29	140.41	141.33	948429	983709	0.00
2022-05-12	141.33	142.46	140.98	141.87	905803	1001453	0.00
2022-05-13	141.87	141.87	139.63	139.78	979375	1026000	0.00
2022-05-16	139.43	140.29	139.40	139.55	1057612	1010691	0.00
2022-05-17	139.55	141.40	139.55	141.24	749326	971076	0.00
2022-05-18	141.24	141.24	139.85	139.86	505153	970018	0.00
数据来源:通达信
