TSL9 二债加权 日线 前复权
      日期	    开盘	    最高	    最低	    收盘	    成交量	    持仓量	    结算价
2018-08-20	99.135	99.260	99.135	99.215	1866	3179	0.000
2018-08-21	99.205	99.235	99.120	99.185	1339	3272	0.000
2018-08-22	99.240	99.290	99.190	99.200	1225	3561	0.000
2018-08-23	99.255	99.280	99.225	99.275	820	3487	0.000
2018-08-24	99.305	99.379	99.305	99.310	466	3366	0.000
2018-08-27	99.270	99.300	99.205	99.270	672	3566	0.000
2018-08-28	99.215	99.314	99.185	99.274	600	3560	0.000
2018-08-29	99.254	99.319	99.254	99.309	210	3548	0.000
2018-08-30	99.413	99.413	99.299	99.363	537	3452	0.000
2018-08-31	99.359	99.398	99.314	99.374	241	3365	0.000
2018-09-03	99.339	99.364	99.309	99.329	108	3337	0.000
2018-09-04	99.314	99.314	99.264	99.279	90	3334	0.000
2018-09-05	99.289	99.314	99.274	99.274	109	3338	0.000
2018-09-06	99.289	99.304	99.264	99.269	204	3294	0.000
2018-09-07	99.260	99.279	99.245	99.255	360	3284	0.000
2018-09-10	99.250	99.274	99.220	99.250	393	3260	0.000
2018-09-11	99.225	99.245	99.205	99.240	383	3288	0.000
2018-09-12	99.250	99.255	99.220	99.240	365	3215	0.000
2018-09-13	99.235	99.309	99.220	99.269	275	3156	0.000
2018-09-14	99.294	99.304	99.274	99.299	129	3115	0.000
2018-09-17	99.402	99.402	99.323	99.343	163	3153	0.000
2018-09-18	99.353	99.378	99.333	99.338	126	3158	0.000
2018-09-19	99.353	99.373	99.309	99.309	262	3147	0.000
2018-09-20	99.264	99.299	99.249	99.274	163	3136	0.000
2018-09-21	99.269	99.318	99.269	99.318	140	3073	0.000
2018-09-25	99.304	99.328	99.279	99.294	136	3101	0.000
2018-09-26	99.279	99.343	99.274	99.338	168	3093	0.000
2018-09-27	99.378	99.399	99.343	99.393	217	3089	0.000
2018-09-28	99.448	99.448	99.359	99.389	201	3050	0.000
2018-10-08	99.374	99.404	99.320	99.384	162	3042	0.000
2018-10-09	99.384	99.468	99.384	99.448	271	3095	0.000
2018-10-10	99.477	99.477	99.428	99.448	195	3105	0.000
2018-10-11	99.531	99.536	99.482	99.512	208	3116	0.000
2018-10-12	99.502	99.527	99.492	99.522	119	3117	0.000
2018-10-15	99.517	99.522	99.502	99.507	63	3132	0.000
2018-10-16	99.492	99.532	99.473	99.532	280	3198	0.000
2018-10-17	99.517	99.541	99.507	99.517	90	3177	0.000
2018-10-18	99.532	99.556	99.522	99.532	97	3195	0.000
2018-10-19	99.522	99.556	99.468	99.487	277	3155	0.000
2018-10-22	99.448	99.458	99.428	99.438	172	3153	0.000
2018-10-23	99.409	99.487	99.409	99.482	153	3090	0.000
2018-10-24	99.468	99.509	99.468	99.504	74	3072	0.000
2018-10-25	99.538	99.538	99.518	99.528	114	3058	0.000
2018-10-26	99.513	99.538	99.504	99.528	57	3042	0.000
2018-10-29	99.549	99.623	99.530	99.613	179	3016	0.000
2018-10-30	99.649	99.649	99.565	99.609	249	2959	0.000
2018-10-31	99.594	99.634	99.575	99.634	204	2917	0.000
2018-11-01	99.629	99.653	99.600	99.639	321	2901	0.000
2018-11-02	99.600	99.644	99.556	99.610	433	2798	0.000
2018-11-05	99.609	99.662	99.580	99.653	935	3087	0.000
2018-11-06	99.649	99.771	99.640	99.771	883	2950	0.000
2018-11-07	99.782	99.878	99.717	99.867	712	2537	0.000
2018-11-08	99.876	99.928	99.876	99.918	467	2419	0.000
2018-11-09	99.908	99.935	99.883	99.892	432	2412	0.000
2018-11-12	99.903	99.903	99.874	99.888	231	2324	0.000
2018-11-13	99.919	99.919	99.869	99.872	53	2295	0.000
2018-11-14	99.918	100.072	99.904	100.034	307	2257	0.000
2018-11-15	100.034	100.096	100.034	100.041	103	2243	0.000
2018-11-16	100.046	100.089	100.000	100.070	266	2300	0.000
2018-11-19	100.070	100.079	100.018	100.051	268	2220	0.000
2018-11-20	100.022	100.073	100.022	100.037	122	2184	0.000
2018-11-21	100.080	100.121	100.035	100.040	135	2168	0.000
2018-11-22	100.041	100.050	99.986	100.015	306	2142	0.000
2018-11-23	100.035	100.051	99.972	100.009	147	2132	0.000
2018-11-26	100.072	100.080	99.975	100.011	273	2114	0.000
2018-11-27	99.926	100.053	99.922	99.989	208	2105	0.000
2018-11-28	100.011	100.055	99.995	100.050	83	2096	0.000
2018-11-29	100.044	100.064	99.993	100.040	972	1219	0.000
2018-11-30	100.042	100.060	99.966	99.978	330	1059	0.000
2018-12-03	100.001	100.001	99.846	99.972	263	1060	0.000
2018-12-04	99.972	100.046	99.972	100.046	174	965	0.000
2018-12-05	100.136	100.136	100.061	100.068	377	975	0.000
2018-12-06	100.064	100.110	100.064	100.099	98	1018	0.000
2018-12-07	100.092	100.124	100.077	100.123	64	1008	0.000
2018-12-10	100.127	100.159	100.115	100.135	111	1065	0.000
2018-12-11	100.128	100.150	100.121	100.124	147	1221	0.000
2018-12-12	100.132	100.150	100.103	100.124	70	1248	0.000
2018-12-13	100.138	100.138	100.064	100.071	134	1294	0.000
2018-12-14	100.044	100.070	100.022	100.040	92	1311	0.000
2018-12-17	100.003	100.028	99.983	100.008	255	1006	0.000
2018-12-18	99.978	100.020	99.978	100.015	58	1010	0.000
2018-12-19	100.035	100.050	99.991	100.020	71	1021	0.000
2018-12-20	100.095	100.119	100.070	100.109	85	1016	0.000
2018-12-21	100.076	100.129	100.061	100.070	84	1032	0.000
2018-12-24	100.124	100.130	100.085	100.105	99	998	0.000
2018-12-25	100.100	100.149	100.085	100.110	103	1025	0.000
2018-12-26	100.085	100.164	100.071	100.164	94	1030	0.000
2018-12-27	100.120	100.170	100.091	100.170	115	1002	0.000
2018-12-28	100.150	100.406	100.150	100.249	109	1033	0.000
2019-01-02	100.250	100.334	100.250	100.329	144	1005	0.000
2019-01-03	100.339	100.339	100.290	100.339	123	991	0.000
2019-01-04	100.399	100.399	100.325	100.340	134	961	0.000
2019-01-07	100.335	100.350	100.301	100.335	98	919	0.000
2019-01-08	100.335	100.438	100.325	100.423	183	943	0.000
2019-01-09	100.434	100.434	100.361	100.400	115	945	0.000
2019-01-10	100.410	100.450	100.380	100.418	208	968	0.000
2019-01-11	100.281	100.439	100.281	100.439	83	994	0.000
2019-01-14	100.410	100.464	100.355	100.454	188	991	0.000
2019-01-15	100.425	100.474	100.405	100.464	172	987	0.000
2019-01-16	100.489	100.604	100.440	100.604	192	964	0.000
2019-01-17	100.549	100.689	100.549	100.654	319	907	0.000
2019-01-18	100.659	100.679	100.590	100.605	146	906	0.000
2019-01-21	100.550	100.565	100.516	100.545	84	911	0.000
2019-01-22	100.510	100.632	100.510	100.598	104	889	0.000
2019-01-23	100.584	100.624	100.540	100.599	97	855	0.000
2019-01-24	100.555	100.589	100.438	100.447	279	718	0.000
2019-01-25	100.405	100.444	100.381	100.400	78	679	0.000
2019-01-28	100.384	100.404	100.340	100.404	17	686	0.000
2019-01-29	100.427	100.447	100.408	100.437	76	673	0.000
2019-01-30	100.483	100.483	100.273	100.376	289	597	0.000
2019-01-31	100.381	100.409	100.357	100.390	31	578	0.000
2019-02-01	100.406	100.410	100.343	100.343	11	571	0.000
2019-02-11	100.237	100.525	100.237	100.501	66	551	0.000
2019-02-12	100.497	100.518	100.454	100.503	9	546	0.000
2019-02-13	100.513	100.527	100.499	100.504	36	530	0.000
2019-02-14	100.282	100.508	100.282	100.475	41	521	0.000
2019-02-15	100.459	100.526	100.459	100.498	43	517	0.000
2019-02-18	100.522	100.522	100.441	100.482	57	492	0.000
2019-02-19	100.445	100.519	100.436	100.518	38	487	0.000
2019-02-20	100.531	100.547	100.531	100.545	45	462	0.000
2019-02-21	100.544	100.544	100.490	100.515	90	429	0.000
2019-02-22	100.498	100.534	100.496	100.516	212	541	0.000
2019-02-25	100.481	100.488	100.450	100.470	50	510	0.000
2019-02-26	100.417	100.510	100.365	100.450	89	523	0.000
2019-02-27	100.372	100.633	100.372	100.510	181	469	0.000
2019-02-28	100.632	100.658	100.618	100.629	28	473	0.000
2019-03-01	100.604	100.629	100.595	100.600	12	448	0.000
2019-03-04	100.544	100.602	100.544	100.574	19	422	0.000
2019-03-05	100.578	100.578	100.509	100.509	12	366	0.000
2019-03-06	100.500	100.500	100.443	100.486	34	360	0.000
2019-03-07	100.473	100.490	100.470	100.470	65	405	0.000
2019-03-08	100.513	100.531	100.493	100.508	15	407	0.000
2019-03-11	100.340	100.355	100.300	100.300	24	298	0.000
2019-03-12	100.300	100.300	100.275	100.285	9	295	0.000
2019-03-13	100.290	100.290	100.260	100.270	32	323	0.000
2019-03-14	100.265	100.265	100.230	100.240	12	324	0.000
2019-03-15	100.220	100.220	100.180	100.200	38	338	0.000
2019-03-18	100.180	100.180	100.150	100.155	43	354	0.000
2019-03-19	100.160	100.175	100.150	100.155	8	354	0.000
2019-03-20	100.152	100.152	99.920	100.081	227	340	0.000
2019-03-21	100.113	100.152	100.108	100.149	37	362	0.000
2019-03-22	100.154	100.183	100.154	100.183	3	361	0.000
2019-03-25	100.209	100.277	100.200	100.262	8	362	0.000
2019-03-26	100.317	100.317	100.240	100.273	27	355	0.000
2019-03-27	100.256	100.290	100.251	100.290	8	355	0.000
2019-03-28	100.294	100.314	100.294	100.297	77	401	0.000
2019-03-29	100.307	100.307	100.279	100.307	97	442	0.000
2019-04-01	100.275	100.322	100.238	100.262	66	470	0.000
2019-04-02	100.244	100.283	100.244	100.283	52	511	0.000
2019-04-03	100.301	100.302	100.149	100.154	171	560	0.000
2019-04-04	100.154	100.158	100.036	100.036	196	695	0.000
2019-04-08	100.057	100.080	100.024	100.048	112	710	0.000
2019-04-09	100.039	100.039	99.957	99.957	71	764	0.000
2019-04-10	99.962	99.972	99.897	99.960	58	791	0.000
2019-04-11	99.979	100.021	99.979	99.984	51	827	0.000
2019-04-12	99.977	99.981	99.972	99.972	6	824	0.000
2019-04-15	99.965	99.965	99.787	99.876	42	819	0.000
2019-04-16	99.881	99.890	99.843	99.843	31	841	0.000
2019-04-17	99.837	99.870	99.749	99.870	75	851	0.000
2019-04-18	99.847	99.861	99.833	99.857	45	868	0.000
2019-04-19	99.866	99.889	99.866	99.880	24	859	0.000
2019-04-22	99.836	99.850	99.836	99.840	26	860	0.000
2019-04-23	99.781	99.837	99.781	99.833	20	849	0.000
2019-04-24	99.991	99.991	99.790	99.790	9	851	0.000
2019-04-25	99.806	99.876	99.806	99.811	21	842	0.000
2019-04-26	99.817	99.841	99.808	99.808	7	842	0.000
2019-04-29	99.788	99.835	99.788	99.789	55	860	0.000
2019-04-30	99.792	99.955	99.792	99.955	97	823	0.000
2019-05-06	99.943	100.031	99.943	100.007	117	781	0.000
2019-05-07	99.975	100.035	99.975	100.021	81	757	0.000
2019-05-08	100.031	100.031	99.994	100.008	54	784	0.000
2019-05-09	100.025	100.038	100.009	100.009	54	764	0.000
2019-05-10	100.050	100.050	100.012	100.012	24	754	0.000
2019-05-13	100.127	100.131	100.081	100.081	9	753	0.000
2019-05-14	100.082	100.082	100.050	100.050	9	749	0.000
2019-05-15	100.005	100.019	99.987	100.010	16	747	0.000
2019-05-16	100.010	100.022	99.975	99.989	482	993	0.000
2019-05-17	99.976	100.016	99.970	100.007	471	1226	0.000
2019-05-20	100.003	100.027	99.990	99.992	376	1196	0.000
2019-05-21	99.990	99.997	99.941	99.945	712	1680	0.000
2019-05-22	99.952	99.957	99.924	99.928	622	2149	0.000
2019-05-23	99.923	99.939	99.906	99.908	1031	2910	0.000
2019-05-24	99.910	99.913	99.903	99.905	449	3161	0.000
2019-05-27	99.909	99.909	99.785	99.787	1958	3955	0.000
2019-05-28	99.752	99.846	99.728	99.844	1125	4058	0.000
2019-05-29	99.859	99.915	99.859	99.912	802	4562	0.000
2019-05-30	99.890	99.899	99.841	99.841	961	4043	0.000
2019-05-31	99.854	99.860	99.834	99.839	428	4387	0.000
2019-06-03	99.792	99.857	99.792	99.856	1033	4629	0.000
2019-06-04	99.872	99.928	99.865	99.924	912	4504	0.000
2019-06-05	99.915	99.985	99.915	99.985	414	4674	0.000
2019-06-06	99.966	99.982	99.966	99.969	337	4541	0.000
2019-06-10	99.967	99.989	99.951	99.986	280	4662	0.000
2019-06-11	99.962	99.973	99.925	99.935	797	4387	0.000
2019-06-12	99.928	99.966	99.928	99.956	471	4492	0.000
2019-06-13	99.947	99.965	99.943	99.956	614	4580	0.000
2019-06-14	99.961	100.019	99.950	100.016	571	4751	0.000
2019-06-17	100.007	100.062	100.007	100.022	370	4364	0.000
2019-06-18	100.037	100.037	99.997	100.002	346	4492	0.000
2019-06-19	100.006	100.019	99.992	99.992	143	4478	0.000
2019-06-20	100.020	100.064	100.015	100.015	318	4411	0.000
2019-06-21	100.052	100.071	100.033	100.046	280	4356	0.000
2019-06-24	100.036	100.039	100.009	100.020	345	4318	0.000
2019-06-25	99.996	100.066	99.990	100.031	407	4397	0.000
2019-06-26	100.025	100.028	100.001	100.001	330	4339	0.000
2019-06-27	100.010	100.019	99.994	99.998	562	4468	0.000
2019-06-28	100.004	100.066	100.004	100.053	661	4557	0.000
2019-07-01	100.033	100.056	100.015	100.048	568	4793	0.000
2019-07-02	100.054	100.122	100.051	100.122	667	4876	0.000
2019-07-03	100.142	100.155	100.133	100.140	475	4943	0.000
2019-07-04	100.124	100.159	100.120	100.152	642	5144	0.000
2019-07-05	100.149	100.149	100.123	100.126	570	5199	0.000
2019-07-08	100.114	100.125	100.084	100.089	703	5266	0.000
2019-07-09	100.097	100.107	100.091	100.102	1800	5511	0.000
2019-07-10	100.104	100.106	100.100	100.105	2631	5867	0.000
2019-07-11	100.110	100.147	100.110	100.139	4924	7024	0.000
2019-07-12	100.137	100.155	100.130	100.151	2290	7674	0.000
2019-07-15	100.153	100.176	100.114	100.116	2668	7118	0.000
2019-07-16	100.116	100.134	100.105	100.111	3233	7261	0.000
2019-07-17	100.117	100.124	100.113	100.122	1857	7354	0.000
2019-07-18	100.134	100.160	100.134	100.157	2027	7466	0.000
2019-07-19	100.162	100.162	100.131	100.135	2849	7318	0.000
2019-07-22	100.128	100.165	100.125	100.162	2193	7536	0.000
2019-07-23	100.205	100.207	100.149	100.160	2373	7549	0.000
2019-07-24	100.147	100.147	100.117	100.120	2676	7458	0.000
2019-07-25	100.123	100.131	100.120	100.120	1783	7261	0.000
2019-07-26	100.124	100.136	100.124	100.135	2020	7291	0.000
2019-07-29	100.130	100.133	100.110	100.110	4298	7299	0.000
2019-07-30	100.113	100.117	100.100	100.110	5954	7980	0.000
2019-07-31	100.119	100.155	100.119	100.153	7883	8137	0.000
2019-08-01	100.151	100.151	100.142	100.148	3725	7995	0.000
2019-08-02	100.192	100.234	100.181	100.234	4498	9216	0.000
2019-08-05	100.227	100.337	100.227	100.337	10437	8881	0.000
2019-08-06	100.354	100.368	100.339	100.344	4341	8411	0.000
2019-08-07	100.348	100.360	100.340	100.348	4586	8179	0.000
2019-08-08	100.342	100.361	100.326	100.357	8269	8489	0.000
2019-08-09	100.349	100.386	100.349	100.385	5454	8218	0.000
2019-08-12	100.369	100.380	100.335	100.335	6725	7874	0.000
2019-08-13	100.359	100.382	100.359	100.362	4161	7978	0.000
2019-08-14	100.341	100.370	100.331	100.348	5889	8055	0.000
2019-08-15	100.397	100.397	100.308	100.315	8736	8049	0.000
2019-08-16	100.311	100.311	100.259	100.261	4953	8126	0.000
2019-08-19	100.264	100.281	100.255	100.278	6294	8888	0.000
2019-08-20	100.272	100.297	100.267	100.291	6217	8892	0.000
2019-08-21	100.284	100.286	100.246	100.248	8007	9168	0.000
2019-08-22	100.248	100.282	100.248	100.278	8889	9562	0.000
2019-08-23	100.270	100.303	100.263	100.296	10100	9619	0.000
2019-08-26	100.377	100.394	100.331	100.333	7114	9906	0.000
2019-08-27	100.333	100.344	100.322	100.338	12491	9961	0.000
2019-08-28	100.341	100.356	100.322	100.324	10398	9600	0.000
2019-08-29	100.327	100.388	100.299	100.317	19640	7251	0.000
2019-08-30	100.298	100.311	100.257	100.263	22044	7910	0.000
2019-09-02	100.273	100.276	100.240	100.243	19615	7600	0.000
2019-09-03	100.246	100.250	100.229	100.229	12432	7801	0.000
2019-09-04	100.244	100.273	100.239	100.260	10236	7944	0.000
2019-09-05	100.342	100.342	100.316	100.328	8374	7832	0.000
2019-09-06	100.328	100.352	100.317	100.344	10041	7777	0.000
2019-09-09	100.326	100.333	100.318	100.330	10583	7910	0.000
2019-09-10	100.319	100.319	100.295	100.307	7947	7682	0.000
2019-09-11	100.296	100.303	100.292	100.294	8116	7496	0.000
2019-09-12	100.270	100.284	100.237	100.241	11099	8766	0.000
2019-09-16	100.208	100.264	100.195	100.255	13237	8764	0.000
2019-09-17	100.289	100.305	100.221	100.221	13268	9194	0.000
2019-09-18	100.242	100.244	100.202	100.203	12166	8788	0.000
2019-09-19	100.217	100.245	100.217	100.236	13367	9308	0.000
2019-09-20	100.247	100.252	100.226	100.239	9777	9264	0.000
2019-09-23	100.249	100.264	100.247	100.248	10502	9625	0.000
2019-09-24	100.262	100.277	100.236	100.236	13287	10037	0.000
2019-09-25	100.250	100.258	100.237	100.254	11153	10087	0.000
2019-09-26	100.240	100.252	100.210	100.210	16408	10807	0.000
2019-09-27	100.224	100.224	100.174	100.174	7388	10831	0.000
2019-09-30	100.181	100.212	100.171	100.209	8004	10770	0.000
2019-10-08	100.222	100.264	100.214	100.264	15061	10643	0.000
2019-10-09	100.274	100.278	100.248	100.255	16853	10558	0.000
2019-10-10	100.255	100.255	100.228	100.233	11724	10901	0.000
2019-10-11	100.216	100.216	100.169	100.194	19002	12031	0.000
2019-10-14	100.159	100.203	100.150	100.199	23197	12036	0.000
2019-10-15	100.192	100.231	100.188	100.212	34842	12044	0.000
2019-10-16	100.223	100.237	100.206	100.206	21490	12668	0.000
2019-10-17	100.224	100.240	100.217	100.235	21380	12065	0.000
2019-10-18	100.231	100.236	100.184	100.187	24930	12161	0.000
2019-10-21	100.181	100.185	100.131	100.140	19133	12736	0.000
2019-10-22	100.130	100.140	100.104	100.108	18052	13711	0.000
2019-10-23	100.125	100.134	100.104	100.129	19149	13211	0.000
2019-10-24	100.126	100.135	100.120	100.134	12805	12423	0.000
2019-10-25	100.131	100.147	100.118	100.123	23182	14018	0.000
2019-10-28	100.099	100.103	100.038	100.055	27097	16691	0.000
2019-10-29	100.052	100.070	100.025	100.028	32045	18543	0.000
2019-10-30	100.036	100.036	99.870	99.910	24510	18298	0.000
2019-10-31	99.955	100.031	99.925	100.031	19587	16286	0.000
2019-11-01	100.045	100.091	100.028	100.082	17138	16154	0.000
2019-11-04	100.059	100.079	100.042	100.077	18975	15844	0.000
2019-11-05	100.064	100.193	100.045	100.182	21972	15108	0.000
2019-11-06	100.181	100.186	100.126	100.140	17615	13590	0.000
2019-11-07	100.132	100.149	100.119	100.137	21322	13681	0.000
2019-11-08	100.118	100.161	100.098	100.158	32590	14565	0.000
2019-11-11	100.153	100.218	100.147	100.209	25281	14834	0.000
2019-11-12	100.216	100.223	100.150	100.150	28486	15858	0.000
2019-11-13	100.149	100.179	100.149	100.164	26590	16173	0.000
2019-11-14	100.161	100.178	100.146	100.154	26716	14280	0.000
2019-11-15	100.163	100.193	100.154	100.171	30545	15240	0.000
2019-11-18	100.187	100.273	100.184	100.264	25070	16014	0.000
2019-11-19	100.277	100.334	100.277	100.301	37802	16413	0.000
2019-11-20	100.310	100.328	100.291	100.316	31911	17268	0.000
2019-11-21	100.318	100.357	100.317	100.336	26251	17305	0.000
2019-11-22	100.318	100.350	100.299	100.325	29776	17690	0.000
2019-11-25	100.316	100.316	100.268	100.268	28684	18124	0.000
2019-11-26	100.268	100.295	100.257	100.295	30294	18022	0.000
2019-11-27	100.295	100.310	100.281	100.291	30575	17717	0.000
2019-11-28	100.287	100.296	100.258	100.258	26534	15237	0.000
2019-11-29	100.258	100.276	100.243	100.267	26446	15034	0.000
2019-12-02	100.193	100.224	100.179	100.179	27250	13783	0.000
2019-12-03	100.190	100.214	100.183	100.210	29375	13554	0.000
2019-12-04	100.243	100.258	100.224	100.243	37048	13778	0.000
2019-12-05	100.230	100.262	100.226	100.258	14235	13080	0.000
2019-12-06	100.258	100.258	100.206	100.219	18248	13560	0.000
2019-12-09	100.198	100.208	100.186	100.198	40253	13457	0.000
2019-12-10	100.211	100.242	100.203	100.232	18177	14184	0.000
2019-12-11	100.224	100.248	100.214	100.239	23135	15122	0.000
2019-12-12	100.234	100.252	100.230	100.246	19350	14746	0.000
2019-12-13	100.221	100.229	100.205	100.209	27432	14788	0.000
2019-12-16	100.214	100.225	100.191	100.191	26990	14205	0.000
2019-12-17	100.175	100.179	100.140	100.144	20629	14542	0.000
2019-12-18	100.148	100.163	100.130	100.135	20962	15273	0.000
2019-12-19	100.139	100.157	100.138	100.152	34973	14928	0.000
2019-12-20	100.161	100.259	100.158	100.259	21693	15914	0.000
2019-12-23	100.246	100.309	100.242	100.309	29728	15181	0.000
2019-12-24	100.321	100.351	100.299	100.309	23218	15777	0.000
2019-12-25	100.304	100.350	100.303	100.350	26642	15456	0.000
2019-12-26	100.359	100.417	100.351	100.399	26249	15708	0.000
2019-12-27	100.395	100.399	100.368	100.369	22098	16056	0.000
2019-12-30	100.361	100.387	100.350	100.387	20137	16465	0.000
2019-12-31	100.375	100.406	100.368	100.386	22910	16408	0.000
2020-01-02	100.367	100.383	100.328	100.336	19215	17622	0.000
2020-01-03	100.332	100.333	100.283	100.287	23093	18331	0.000
2020-01-06	100.304	100.321	100.282	100.304	16245	19642	0.000
2020-01-07	100.287	100.318	100.271	100.297	22755	20609	0.000
2020-01-08	100.324	100.339	100.284	100.325	16674	20839	0.000
2020-01-09	100.308	100.398	100.284	100.366	17995	21585	0.000
2020-01-10	100.379	100.474	100.365	100.463	16130	21722	0.000
2020-01-13	100.456	100.474	100.424	100.432	11688	22137	0.000
2020-01-14	100.410	100.410	100.374	100.380	18521	21376	0.000
2020-01-15	100.380	100.416	100.356	100.398	18385	22150	0.000
2020-01-16	100.398	100.424	100.374	100.386	21196	21776	0.000
2020-01-17	100.393	100.465	100.390	100.464	17240	22563	0.000
2020-01-20	100.474	100.565	100.471	100.565	16339	22876	0.000
2020-01-21	100.559	100.592	100.557	100.584	25932	22362	0.000
2020-01-22	100.613	100.637	100.530	100.549	13470	22782	0.000
2020-01-23	100.567	100.628	100.549	100.628	13248	22069	0.000
2020-02-03	100.944	101.026	100.781	100.834	8091	20694	0.000
2020-02-04	100.822	100.872	100.822	100.843	11369	20650	0.000
2020-02-05	100.806	100.919	100.806	100.888	14341	21015	0.000
2020-02-06	100.896	100.936	100.888	100.914	13824	20605	0.000
2020-02-07	100.941	101.007	100.940	101.001	17560	20661	0.000
2020-02-10	101.022	101.035	100.990	100.996	13203	20737	0.000
2020-02-11	100.990	100.993	100.903	100.917	14508	19308	0.000
2020-02-12	100.903	100.955	100.899	100.932	12902	18848	0.000
2020-02-13	100.943	101.018	100.930	100.991	12222	18863	0.000
2020-02-14	100.987	100.989	100.883	100.893	16369	18338	0.000
2020-02-17	100.927	100.973	100.871	100.884	16842	17917	0.000
2020-02-18	100.912	100.971	100.896	100.968	13988	17589	0.000
2020-02-19	100.958	100.990	100.924	100.927	9229	17736	0.000
2020-02-20	100.900	100.921	100.844	100.861	15181	17825	0.000
2020-02-21	100.913	100.930	100.857	100.871	11107	16946	0.000
2020-02-24	100.945	100.980	100.900	100.965	11399	16000	0.000
2020-02-25	100.986	101.016	100.963	100.969	10258	15809	0.000
2020-02-26	100.970	101.011	100.919	100.936	9605	15772	0.000
2020-02-27	100.962	101.009	100.936	100.942	13559	12277	0.000
2020-02-28	101.010	101.061	100.987	101.035	11003	11991	0.000
2020-03-02	101.023	101.032	100.980	100.990	11403	12562	0.000
2020-03-03	100.930	101.002	100.911	100.974	9402	13173	0.000
2020-03-04	101.018	101.111	101.018	101.077	11819	13292	0.000
2020-03-05	101.056	101.084	101.044	101.071	13981	13844	0.000
2020-03-06	101.101	101.163	101.092	101.157	11709	14411	0.000
2020-03-09	101.276	101.317	101.202	101.219	7360	14684	0.000
2020-03-10	101.152	101.172	100.995	101.013	16178	14819	0.000
2020-03-11	100.998	101.108	100.994	101.105	12674	14874	0.000
2020-03-12	101.095	101.163	101.072	101.076	11508	15070	0.000
2020-03-13	101.055	101.122	100.996	101.049	10364	14425	0.000
2020-03-16	101.118	101.134	100.993	101.029	8747	14347	0.000
2020-03-17	101.001	101.022	100.960	100.973	11147	15372	0.000
2020-03-18	100.962	101.099	100.962	101.067	11850	16198	0.000
2020-03-19	101.025	101.101	101.011	101.031	9881	17036	0.000
2020-03-20	101.050	101.192	101.043	101.148	15326	18246	0.000
2020-03-23	101.224	101.298	101.220	101.277	8764	18446	0.000
2020-03-24	101.256	101.419	101.247	101.343	11550	18045	0.000
2020-03-25	101.311	101.496	101.302	101.463	13310	18048	0.000
2020-03-26	101.494	101.549	101.484	101.510	9363	16792	0.000
2020-03-27	101.527	101.540	101.402	101.472	9760	17042	0.000
2020-03-30	101.460	101.684	101.428	101.588	12913	15966	0.000
2020-03-31	101.561	101.697	101.544	101.686	11207	16612	0.000
2020-04-01	101.738	101.800	101.604	101.645	10844	15771	0.000
2020-04-02	101.629	101.656	101.544	101.576	8346	16314	0.000
2020-04-03	101.570	101.646	101.541	101.551	5952	16430	0.000
2020-04-07	101.818	102.062	101.809	102.060	7102	15887	0.000
2020-04-08	102.133	102.359	102.101	102.359	13870	17281	0.000
2020-04-09	102.293	102.293	102.139	102.259	9566	16925	0.000
2020-04-10	102.203	102.223	101.993	102.122	11651	17002	0.000
2020-04-13	102.074	102.092	102.001	102.064	10781	17831	0.000
2020-04-14	102.130	102.236	102.104	102.137	11951	18541	0.000
2020-04-15	102.227	102.293	102.219	102.263	5857	19167	0.000
2020-04-16	102.304	102.324	102.226	102.238	6186	19368	0.000
2020-04-17	102.226	102.275	102.202	102.253	6206	20261	0.000
2020-04-20	102.306	102.395	102.298	102.357	6530	21167	0.000
2020-04-21	102.370	102.600	102.365	102.596	12243	23121	0.000
2020-04-22	102.585	102.703	102.580	102.624	9587	22834	0.000
2020-04-23	102.646	102.774	102.508	102.560	13858	21297	0.000
2020-04-24	102.586	102.594	102.417	102.555	10436	20619	0.000
2020-04-27	102.493	102.567	102.490	102.565	4750	20408	0.000
2020-04-28	102.557	102.607	102.513	102.537	6359	20110	0.000
2020-04-29	102.554	102.674	102.542	102.655	8862	20037	0.000
2020-04-30	102.632	102.632	102.491	102.540	8405	18979	0.000
2020-05-06	102.559	102.586	102.414	102.423	5736	18932	0.000
2020-05-07	102.390	102.390	102.154	102.171	10154	18377	0.000
2020-05-08	102.217	102.293	102.092	102.255	11267	18842	0.000
2020-05-11	102.210	102.329	102.064	102.100	11546	18143	0.000
2020-05-12	102.178	102.226	102.106	102.132	7961	18155	0.000
2020-05-13	102.194	102.249	102.128	102.163	8666	18488	0.000
2020-05-14	102.210	102.271	102.072	102.185	9542	17996	0.000
2020-05-15	102.241	102.283	102.184	102.232	8708	18175	0.000
2020-05-18	102.146	102.176	102.049	102.061	8522	18409	0.000
2020-05-19	101.930	102.080	101.853	101.974	10205	18404	0.000
2020-05-20	101.995	102.001	101.801	101.820	11378	17728	0.000
2020-05-21	101.829	101.920	101.782	101.865	8758	16698	0.000
2020-05-22	101.950	102.159	101.910	102.159	8691	16025	0.000
2020-05-25	102.068	102.074	101.832	101.841	5988	15956	0.000
2020-05-26	101.860	101.967	101.550	101.638	10577	16499	0.000
2020-05-27	101.689	101.711	101.433	101.499	9349	16843	0.000
2020-05-28	101.558	101.617	101.456	101.456	12656	13657	0.000
2020-05-29	101.501	101.521	101.416	101.453	6167	13824	0.000
2020-06-01	101.539	101.637	101.469	101.501	10668	14198	0.000
2020-06-02	101.462	101.493	101.174	101.196	16172	15799	0.000
2020-06-03	101.115	101.270	100.900	101.264	15306	17381	0.000
2020-06-04	101.181	101.319	101.039	101.048	11277	17747	0.000
2020-06-05	101.108	101.117	100.970	100.984	13113	17796	0.000
2020-06-08	100.960	101.195	100.934	101.191	11124	18160	0.000
2020-06-09	101.201	101.370	101.185	101.206	11467	18247	0.000
2020-06-10	101.213	101.310	101.065	101.122	9506	18405	0.000
2020-06-11	101.174	101.242	101.111	101.192	9203	18329	0.000
2020-06-12	101.274	101.293	101.200	101.247	10578	17948	0.000
2020-06-15	101.307	101.320	101.198	101.242	7275	17503	0.000
2020-06-16	101.113	101.221	101.095	101.095	7170	17751	0.000
2020-06-17	101.095	101.116	100.987	100.994	6729	18858	0.000
2020-06-18	101.175	101.224	100.948	101.047	8694	18956	0.000
2020-06-19	101.062	101.074	100.952	101.011	6055	19422	0.000
2020-06-22	101.008	101.048	100.903	100.908	5232	20071	0.000
2020-06-23	100.868	100.958	100.699	100.953	11301	19439	0.000
2020-06-24	100.975	101.167	100.975	101.167	9104	19505	0.000
2020-06-29	101.115	101.237	101.094	101.174	7893	18965	0.000
2020-06-30	101.106	101.196	101.083	101.187	6156	19258	0.000
2020-07-01	101.203	101.225	101.117	101.136	5773	19619	0.000
2020-07-02	101.153	101.192	101.117	101.182	6110	19436	0.000
2020-07-03	101.154	101.216	101.134	101.152	5904	19194	0.000
2020-07-06	101.094	101.094	100.764	100.772	11439	19849	0.000
2020-07-07	100.598	100.808	100.580	100.777	9837	19526	0.000
2020-07-08	100.759	100.798	100.586	100.637	11191	20436	0.000
2020-07-09	100.604	100.623	100.424	100.525	13638	20874	0.000
2020-07-10	100.574	100.711	100.559	100.603	10060	20875	0.000
2020-07-13	100.614	100.619	100.397	100.472	12203	21039	0.000
2020-07-14	100.577	100.648	100.525	100.554	10535	20468	0.000
2020-07-15	100.553	100.735	100.512	100.719	8412	20328	0.000
2020-07-16	100.684	100.773	100.679	100.761	8540	20337	0.000
2020-07-17	100.731	100.830	100.698	100.757	8045	20352	0.000
2020-07-20	100.742	100.820	100.710	100.760	5529	20252	0.000
2020-07-21	100.884	100.915	100.819	100.846	8681	20157	0.000
2020-07-22	100.824	100.927	100.754	100.917	7658	20104	0.000
2020-07-23	100.870	100.920	100.832	100.891	5797	19967	0.000
2020-07-24	100.896	100.976	100.848	100.917	7351	20202	0.000
2020-07-27	100.856	100.896	100.828	100.883	6295	20413	0.000
2020-07-28	100.829	100.857	100.797	100.818	5530	20187	0.000
2020-07-29	100.838	100.838	100.748	100.766	6106	20133	0.000
2020-07-30	100.751	100.781	100.735	100.764	6118	20230	0.000
2020-07-31	100.715	100.727	100.605	100.677	8731	20198	0.000
2020-08-03	100.632	100.742	100.596	100.704	6072	20641	0.000
2020-08-04	100.652	100.734	100.639	100.685	6900	20787	0.000
2020-08-05	100.717	100.745	100.552	100.567	6814	20779	0.000
2020-08-06	100.553	100.568	100.460	100.467	8502	21522	0.000
2020-08-07	100.486	100.527	100.434	100.459	8084	21846	0.000
2020-08-10	100.467	100.565	100.465	100.552	9308	22101	0.000
2020-08-11	100.520	100.544	100.478	100.536	8699	21880	0.000
2020-08-12	100.511	100.546	100.425	100.512	12149	21699	0.000
2020-08-13	100.499	100.547	100.481	100.531	6110	21700	0.000
2020-08-14	100.560	100.628	100.538	100.580	8952	21674	0.000
2020-08-17	100.618	100.625	100.565	100.588	6684	21488	0.000
2020-08-18	100.565	100.613	100.549	100.577	6952	21100	0.000
2020-08-19	100.569	100.579	100.477	100.480	6810	21025	0.000
2020-08-20	100.480	100.482	100.420	100.420	7318	20852	0.000
2020-08-21	100.452	100.468	100.413	100.441	6973	20645	0.000
2020-08-24	100.446	100.467	100.404	100.409	7576	20927	0.000
2020-08-25	100.323	100.387	100.305	100.325	8017	21364	0.000
2020-08-26	100.366	100.382	100.264	100.270	7889	21717	0.000
2020-08-27	100.276	100.293	100.216	100.229	8786	21627	0.000
2020-08-28	100.205	100.221	100.158	100.158	16730	14403	0.000
2020-08-31	100.158	100.208	100.149	100.194	6800	14701	0.000
2020-09-01	100.179	100.207	100.169	100.183	6733	15270	0.000
2020-09-02	100.150	100.154	100.086	100.106	5955	16168	0.000
2020-09-03	100.069	100.112	100.025	100.107	8680	18268	0.000
2020-09-04	100.112	100.131	100.056	100.066	5678	18933	0.000
2020-09-07	100.037	100.065	100.006	100.056	6039	19699	0.000
2020-09-08	100.090	100.130	100.081	100.110	7007	20295	0.000
2020-09-09	100.160	100.289	100.121	100.284	13262	21817	0.000
2020-09-10	100.234	100.384	100.234	100.345	10631	21825	0.000
2020-09-11	100.315	100.329	100.265	100.265	9812	21168	0.000
2020-09-14	100.214	100.284	100.175	100.253	4585	21542	0.000
2020-09-15	100.284	100.399	100.274	100.355	9197	21257	0.000
2020-09-16	100.439	100.459	100.379	100.379	7675	20922	0.000
2020-09-17	100.389	100.424	100.309	100.333	7421	20733	0.000
2020-09-18	100.353	100.443	100.344	100.379	7622	21207	0.000
2020-09-21	100.439	100.513	100.419	100.469	7588	21768	0.000
2020-09-22	100.523	100.528	100.409	100.468	8954	22208	0.000
2020-09-23	100.444	100.489	100.419	100.459	6899	21624	0.000
2020-09-24	100.473	100.484	100.354	100.369	7749	21895	0.000
2020-09-25	100.354	100.384	100.324	100.329	4838	22571	0.000
2020-09-28	100.309	100.359	100.304	100.354	4438	22217	0.000
2020-09-29	100.344	100.349	100.284	100.319	3830	22437	0.000
2020-09-30	100.323	100.338	100.194	100.213	4501	22343	0.000
2020-10-09	100.129	100.149	100.079	100.085	6217	23197	0.000
2020-10-12	100.059	100.163	100.049	100.139	6030	23523	0.000
2020-10-13	100.129	100.158	100.118	100.157	5187	24394	0.000
2020-10-14	100.143	100.148	100.088	100.093	6709	24743	0.000
2020-10-15	100.093	100.122	100.048	100.052	6522	25097	0.000
2020-10-16	100.067	100.123	100.014	100.118	7439	24901	0.000
2020-10-19	100.127	100.187	100.118	100.178	7934	24868	0.000
2020-10-20	100.158	100.192	100.138	100.187	7139	25915	0.000
2020-10-21	100.172	100.258	100.163	100.233	7952	26952	0.000
2020-10-22	100.278	100.347	100.273	100.318	8623	27063	0.000
2020-10-23	100.278	100.308	100.258	100.277	7801	26949	0.000
2020-10-26	100.229	100.287	100.219	100.229	8097	27521	0.000
2020-10-27	100.258	100.283	100.229	100.269	6916	27410	0.000
2020-10-28	100.313	100.362	100.219	100.282	8497	27369	0.000
2020-10-29	100.308	100.323	100.224	100.239	7499	27164	0.000
2020-10-30	100.263	100.295	100.229	100.249	7370	27567	0.000
2020-11-02	100.230	100.305	100.210	100.300	7078	28627	0.000
2020-11-03	100.311	100.326	100.272	100.285	7373	27564	0.000
2020-11-04	100.291	100.300	100.242	100.289	7455	27700	0.000
2020-11-05	100.267	100.303	100.202	100.215	8204	28419	0.000
2020-11-06	100.175	100.201	100.148	100.158	9950	29290	0.000
2020-11-09	100.128	100.149	100.104	100.123	8630	29987	0.000
2020-11-10	100.101	100.196	100.101	100.164	7732	30425	0.000
2020-11-11	100.176	100.186	100.128	100.152	6697	30016	0.000
2020-11-12	100.123	100.132	100.074	100.083	8278	29397	0.000
2020-11-13	100.062	100.071	99.970	100.009	12709	29286	0.000
2020-11-16	100.081	100.096	100.030	100.030	9250	29257	0.000
2020-11-17	100.038	100.049	100.007	100.008	4916	29143	0.000
2020-11-18	100.005	100.005	99.868	99.898	6973	29625	0.000
2020-11-19	99.856	99.894	99.845	99.858	8556	29639	0.000
2020-11-20	99.815	99.868	99.775	99.824	12714	30020	0.000
2020-11-23	99.899	99.913	99.882	99.905	6643	29910	0.000
2020-11-24	99.902	99.923	99.854	99.867	8770	28013	0.000
2020-11-25	99.852	99.999	99.852	99.979	9934	27403	0.000
2020-11-26	100.018	100.077	99.966	99.995	9423	26945	0.000
2020-11-27	100.029	100.038	99.946	99.970	17980	17578	0.000
2020-11-30	100.087	100.234	100.077	100.234	9830	19211	0.000
2020-12-01	100.211	100.218	100.184	100.194	5092	19501	0.000
2020-12-02	100.143	100.158	100.092	100.118	5897	19264	0.000
2020-12-03	100.125	100.126	100.057	100.090	4648	19516	0.000
2020-12-04	100.102	100.127	100.080	100.119	3993	20037	0.000
2020-12-07	100.100	100.104	100.063	100.092	3964	20694	0.000
2020-12-08	100.123	100.153	100.119	100.133	4317	20923	0.000
2020-12-09	100.164	100.168	100.106	100.136	8667	22656	0.000
2020-12-10	100.172	100.228	100.163	100.210	7458	21714	0.000
2020-12-11	100.185	100.194	100.140	100.149	8596	21959	0.000
2020-12-14	100.159	100.174	100.114	100.159	3657	20869	0.000
2020-12-15	100.237	100.303	100.224	100.252	9061	21651	0.000
2020-12-16	100.262	100.327	100.242	100.302	7515	22304	0.000
2020-12-17	100.277	100.287	100.198	100.198	7733	22044	0.000
2020-12-18	100.188	100.228	100.153	100.154	7942	21780	0.000
2020-12-21	100.231	100.282	100.213	100.262	6756	21648	0.000
2020-12-22	100.322	100.347	100.283	100.298	7461	20955	0.000
2020-12-23	100.333	100.411	100.308	100.386	8134	22249	0.000
2020-12-24	100.367	100.371	100.302	100.327	7596	22195	0.000
2020-12-25	100.337	100.396	100.317	100.396	5052	22443	0.000
2020-12-28	100.409	100.437	100.362	100.376	5025	22705	0.000
2020-12-29	100.401	100.416	100.362	100.407	5289	23414	0.000
2020-12-30	100.387	100.465	100.387	100.456	4281	23499	0.000
2020-12-31	100.486	100.491	100.377	100.382	4955	22984	0.000
2021-01-04	100.358	100.401	100.332	100.341	6146	22197	0.000
2021-01-05	100.370	100.434	100.341	100.420	6667	23147	0.000
2021-01-06	100.425	100.514	100.400	100.426	8798	23703	0.000
2021-01-07	100.495	100.514	100.450	100.475	8037	24360	0.000
2021-01-08	100.499	100.514	100.431	100.475	10088	25143	0.000
2021-01-11	100.455	100.460	100.401	100.450	7375	25796	0.000
2021-01-12	100.449	100.553	100.440	100.548	6805	26026	0.000
2021-01-13	100.559	100.652	100.524	100.642	10211	26803	0.000
2021-01-14	100.732	100.766	100.516	100.542	15921	27091	0.000
2021-01-15	100.522	100.585	100.427	100.427	11537	27137	0.000
2021-01-18	100.376	100.397	100.328	100.372	9673	26783	0.000
2021-01-19	100.372	100.417	100.372	100.388	6601	26169	0.000
2021-01-20	100.436	100.452	100.383	100.452	6949	25806	0.000
2021-01-21	100.448	100.515	100.442	100.501	7390	25378	0.000
2021-01-22	100.436	100.505	100.402	100.486	7035	25369	0.000
2021-01-25	100.435	100.498	100.435	100.463	7765	25177	0.000
2021-01-26	100.362	100.366	100.297	100.306	11271	24965	0.000
2021-01-27	100.287	100.339	100.222	100.318	11562	24032	0.000
2021-01-28	100.279	100.299	100.218	100.227	10301	24248	0.000
2021-01-29	100.262	100.304	100.089	100.232	14491	24600	0.000
2021-02-01	100.275	100.333	100.242	100.295	8879	23797	0.000
2021-02-02	100.305	100.337	100.293	100.302	7091	23431	0.000
2021-02-03	100.258	100.268	100.177	100.183	10392	22723	0.000
2021-02-04	100.187	100.197	100.108	100.111	9142	22759	0.000
2021-02-05	100.120	100.193	100.118	100.137	7509	23222	0.000
2021-02-08	100.151	100.164	100.096	100.161	8518	22692	0.000
2021-02-09	100.167	100.222	100.165	100.184	9410	21456	0.000
2021-02-10	100.166	100.179	100.130	100.153	4226	21251	0.000
2021-02-18	100.031	100.121	100.023	100.060	7782	21358	0.000
2021-02-19	100.140	100.175	100.128	100.171	9869	21859	0.000
2021-02-22	100.154	100.210	100.134	100.204	9453	21425	0.000
2021-02-23	100.189	100.232	100.186	100.212	12897	20021	0.000
2021-02-24	100.262	100.287	100.214	100.217	7721	19603	0.000
2021-02-25	100.144	100.212	100.069	100.069	13981	12315	0.000
2021-02-26	100.037	100.067	100.036	100.049	5855	13079	0.000
2021-03-01	100.094	100.094	100.065	100.078	7193	13782	0.000
2021-03-02	100.092	100.127	100.050	100.090	5900	14061	0.000
2021-03-03	100.095	100.149	100.042	100.064	6642	15534	0.000
2021-03-04	100.040	100.049	99.997	100.010	6890	16759	0.000
2021-03-05	99.985	100.096	99.985	100.090	9046	17414	0.000
2021-03-08	100.044	100.115	100.032	100.095	8651	18197	0.000
2021-03-09	100.063	100.095	100.009	100.056	10334	18694	0.000
2021-03-10	100.044	100.076	100.013	100.039	13193	20205	0.000
2021-03-11	100.038	100.052	99.990	100.000	9937	19838	0.000
2021-03-12	99.998	100.031	99.993	99.993	8105	20216	0.000
2021-03-15	99.964	99.968	99.922	99.954	7875	19437	0.000
2021-03-16	99.964	100.019	99.960	99.984	7557	20009	0.000
2021-03-17	100.019	100.058	100.019	100.023	9798	20190	0.000
2021-03-18	100.018	100.028	99.993	100.003	5482	20262	0.000
2021-03-19	100.038	100.101	100.038	100.082	7631	20312	0.000
2021-03-22	100.121	100.137	100.077	100.106	8921	20533	0.000
2021-03-23	100.102	100.126	100.091	100.106	6865	20567	0.000
2021-03-24	100.172	100.180	100.136	100.176	10496	21726	0.000
2021-03-25	100.166	100.196	100.151	100.196	6382	22100	0.000
2021-03-26	100.171	100.175	100.155	100.155	6849	22559	0.000
2021-03-29	100.128	100.150	100.105	100.150	6553	22472	0.000
2021-03-30	100.169	100.189	100.125	100.129	7960	22633	0.000
2021-03-31	100.144	100.188	100.139	100.188	8698	22620	0.000
2021-04-01	100.178	100.201	100.145	100.153	7175	23046	0.000
2021-04-02	100.163	100.210	100.163	100.181	8838	23534	0.000
2021-04-06	100.141	100.161	100.132	100.155	4969	23464	0.000
2021-04-07	100.126	100.149	100.065	100.068	17828	25992	0.000
2021-04-08	100.085	100.094	100.032	100.060	8497	26620	0.000
2021-04-09	100.087	100.112	100.074	100.096	7765	26558	0.000
2021-04-12	100.126	100.152	100.122	100.152	6643	26731	0.000
2021-04-13	100.211	100.275	100.203	100.275	11822	27648	0.000
2021-04-14	100.247	100.273	100.227	100.241	7996	27899	0.000
2021-04-15	100.246	100.250	100.210	100.217	6213	27875	0.000
2021-04-16	100.200	100.236	100.200	100.232	7781	28418	0.000
2021-04-19	100.214	100.271	100.196	100.265	7080	28973	0.000
2021-04-20	100.272	100.290	100.262	100.282	8480	29148	0.000
2021-04-21	100.293	100.338	100.288	100.319	11760	29904	0.000
2021-04-22	100.290	100.321	100.275	100.301	8129	29840	0.000
2021-04-23	100.311	100.336	100.302	100.316	9128	30359	0.000
2021-04-26	100.243	100.280	100.239	100.263	13212	31218	0.000
2021-04-27	100.291	100.295	100.250	100.251	10574	31473	0.000
2021-04-28	100.279	100.302	100.270	100.278	8834	30969	0.000
2021-04-29	100.322	100.339	100.268	100.309	15434	33163	0.000
2021-04-30	100.305	100.389	100.298	100.359	8053	32967	0.000
2021-05-06	100.371	100.405	100.339	100.386	6285	33117	0.000
2021-05-07	100.397	100.429	100.375	100.397	7959	33898	0.000
2021-05-10	100.392	100.456	100.388	100.456	7173	34133	0.000
2021-05-11	100.474	100.510	100.434	100.485	17154	33275	0.000
2021-05-12	100.497	100.497	100.397	100.412	14054	33876	0.000
2021-05-13	100.358	100.387	100.330	100.387	12321	35917	0.000
2021-05-14	100.392	100.411	100.358	100.378	16048	36362	0.000
2021-05-17	100.366	100.383	100.328	100.332	14136	35869	0.000
2021-05-18	100.332	100.350	100.306	100.324	11687	36955	0.000
2021-05-19	100.359	100.403	100.352	100.401	12659	38254	0.000
2021-05-20	100.433	100.449	100.381	100.446	15404	38321	0.000
2021-05-21	100.427	100.493	100.420	100.485	11974	38644	0.000
2021-05-24	100.490	100.512	100.406	100.419	12321	38932	0.000
2021-05-25	100.396	100.438	100.376	100.435	10476	39304	0.000
2021-05-26	100.446	100.474	100.433	100.436	10502	39973	0.000
2021-05-27	100.421	100.438	100.388	100.388	10859	39253	0.000
2021-05-28	100.374	100.391	100.312	100.312	19798	30433	0.000
2021-05-31	100.276	100.342	100.271	100.342	9365	31240	0.000
2021-06-01	100.355	100.382	100.333	100.341	8191	31433	0.000
2021-06-02	100.334	100.361	100.298	100.307	11889	31537	0.000
2021-06-03	100.324	100.336	100.304	100.331	8572	31737	0.000
2021-06-04	100.330	100.340	100.258	100.263	8307	32041	0.000
2021-06-07	100.222	100.244	100.186	100.190	12860	31118	0.000
2021-06-08	100.206	100.226	100.178	100.182	11399	31384	0.000
2021-06-09	100.196	100.201	100.168	100.179	12047	31467	0.000
2021-06-10	100.212	100.241	100.199	100.222	8555	31433	0.000
2021-06-11	100.215	100.229	100.178	100.182	8851	31285	0.000
2021-06-15	100.160	100.194	100.145	100.184	6002	30323	0.000
2021-06-16	100.169	100.204	100.164	100.179	7352	30213	0.000
2021-06-17	100.169	100.189	100.149	100.154	8138	30665	0.000
2021-06-18	100.183	100.238	100.159	100.223	8251	31539	0.000
2021-06-21	100.248	100.288	100.233	100.283	9247	31233	0.000
2021-06-22	100.258	100.303	100.244	100.298	12163	31688	0.000
2021-06-23	100.312	100.362	100.307	100.352	11781	32942	0.000
2021-06-24	100.410	100.422	100.357	100.372	13200	32189	0.000
2021-06-25	100.377	100.387	100.362	100.377	6092	32623	0.000
2021-06-28	100.392	100.417	100.343	100.347	10515	32721	0.000
2021-06-29	100.352	100.382	100.343	100.372	9876	32905	0.000
2021-06-30	100.372	100.421	100.367	100.417	10413	32667	0.000
2021-07-01	100.437	100.442	100.367	100.367	7450	32663	0.000
2021-07-02	100.387	100.416	100.382	100.392	6958	32494	0.000
2021-07-05	100.412	100.422	100.391	100.411	6339	32367	0.000
2021-07-06	100.401	100.426	100.382	100.391	8321	32420	0.000
2021-07-07	100.411	100.490	100.381	100.465	11952	33477	0.000
2021-07-08	100.584	100.605	100.569	100.585	12742	32315	0.000
2021-07-09	100.560	100.579	100.500	100.529	8566	31610	0.000
2021-07-12	100.604	100.704	100.584	100.674	10641	32720	0.000
2021-07-13	100.694	100.729	100.679	100.695	6948	32667	0.000
2021-07-14	100.714	100.773	100.704	100.728	10868	32964	0.000
2021-07-15	100.693	100.713	100.652	100.652	10352	33174	0.000
2021-07-16	100.676	100.712	100.663	100.707	4340	33086	0.000
2021-07-19	100.682	100.727	100.682	100.716	5216	32541	0.000
2021-07-20	100.742	100.786	100.727	100.766	9476	33656	0.000
2021-07-21	100.760	100.813	100.751	100.813	7298	34303	0.000
2021-07-22	100.789	100.793	100.759	100.793	5453	34667	0.000
2021-07-23	100.814	100.863	100.813	100.852	5165	34848	0.000
2021-07-26	100.922	100.927	100.877	100.892	7113	34708	0.000
2021-07-27	100.817	100.890	100.592	100.728	17988	34136	0.000
2021-07-28	100.777	100.818	100.744	100.748	9184	32838	0.000
2021-07-29	100.808	100.814	100.778	100.787	7257	32512	0.000
2021-07-30	100.885	100.895	100.820	100.895	11439	31221	0.000
2021-08-02	100.962	100.992	100.889	100.933	9999	31833	0.000
2021-08-03	100.920	100.929	100.869	100.877	8488	31954	0.000
2021-08-04	100.851	100.875	100.835	100.860	9122	31211	0.000
2021-08-05	100.866	100.900	100.857	100.900	9553	30906	0.000
2021-08-06	100.865	100.877	100.854	100.865	7695	30531	0.000
2021-08-09	100.777	100.806	100.723	100.731	11281	30150	0.000
2021-08-10	100.714	100.756	100.695	100.732	15193	30620	0.000
2021-08-11	100.719	100.743	100.697	100.708	7351	30119	0.000
2021-08-12	100.730	100.745	100.713	100.718	11411	29496	0.000
2021-08-13	100.718	100.719	100.671	100.691	9164	29957	0.000
2021-08-16	100.693	100.708	100.656	100.678	10009	29398	0.000
2021-08-17	100.685	100.724	100.674	100.711	9385	29408	0.000
2021-08-18	100.700	100.829	100.690	100.824	11934	29066	0.000
2021-08-19	100.851	100.856	100.772	100.804	10030	29894	0.000
2021-08-20	100.788	100.816	100.748	100.768	9833	29769	0.000
2021-08-23	100.770	100.778	100.734	100.739	7652	29503	0.000
2021-08-24	100.735	100.771	100.732	100.771	5609	29849	0.000
2021-08-25	100.788	100.828	100.784	100.789	8864	30467	0.000
2021-08-26	100.779	100.783	100.722	100.731	8552	30262	0.000
2021-08-27	100.756	100.783	100.740	100.780	10177	31281	0.000
2021-08-30	100.762	100.817	100.759	100.793	18692	23151	0.000
2021-08-31	100.808	100.832	100.773	100.788	9255	23947	0.000
2021-09-01	100.816	100.896	100.807	100.886	9943	25250	0.000
2021-09-02	100.857	100.876	100.827	100.832	7197	25492	0.000
2021-09-03	100.827	100.847	100.798	100.803	7664	25859	0.000
2021-09-06	100.822	100.832	100.758	100.768	8520	26382	0.000
2021-09-07	100.768	100.783	100.723	100.728	6685	25624	0.000
2021-09-08	100.728	100.757	100.698	100.722	8917	26025	0.000
2021-09-09	100.722	100.752	100.708	100.713	7175	26067	0.000
2021-09-10	100.698	100.737	100.678	100.727	8507	26182	0.000
2021-09-13	100.727	100.736	100.612	100.621	8560	26417	0.000
2021-09-14	100.610	100.646	100.607	100.641	9950	25881	0.000
2021-09-15	100.671	100.695	100.611	100.616	10034	27206	0.000
2021-09-16	100.611	100.666	100.611	100.661	8953	27593	0.000
2021-09-17	100.700	100.720	100.671	100.696	8348	27662	0.000
2021-09-22	100.755	100.769	100.740	100.764	6003	27614	0.000
2021-09-23	100.750	100.814	100.745	100.804	8940	27854	0.000
2021-09-24	100.795	100.804	100.765	100.774	8124	28496	0.000
2021-09-27	100.774	100.799	100.740	100.749	9641	28920	0.000
2021-09-28	100.745	100.754	100.720	100.734	11406	28773	0.000
2021-09-29	100.725	100.790	100.725	100.784	8111	28381	0.000
2021-09-30	100.794	100.820	100.746	100.785	10129	28882	0.000
2021-10-08	100.756	100.769	100.722	100.744	10883	28408	0.000
2021-10-11	100.707	100.716	100.635	100.639	9082	28018	0.000
2021-10-12	100.654	100.684	100.619	100.653	9818	27631	0.000
2021-10-13	100.648	100.673	100.614	100.647	11055	27689	0.000
2021-10-14	100.673	100.688	100.623	100.633	14058	27199	0.000
2021-10-15	100.603	100.658	100.573	100.603	10764	27696	0.000
2021-10-18	100.503	100.527	100.484	100.508	13045	27057	0.000
2021-10-19	100.513	100.543	100.480	100.538	13376	27440	0.000
2021-10-20	100.576	100.580	100.528	100.533	12647	26792	0.000
2021-10-21	100.561	100.602	100.547	100.602	18073	26704	0.000
2021-10-22	100.597	100.617	100.578	100.591	12234	26108	0.000
2021-10-25	100.610	100.626	100.586	100.601	8771	26134	0.000
2021-10-26	100.606	100.640	100.601	100.620	10487	26399	0.000
2021-10-27	100.636	100.649	100.609	100.628	11272	26964	0.000
2021-10-28	100.632	100.652	100.609	100.642	13278	27471	0.000
2021-10-29	100.657	100.667	100.602	100.616	15252	27488	0.000
2021-11-01	100.661	100.680	100.617	100.676	13435	27102	0.000
2021-11-02	100.656	100.733	100.645	100.713	12998	27111	0.000
2021-11-03	100.731	100.769	100.713	100.726	16325	28129	0.000
2021-11-04	100.735	100.750	100.717	100.734	11408	28688	0.000
2021-11-05	100.820	100.845	100.806	100.833	23648	30111	0.000
2021-11-08	100.861	100.871	100.802	100.816	19181	30517	0.000
2021-11-09	100.789	100.819	100.771	100.812	20455	30972	0.000
2021-11-10	100.827	100.831	100.785	100.794	18672	31520	0.000
2021-11-11	100.772	100.798	100.766	100.776	21047	33373	0.000
2021-11-12	100.779	100.800	100.767	100.767	8917	34183	0.000
2021-11-15	100.761	100.814	100.754	100.813	16346	34874	0.000
2021-11-16	100.808	100.823	100.778	100.796	15551	35226	0.000
2021-11-17	100.786	100.796	100.740	100.744	19115	34726	0.000
2021-11-18	100.767	100.783	100.745	100.757	19752	35449	0.000
2021-11-19	100.762	100.799	100.693	100.698	21567	35262	0.000
2021-11-22	100.760	100.779	100.741	100.773	10135	34319	0.000
2021-11-23	100.756	100.762	100.730	100.750	7210	34067	0.000
2021-11-24	100.793	100.843	100.762	100.832	9920	34788	0.000
2021-11-25	100.813	100.823	100.796	100.812	10038	35387	0.000
2021-11-26	100.849	100.870	100.848	100.864	13920	37434	0.000
2021-11-29	100.856	100.860	100.826	100.858	14464	31090	0.000
2021-11-30	100.814	100.827	100.769	100.814	10511	31801	0.000
2021-12-01	100.809	100.809	100.774	100.775	15009	32522	0.000
2021-12-02	100.789	100.794	100.725	100.750	12392	31912	0.000
2021-12-03	100.750	100.759	100.705	100.720	8694	31618	0.000
2021-12-06	100.837	100.847	100.813	100.823	10470	32900	0.000
2021-12-07	100.823	100.838	100.774	100.779	16106	33751	0.000
2021-12-08	100.789	100.794	100.735	100.759	12339	34763	0.000
2021-12-09	100.764	100.809	100.735	100.789	10513	35286	0.000
2021-12-10	100.799	100.824	100.794	100.809	15100	36201	0.000
2021-12-13	100.794	100.843	100.789	100.839	11875	36904	0.000
2021-12-14	100.894	100.924	100.874	100.894	17901	40563	0.000
2021-12-15	100.849	100.924	100.844	100.919	11940	41655	0.000
2021-12-16	100.914	100.919	100.869	100.894	12970	42525	0.000
2021-12-17	100.913	100.944	100.884	100.889	16417	43192	0.000
2021-12-20	100.834	100.884	100.824	100.844	18509	42889	0.000
2021-12-21	100.829	100.849	100.804	100.849	22733	42714	0.000
2021-12-22	100.839	100.909	100.834	100.904	23433	43819	0.000
2021-12-23	100.914	100.959	100.904	100.949	21886	46522	0.000
2021-12-24	100.949	100.974	100.909	100.919	18841	47301	0.000
2021-12-27	100.959	100.994	100.924	100.949	22600	48271	0.000
2021-12-28	100.969	100.969	100.924	100.959	19496	47556	0.000
2021-12-29	100.978	101.008	100.973	101.003	14012	47620	0.000
2021-12-30	100.998	101.087	100.984	101.087	18478	48389	0.000
2021-12-31	101.057	101.108	101.023	101.078	15991	50160	0.000
2022-01-04	101.034	101.088	101.019	101.083	12719	50433	0.000
2022-01-05	101.079	101.084	101.043	101.053	12712	50089	0.000
2022-01-06	101.023	101.023	100.983	100.983	15747	48257	0.000
2022-01-07	100.958	100.998	100.958	100.988	14613	47692	0.000
2022-01-10	101.018	101.052	101.003	101.033	9203	47100	0.000
2022-01-11	101.028	101.083	101.023	101.073	10032	47543	0.000
2022-01-12	101.093	101.107	101.063	101.063	11810	47591	0.000
2022-01-13	101.063	101.083	101.043	101.058	13329	48031	0.000
2022-01-14	101.073	101.087	101.038	101.048	14231	47969	0.000
2022-01-17	101.127	101.152	101.097	101.117	22069	49097	0.000
2022-01-18	101.157	101.286	101.152	101.272	17468	51593	0.000
2022-01-19	101.337	101.374	101.312	101.321	18232	52990	0.000
2022-01-20	101.336	101.350	101.318	101.337	11715	52982	0.000
2022-01-21	101.358	101.443	101.338	101.437	12806	54746	0.000
2022-01-24	101.467	101.492	101.447	101.463	12415	54704	0.000
2022-01-25	101.433	101.437	101.373	101.382	14131	52277	0.000
2022-01-26	101.332	101.352	101.292	101.341	16848	50899	0.000
2022-01-27	101.331	101.376	101.293	101.340	14789	50761	0.000
2022-01-28	101.384	101.463	101.362	101.462	13490	52023	0.000
2022-02-07	101.330	101.422	101.283	101.402	14035	52167	0.000
2022-02-08	101.427	101.442	101.366	101.370	18258	51315	0.000
2022-02-09	101.339	101.362	101.312	101.338	22449	49667	0.000
2022-02-10	101.363	101.373	101.343	101.352	17106	50058	0.000
2022-02-11	101.284	101.292	101.204	101.230	31394	46764	0.000
2022-02-14	101.246	101.251	101.200	101.209	18706	47111	0.000
2022-02-15	101.212	101.240	101.199	101.222	15679	46049	0.000
2022-02-16	101.223	101.244	101.193	101.235	32268	46619	0.000
2022-02-17	101.270	101.274	101.234	101.242	25757	47151	0.000
2022-02-18	101.238	101.260	101.197	101.199	21024	46932	0.000
2022-02-21	101.181	101.202	101.083	101.101	23194	44990	0.000
2022-02-22	101.118	101.127	101.027	101.041	22262	45259	0.000
2022-02-23	101.079	101.125	101.076	101.113	14308	45047	0.000
2022-02-24	101.161	101.161	101.114	101.123	13469	45726	0.000
2022-02-25	101.111	101.174	101.108	101.161	22348	34448	0.000
2022-02-28	101.200	101.219	101.187	101.191	11569	34235	0.000
2022-03-01	101.197	101.205	101.139	101.143	16495	36446	0.000
2022-03-02	101.101	101.150	101.101	101.121	14526	37097	0.000
2022-03-03	101.102	101.116	101.019	101.027	26325	40615	0.000
2022-03-04	101.049	101.070	101.013	101.045	24150	39275	0.000
2022-03-07	101.026	101.144	101.018	101.124	19529	39898	0.000
2022-03-08	101.147	101.187	101.139	101.169	17706	40874	0.000
2022-03-09	101.121	101.128	101.039	101.097	22178	41261	0.000
2022-03-10	101.137	101.141	101.074	101.082	13648	41184	0.000
2022-03-11	101.065	101.263	101.021	101.229	30702	44033	0.000
2022-03-14	101.377	101.381	101.282	101.337	30855	42303	0.000
2022-03-15	101.194	101.291	101.113	101.141	23930	40599	0.000
2022-03-16	101.120	101.230	101.026	101.155	22619	42484	0.000
2022-03-17	101.168	101.182	101.126	101.154	12056	44184	0.000
2022-03-18	101.173	101.257	101.155	101.237	15219	44546	0.000
2022-03-21	101.197	101.213	101.147	101.155	12753	44417	0.000
2022-03-22	101.098	101.121	101.081	101.086	15445	44696	0.000
2022-03-23	101.101	101.144	101.090	101.099	13616	44875	0.000
2022-03-24	101.066	101.133	101.066	101.132	10996	45317	0.000
2022-03-25	101.133	101.153	101.124	101.147	12083	46199	0.000
2022-03-28	101.189	101.193	101.120	101.130	10262	46077	0.000
2022-03-29	101.134	101.149	101.110	101.130	8854	46001	0.000
2022-03-30	101.168	101.213	101.137	101.193	12360	46759	0.000
2022-03-31	101.188	101.198	101.161	101.171	13497	48181	0.000
2022-04-01	101.189	101.260	101.189	101.227	12956	49125	0.000
2022-04-06	101.240	101.289	101.231	101.259	9226	49126	0.000
2022-04-07	101.290	101.339	101.265	101.324	11292	50945	0.000
2022-04-08	101.315	101.335	101.252	101.280	11169	50966	0.000
2022-04-11	101.281	101.295	101.204	101.211	10714	50853	0.000
2022-04-12	101.235	101.360	101.171	101.212	16106	50777	0.000
2022-04-13	101.225	101.250	101.217	101.234	12588	51702	0.000
2022-04-14	101.274	101.324	101.266	101.274	15138	52598	0.000
2022-04-15	101.260	101.376	101.260	101.314	24966	54852	0.000
2022-04-18	101.233	101.269	101.205	101.226	18758	55319	0.000
2022-04-19	101.260	101.265	101.187	101.202	15676	55500	0.000
2022-04-20	101.187	101.200	101.144	101.168	32687	52982	0.000
2022-04-21	101.174	101.194	101.159	101.184	18124	52702	0.000
2022-04-22	101.180	101.180	101.099	101.115	25007	50653	0.000
2022-04-25	101.159	101.176	101.129	101.163	17257	49571	0.000
2022-04-26	101.166	101.166	101.127	101.143	15957	48152	0.000
2022-04-27	101.109	101.128	101.061	101.069	23792	47789	0.000
2022-04-28	101.044	101.044	100.982	101.013	22408	46895	0.000
2022-04-29	101.050	101.093	101.030	101.085	21744	48608	0.000
2022-05-05	101.090	101.100	101.062	101.093	11556	48480	0.000
2022-05-06	101.075	101.078	101.013	101.053	26977	47945	0.000
2022-05-09	101.058	101.067	101.042	101.065	24973	47707	0.000
2022-05-10	101.131	101.144	101.107	101.125	23595	48111	0.000
2022-05-11	101.093	101.109	101.045	101.084	22995	48902	0.000
2022-05-12	101.101	101.129	101.089	101.118	17959	49200	0.000
2022-05-13	101.138	101.160	101.103	101.103	21198	49990	0.000
2022-05-16	101.073	101.136	101.070	101.125	17490	49290	0.000
2022-05-17	101.145	101.168	101.135	101.153	18097	49523	0.000
2022-05-18	101.165	101.210	101.162	101.194	8459	49740	0.000
数据来源:通达信
