URL9 尿素指数 日线 前复权
      日期	    开盘	    最高	    最低	    收盘	    成交量	    持仓量	    结算价
2019-08-12	1695	1732	1686	1724	572480	108244	0
2019-08-13	1716	1773	1710	1773	670284	148766	0
2019-08-14	1775	1787	1722	1738	608190	107568	0
2019-08-15	1743	1758	1730	1744	369202	108490	0
2019-08-16	1747	1759	1739	1745	159736	102480	0
2019-08-19	1751	1755	1737	1747	119184	101432	0
2019-08-20	1748	1754	1743	1747	59142	95214	0
2019-08-21	1738	1741	1713	1726	196590	92522	0
2019-08-22	1731	1738	1726	1732	62440	87374	0
2019-08-23	1734	1734	1723	1729	41026	86736	0
2019-08-26	1724	1755	1724	1745	86154	83662	0
2019-08-27	1744	1764	1741	1746	121728	84844	0
2019-08-28	1751	1764	1746	1757	67282	85124	0
2019-08-29	1760	1819	1759	1792	469708	110314	0
2019-08-30	1800	1809	1787	1796	167562	109242	0
2019-09-02	1814	1830	1789	1802	151832	115362	0
2019-09-03	1804	1811	1791	1797	95336	113972	0
2019-09-04	1804	1846	1798	1817	306574	120310	0
2019-09-05	1825	1834	1812	1817	129152	114720	0
2019-09-06	1824	1832	1815	1825	90504	115396	0
2019-09-09	1838	1842	1822	1828	88384	118968	0
2019-09-10	1833	1839	1809	1816	115548	113114	0
2019-09-11	1819	1825	1814	1822	52098	108118	0
2019-09-12	1821	1827	1817	1819	37538	104330	0
2019-09-16	1824	1826	1794	1796	95056	96384	0
2019-09-17	1797	1801	1784	1788	61846	90200	0
2019-09-18	1782	1793	1773	1793	74356	87924	0
2019-09-19	1793	1801	1785	1787	62810	90946	0
2019-09-20	1783	1784	1763	1770	90582	95116	0
2019-09-23	1775	1778	1767	1774	49042	98296	0
2019-09-24	1776	1786	1770	1782	52798	93848	0
2019-09-25	1782	1782	1765	1768	44628	98260	0
2019-09-26	1769	1776	1758	1769	42052	94558	0
2019-09-27	1762	1768	1759	1763	24410	89178	0
2019-09-30	1770	1775	1765	1768	24976	87650	0
2019-10-08	1764	1776	1743	1765	39578	89204	0
2019-10-09	1766	1783	1764	1780	56624	98068	0
2019-10-10	1777	1789	1768	1770	36928	98936	0
2019-10-11	1771	1773	1761	1765	27160	99728	0
2019-10-14	1761	1765	1746	1751	33178	106376	0
2019-10-15	1746	1750	1744	1749	22988	109584	0
2019-10-16	1750	1753	1742	1742	23166	110682	0
2019-10-17	1738	1739	1725	1728	45914	117266	0
2019-10-18	1729	1736	1724	1727	24478	118392	0
2019-10-21	1722	1728	1714	1715	37868	124086	0
2019-10-22	1716	1718	1687	1696	103498	142576	0
2019-10-23	1695	1698	1689	1692	39750	144192	0
2019-10-24	1695	1704	1693	1698	43270	145156	0
2019-10-25	1699	1702	1693	1696	35844	148140	0
2019-10-28	1700	1705	1695	1702	34266	144130	0
2019-10-29	1701	1709	1697	1703	38808	141670	0
2019-10-30	1700	1711	1699	1707	32522	141052	0
2019-10-31	1707	1713	1701	1702	30380	142406	0
2019-11-01	1699	1706	1697	1703	26256	141110	0
2019-11-04	1703	1705	1696	1698	20906	142674	0
2019-11-05	1700	1721	1698	1718	60954	147976	0
2019-11-06	1720	1721	1700	1701	41036	144774	0
2019-11-07	1703	1706	1686	1687	75014	157208	0
2019-11-08	1690	1690	1661	1665	92444	169114	0
2019-11-11	1666	1669	1658	1660	49246	170752	0
2019-11-12	1663	1677	1658	1669	41712	167200	0
2019-11-13	1668	1682	1667	1672	38634	165424	0
2019-11-14	1673	1678	1655	1660	58252	167868	0
2019-11-15	1661	1674	1657	1673	57944	153874	0
2019-11-18	1670	1670	1629	1635	137712	167562	0
2019-11-19	1627	1641	1615	1635	92666	163080	0
2019-11-20	1632	1650	1626	1633	70504	157624	0
2019-11-21	1635	1637	1626	1632	30864	159166	0
2019-11-22	1642	1663	1640	1656	97524	151118	0
2019-11-25	1671	1698	1665	1691	116146	137186	0
2019-11-26	1691	1694	1678	1681	76810	130496	0
2019-11-27	1687	1702	1685	1698	63556	127834	0
2019-11-28	1700	1700	1687	1695	52990	128804	0
2019-11-29	1695	1699	1685	1698	59096	117558	0
2019-12-02	1694	1694	1683	1685	45828	119012	0
2019-12-03	1691	1694	1681	1684	39344	122462	0
2019-12-04	1687	1719	1686	1709	70486	116864	0
2019-12-05	1710	1737	1706	1735	129210	109562	0
2019-12-06	1732	1742	1726	1731	64050	108988	0
2019-12-09	1738	1750	1736	1743	65890	108280	0
2019-12-10	1742	1751	1738	1739	60450	108314	0
2019-12-11	1735	1737	1726	1733	58470	111798	0
2019-12-12	1731	1740	1730	1731	59540	104996	0
2019-12-13	1736	1738	1723	1727	63640	96000	0
2019-12-16	1727	1733	1716	1722	55460	92550	0
2019-12-17	1720	1729	1719	1723	41938	93420	0
2019-12-18	1721	1723	1707	1707	52134	92740	0
2019-12-19	1708	1724	1707	1724	46042	87570	0
2019-12-20	1724	1725	1713	1713	27816	87188	0
2019-12-23	1717	1719	1711	1714	25448	89482	0
2019-12-24	1713	1714	1696	1699	56756	100222	0
2019-12-25	1701	1707	1700	1703	27460	100896	0
2019-12-26	1702	1712	1701	1711	30642	101440	0
2019-12-27	1711	1719	1707	1708	40214	101534	0
2019-12-30	1703	1718	1700	1713	46970	111246	0
2019-12-31	1710	1725	1709	1720	44424	115760	0
2020-01-02	1720	1728	1714	1714	23107	59295	0
2020-01-03	1707	1717	1704	1712	27089	59008	0
2020-01-06	1718	1732	1714	1726	26461	57535	0
2020-01-07	1727	1744	1726	1739	30521	58789	0
2020-01-08	1765	1770	1728	1742	49595	49432	0
2020-01-09	1734	1739	1727	1728	18890	49527	0
2020-01-10	1734	1742	1733	1735	21118	49406	0
2020-01-13	1738	1763	1735	1756	42228	51376	0
2020-01-14	1750	1767	1750	1750	27868	49675	0
2020-01-15	1752	1756	1748	1753	19749	52018	0
2020-01-16	1759	1759	1749	1753	11912	51535	0
2020-01-17	1753	1754	1741	1743	13729	50209	0
2020-01-20	1741	1750	1738	1745	9862	50672	0
2020-01-21	1746	1753	1716	1719	30619	46868	0
2020-01-22	1712	1718	1705	1714	21171	45361	0
2020-01-23	1711	1714	1703	1708	12602	45194	0
2020-02-03	1633	1661	1625	1650	29067	48995	0
2020-02-04	1667	1696	1660	1690	42362	59098	0
2020-02-05	1689	1713	1688	1700	30409	61832	0
2020-02-06	1705	1710	1695	1706	20692	61740	0
2020-02-07	1704	1712	1700	1711	16560	61580	0
2020-02-10	1715	1726	1712	1717	24662	61602	0
2020-02-11	1719	1735	1717	1734	29619	68646	0
2020-02-12	1739	1745	1726	1733	40063	71091	0
2020-02-13	1734	1735	1722	1730	30074	69284	0
2020-02-14	1725	1736	1718	1734	33127	71415	0
2020-02-17	1744	1750	1735	1748	42068	75388	0
2020-02-18	1748	1755	1746	1748	28641	81467	0
2020-02-19	1748	1753	1742	1751	17116	82987	0
2020-02-20	1751	1752	1733	1743	28933	82627	0
2020-02-21	1744	1796	1743	1785	98343	95234	0
2020-02-24	1804	1806	1781	1798	95302	95936	0
2020-02-25	1792	1811	1780	1800	76371	102064	0
2020-02-26	1800	1807	1774	1782	66056	99537	0
2020-02-27	1769	1771	1744	1746	90525	81225	0
2020-02-28	1735	1763	1733	1742	77222	75656	0
2020-03-02	1757	1771	1755	1758	61346	80953	0
2020-03-03	1766	1768	1756	1766	43884	77931	0
2020-03-04	1775	1815	1769	1800	147611	99556	0
2020-03-05	1806	1808	1790	1796	67972	95519	0
2020-03-06	1796	1816	1793	1810	114158	97878	0
2020-03-09	1787	1797	1740	1745	173582	92544	0
2020-03-10	1762	1766	1740	1750	101042	86065	0
2020-03-11	1753	1764	1734	1735	78748	87727	0
2020-03-12	1731	1738	1706	1708	94938	82221	0
2020-03-13	1701	1715	1693	1710	69633	77597	0
2020-03-16	1704	1711	1676	1682	65809	79618	0
2020-03-17	1678	1688	1670	1682	52797	75490	0
2020-03-18	1682	1684	1658	1662	48667	74937	0
2020-03-19	1656	1656	1605	1619	77934	73267	0
2020-03-20	1640	1653	1617	1625	52614	71078	0
2020-03-23	1607	1622	1603	1612	46150	70604	0
2020-03-24	1619	1633	1613	1622	49908	71660	0
2020-03-25	1621	1625	1605	1613	55974	71557	0
2020-03-26	1611	1629	1606	1617	49306	71824	0
2020-03-27	1616	1622	1609	1613	38185	67904	0
2020-03-30	1608	1619	1587	1592	68960	68356	0
2020-03-31	1591	1603	1578	1583	56378	69190	0
2020-04-01	1589	1600	1586	1595	35087	63960	0
2020-04-02	1592	1611	1587	1600	41797	63929	0
2020-04-03	1606	1606	1598	1601	28063	61357	0
2020-04-07	1618	1658	1614	1649	74342	64583	0
2020-04-08	1647	1652	1617	1621	63103	66344	0
2020-04-09	1625	1628	1613	1618	41060	71213	0
2020-04-10	1612	1621	1605	1616	45625	72561	0
2020-04-13	1624	1625	1607	1613	45079	74535	0
2020-04-14	1602	1617	1600	1606	39754	71778	0
2020-04-15	1603	1606	1585	1586	34927	74066	0
2020-04-16	1588	1590	1579	1580	28310	71594	0
2020-04-17	1581	1582	1558	1568	43042	75959	0
2020-04-20	1562	1589	1557	1582	58566	75705	0
2020-04-21	1581	1582	1539	1554	63555	71694	0
2020-04-22	1549	1556	1538	1544	35342	69296	0
2020-04-23	1555	1571	1552	1562	38223	70510	0
2020-04-24	1565	1568	1540	1541	31326	72793	0
2020-04-27	1539	1553	1534	1548	31665	70604	0
2020-04-28	1541	1544	1514	1515	58092	82671	0
2020-04-29	1524	1525	1515	1518	30374	76837	0
2020-04-30	1527	1530	1520	1525	29116	69415	0
2020-05-06	1529	1539	1520	1524	32673	74856	0
2020-05-07	1528	1533	1523	1526	30333	78075	0
2020-05-08	1523	1526	1512	1514	35064	87834	0
2020-05-11	1510	1519	1509	1516	32900	92759	0
2020-05-12	1518	1542	1517	1539	89736	100782	0
2020-05-13	1534	1547	1526	1536	78803	99402	0
2020-05-14	1543	1548	1531	1539	47873	96157	0
2020-05-15	1544	1556	1542	1551	55234	97134	0
2020-05-18	1556	1558	1541	1545	45925	94234	0
2020-05-19	1552	1553	1516	1526	59972	92708	0
2020-05-20	1529	1540	1524	1537	38828	93957	0
2020-05-21	1538	1543	1533	1538	38335	94071	0
2020-05-22	1532	1534	1520	1531	49535	90056	0
2020-05-25	1534	1548	1534	1544	51516	95190	0
2020-05-26	1548	1548	1532	1533	43613	92568	0
2020-05-27	1537	1544	1534	1539	32805	91815	0
2020-05-28	1535	1545	1534	1536	34589	92203	0
2020-05-29	1540	1548	1526	1533	53598	90416	0
2020-06-01	1541	1541	1535	1536	32794	90861	0
2020-06-02	1540	1540	1532	1538	25063	91285	0
2020-06-03	1543	1562	1541	1559	69236	104450	0
2020-06-04	1559	1573	1550	1553	76717	101527	0
2020-06-05	1560	1564	1552	1557	37687	102739	0
2020-06-08	1566	1566	1559	1561	40293	104745	0
2020-06-09	1544	1548	1535	1536	67588	113079	0
2020-06-10	1534	1539	1534	1535	24397	111319	0
2020-06-11	1535	1537	1521	1522	51397	111207	0
2020-06-12	1517	1532	1515	1525	48226	115520	0
2020-06-15	1525	1528	1519	1524	26433	116279	0
2020-06-16	1530	1536	1525	1535	32419	113315	0
2020-06-17	1534	1535	1522	1525	28830	111800	0
2020-06-18	1526	1526	1520	1524	28779	115184	0
2020-06-19	1526	1528	1522	1525	27421	114684	0
2020-06-22	1524	1528	1516	1517	34747	120515	0
2020-06-23	1518	1518	1513	1514	28829	124445	0
2020-06-24	1512	1515	1494	1506	55235	127613	0
2020-06-29	1508	1526	1508	1524	56347	117575	0
2020-06-30	1525	1525	1505	1506	49056	121436	0
2020-07-01	1507	1510	1504	1507	27742	123613	0
2020-07-02	1506	1513	1502	1512	36776	123719	0
2020-07-03	1515	1528	1514	1528	61612	113602	0
2020-07-06	1531	1535	1523	1534	35539	111091	0
2020-07-07	1538	1539	1524	1527	26896	107264	0
2020-07-08	1531	1548	1529	1540	41240	106660	0
2020-07-09	1539	1548	1536	1542	27823	100203	0
2020-07-10	1543	1551	1539	1540	38213	93268	0
2020-07-13	1548	1548	1540	1543	18865	92021	0
2020-07-14	1536	1554	1534	1537	42034	90244	0
2020-07-15	1541	1543	1534	1534	21591	89792	0
2020-07-16	1535	1542	1533	1537	24956	86183	0
2020-07-17	1540	1545	1523	1526	38814	80836	0
2020-07-20	1523	1537	1517	1534	29936	81137	0
2020-07-21	1540	1552	1537	1541	41621	77965	0
2020-07-22	1547	1605	1545	1602	144620	84016	0
2020-07-23	1615	1643	1595	1610	158841	72755	0
2020-07-24	1617	1642	1607	1619	114740	73930	0
2020-07-27	1618	1624	1601	1603	45649	74076	0
2020-07-28	1572	1579	1551	1556	101029	69874	0
2020-07-29	1593	1609	1584	1602	142954	59832	0
2020-07-30	1605	1610	1592	1605	49972	61139	0
2020-07-31	1624	1649	1615	1648	102397	67108	0
2020-08-03	1687	1698	1686	1698	101351	78304	0
2020-08-04	1738	1773	1713	1722	327739	71230	0
2020-08-05	1721	1759	1705	1741	189654	71873	0
2020-08-06	1746	1753	1735	1745	99714	67947	0
2020-08-07	1752	1778	1742	1759	156690	67641	0
2020-08-10	1732	1733	1688	1693	123852	67239	0
2020-08-11	1721	1736	1693	1711	152023	56745	0
2020-08-12	1706	1712	1658	1682	151530	55794	0
2020-08-13	1699	1699	1667	1683	91781	55881	0
2020-08-14	1674	1675	1636	1658	111068	51289	0
2020-08-17	1635	1638	1618	1632	64954	55383	0
2020-08-18	1638	1672	1632	1670	76478	56719	0
2020-08-19	1675	1691	1638	1638	120168	57353	0
2020-08-20	1646	1664	1628	1656	88716	54145	0
2020-08-21	1659	1670	1637	1639	91778	58080	0
2020-08-24	1635	1657	1633	1645	54832	57569	0
2020-08-25	1645	1680	1644	1653	122504	61860	0
2020-08-26	1662	1688	1654	1684	131025	75958	0
2020-08-27	1682	1700	1668	1678	139519	79680	0
2020-08-28	1687	1703	1682	1697	107648	78662	0
2020-08-31	1695	1701	1629	1634	208229	89996	0
2020-09-01	1634	1647	1625	1636	126943	83131	0
2020-09-02	1632	1650	1627	1639	80503	81052	0
2020-09-03	1641	1652	1608	1609	119738	73938	0
2020-09-04	1601	1621	1592	1614	107705	68544	0
2020-09-07	1619	1643	1613	1634	103823	69864	0
2020-09-08	1636	1640	1626	1627	62971	68910	0
2020-09-09	1620	1662	1620	1638	179622	62953	0
2020-09-10	1643	1651	1635	1645	86851	61627	0
2020-09-11	1641	1644	1621	1637	84449	55702	0
2020-09-14	1652	1673	1649	1663	141958	55671	0
2020-09-15	1666	1680	1654	1667	104523	56957	0
2020-09-16	1663	1670	1637	1637	100562	56723	0
2020-09-17	1644	1651	1640	1648	59923	53935	0
2020-09-18	1659	1683	1657	1676	108294	58689	0
2020-09-21	1671	1675	1639	1642	86013	54238	0
2020-09-22	1633	1646	1627	1636	75318	53573	0
2020-09-23	1638	1650	1623	1635	89437	52021	0
2020-09-24	1630	1639	1623	1631	53893	51589	0
2020-09-25	1637	1639	1625	1631	46289	50486	0
2020-09-28	1621	1624	1606	1611	63178	50666	0
2020-09-29	1611	1616	1605	1605	30816	47040	0
2020-09-30	1606	1639	1604	1638	60804	39676	0
2020-10-09	1658	1660	1637	1645	35435	38817	0
2020-10-12	1643	1650	1641	1643	34802	45049	0
2020-10-13	1645	1661	1645	1653	58500	45668	0
2020-10-14	1657	1658	1646	1652	36799	48106	0
2020-10-15	1657	1668	1638	1642	85555	47869	0
2020-10-16	1643	1657	1642	1651	46230	51114	0
2020-10-19	1673	1714	1668	1714	170103	82929	0
2020-10-20	1704	1705	1677	1679	126440	73047	0
2020-10-21	1688	1706	1686	1703	83742	77565	0
2020-10-22	1692	1735	1690	1705	217689	82122	0
2020-10-23	1713	1718	1699	1705	70675	79807	0
2020-10-26	1717	1727	1705	1707	76429	82502	0
2020-10-27	1711	1731	1693	1726	81799	83126	0
2020-10-28	1732	1742	1719	1727	77781	82953	0
2020-10-29	1729	1730	1711	1720	58728	79587	0
2020-10-30	1731	1764	1723	1762	146677	90532	0
2020-11-02	1759	1774	1750	1760	67289	88740	0
2020-11-03	1761	1764	1699	1708	130685	77939	0
2020-11-04	1710	1721	1708	1712	52864	74053	0
2020-11-05	1719	1721	1706	1721	47808	74483	0
2020-11-06	1725	1742	1717	1740	71840	73107	0
2020-11-09	1737	1758	1736	1756	75581	76878	0
2020-11-10	1755	1755	1722	1728	93731	67420	0
2020-11-11	1736	1756	1735	1747	63330	65951	0
2020-11-12	1745	1799	1742	1789	147391	85823	0
2020-11-13	1789	1807	1776	1794	103322	82474	0
2020-11-16	1783	1797	1776	1781	96621	79370	0
2020-11-17	1778	1810	1777	1790	124189	83159	0
2020-11-18	1795	1812	1792	1802	85677	85794	0
2020-11-19	1802	1808	1779	1797	107427	80878	0
2020-11-20	1801	1801	1787	1792	51854	79228	0
2020-11-23	1784	1785	1758	1764	84055	71344	0
2020-11-24	1770	1779	1757	1765	68247	69569	0
2020-11-25	1767	1791	1761	1789	68770	74296	0
2020-11-26	1784	1784	1748	1751	76224	68962	0
2020-11-27	1756	1771	1751	1769	54266	66299	0
2020-11-30	1764	1786	1764	1776	60481	64150	0
2020-12-01	1774	1774	1736	1748	83768	62825	0
2020-12-02	1745	1745	1727	1729	57933	57816	0
2020-12-03	1730	1755	1729	1745	66348	58982	0
2020-12-04	1761	1775	1759	1774	78723	60246	0
2020-12-07	1771	1789	1766	1779	67765	60521	0
2020-12-08	1792	1800	1784	1789	78536	62290	0
2020-12-09	1797	1824	1788	1813	110461	72761	0
2020-12-10	1816	1846	1783	1791	160605	64277	0
2020-12-11	1811	1828	1805	1821	113729	72585	0
2020-12-14	1813	1814	1789	1794	102073	65708	0
2020-12-15	1791	1797	1766	1768	88025	59783	0
2020-12-16	1775	1801	1768	1798	86724	60255	0
2020-12-17	1801	1807	1785	1795	76947	58679	0
2020-12-18	1814	1854	1810	1851	100974	69710	0
2020-12-21	1839	1869	1825	1863	95801	72231	0
2020-12-22	1866	1899	1802	1808	157606	56169	0
2020-12-23	1811	1828	1808	1818	62932	52801	0
2020-12-24	1830	1837	1809	1820	50757	54695	0
2020-12-25	1812	1816	1792	1814	50102	52641	0
2020-12-28	1808	1836	1800	1828	73785	57952	0
2020-12-29	1831	1835	1789	1796	85869	50770	0
2020-12-30	1797	1806	1792	1802	31358	52608	0
2020-12-31	1812	1830	1807	1820	58866	55721	0
2021-01-04	1814	1834	1800	1830	57803	59881	0
2021-01-05	1825	1845	1814	1839	71120	65396	0
2021-01-06	1845	1853	1832	1841	49961	65265	0
2021-01-07	1851	1888	1851	1884	90974	81189	0
2021-01-08	1891	1894	1858	1876	72456	78060	0
2021-01-11	1883	1930	1869	1898	157269	81255	0
2021-01-12	1892	1949	1891	1938	155632	109174	0
2021-01-13	1951	1964	1935	1942	114732	110655	0
2021-01-14	1954	2002	1951	1998	152830	127787	0
2021-01-15	2026	2037	2004	2024	162939	125031	0
2021-01-18	2007	2015	1948	1959	155349	97654	0
2021-01-19	1963	1978	1932	1939	130213	82862	0
2021-01-20	1946	1947	1915	1920	81442	79395	0
2021-01-21	1925	1959	1924	1952	90649	85217	0
2021-01-22	1959	1968	1924	1929	118083	82283	0
2021-01-25	1941	1982	1923	1981	123713	99010	0
2021-01-26	1981	1995	1957	1959	133398	96396	0
2021-01-27	1975	1995	1966	1990	122387	111260	0
2021-01-28	1985	1999	1968	1980	128219	108971	0
2021-01-29	2000	2048	1990	2047	197682	140850	0
2021-02-01	2057	2067	2010	2022	198056	132671	0
2021-02-02	2036	2053	2018	2032	135923	141047	0
2021-02-03	2041	2049	1955	1967	246779	129890	0
2021-02-04	1972	1996	1947	1996	180454	130989	0
2021-02-05	1998	2006	1957	1974	169777	126636	0
2021-02-08	1973	1984	1935	1951	183149	125473	0
2021-02-09	1954	2012	1946	2006	139779	115974	0
2021-02-10	1971	1975	1946	1960	123586	107107	0
2021-02-18	1994	2038	1985	2016	127455	115221	0
2021-02-19	1996	2023	1990	2015	131226	124576	0
2021-02-22	2024	2056	2015	2032	193389	130868	0
2021-02-23	2047	2089	2026	2032	306617	131842	0
2021-02-24	2031	2050	2000	2012	190333	142499	0
2021-02-25	2038	2056	2004	2016	269821	146507	0
2021-02-26	1991	2004	1952	1952	221456	144062	0
2021-03-01	1957	1964	1904	1927	243367	151935	0
2021-03-02	1912	1931	1890	1916	204778	157529	0
2021-03-03	1921	1936	1882	1885	269090	164725	0
2021-03-04	1870	1896	1861	1880	287108	158739	0
2021-03-05	1873	1877	1831	1832	210620	152826	0
2021-03-08	1847	1890	1847	1880	247698	140718	0
2021-03-09	1870	1894	1865	1871	198165	141548	0
2021-03-10	1888	1926	1883	1919	252389	134449	0
2021-03-11	1920	1922	1880	1907	199315	134387	0
2021-03-12	1917	1918	1881	1890	171243	136302	0
2021-03-15	1946	1960	1924	1946	273813	143131	0
2021-03-16	1948	1951	1919	1925	155859	143403	0
2021-03-17	1918	1962	1914	1950	223718	144830	0
2021-03-18	1949	1957	1928	1948	174728	139838	0
2021-03-19	1936	1966	1910	1917	246486	136652	0
2021-03-22	1927	1937	1879	1893	216820	142560	0
2021-03-23	1896	1914	1884	1912	169616	144168	0
2021-03-24	1918	1950	1918	1934	218890	144084	0
2021-03-25	1939	1954	1927	1948	173978	150919	0
2021-03-26	1949	1984	1940	1983	240579	158965	0
2021-03-29	1989	1993	1965	1974	183328	158490	0
2021-03-30	1973	1981	1957	1959	153063	162291	0
2021-03-31	1922	1933	1901	1903	258385	139644	0
2021-04-01	1886	1894	1873	1887	179472	128180	0
2021-04-02	1891	1896	1879	1885	126765	123259	0
2021-04-06	1886	1909	1883	1900	117384	123207	0
2021-04-07	1910	1933	1908	1925	143504	120276	0
2021-04-08	1920	1933	1917	1924	97271	119901	0
2021-04-09	1937	1958	1935	1954	171819	133993	0
2021-04-12	1952	1957	1923	1930	135930	127213	0
2021-04-13	1929	1986	1920	1955	197538	123076	0
2021-04-14	1948	1989	1947	1988	137192	134289	0
2021-04-15	1987	1995	1979	1989	130250	124019	0
2021-04-16	1988	2014	1974	1991	153802	116528	0
2021-04-19	1990	2016	1990	2006	156517	121900	0
2021-04-20	2017	2053	2009	2019	220052	120061	0
2021-04-21	2013	2027	1995	2023	199806	124827	0
2021-04-22	2048	2072	2038	2067	218772	143778	0
2021-04-23	2066	2071	2052	2062	141710	140294	0
2021-04-26	2044	2046	2024	2035	147017	129533	0
2021-04-27	2061	2080	2043	2075	170518	140591	0
2021-04-28	2065	2090	2063	2072	170263	139921	0
2021-04-29	2070	2083	2063	2081	134194	135442	0
2021-04-30	2073	2093	2067	2093	132817	131281	0
2021-05-06	2057	2119	2034	2109	250008	143708	0
2021-05-07	2102	2102	2065	2089	217857	128907	0
2021-05-10	2101	2154	2100	2143	171651	139454	0
2021-05-11	2117	2210	2117	2206	246820	148662	0
2021-05-12	2208	2252	2200	2241	223941	140990	0
2021-05-13	2256	2329	2209	2264	361956	128035	0
2021-05-14	2257	2288	2190	2191	231419	124160	0
2021-05-17	2236	2262	2220	2243	192349	119890	0
2021-05-18	2259	2314	2249	2310	201550	131152	0
2021-05-19	2281	2298	2201	2249	335360	127234	0
2021-05-20	2178	2252	2157	2250	310918	137634	0
2021-05-21	2255	2280	2205	2236	324020	138216	0
2021-05-24	2223	2227	2185	2224	209132	136178	0
2021-05-25	2242	2254	2193	2199	188223	130012	0
2021-05-26	2211	2228	2187	2224	183253	128663	0
2021-05-27	2217	2226	2148	2163	267944	119138	0
2021-05-28	2235	2264	2213	2239	247943	125701	0
2021-05-31	2273	2304	2273	2295	174250	137360	0
2021-06-01	2304	2304	2274	2294	114185	135074	0
2021-06-02	2288	2339	2285	2328	166092	131320	0
2021-06-03	2359	2438	2352	2431	230849	142249	0
2021-06-04	2392	2407	2367	2387	214725	129271	0
2021-06-07	2441	2451	2357	2387	213074	132363	0
2021-06-08	2380	2387	2329	2384	187242	132573	0
2021-06-09	2407	2407	2327	2355	224486	132191	0
2021-06-10	2339	2343	2299	2301	200612	124289	0
2021-06-11	2291	2329	2276	2318	147013	114153	0
2021-06-15	2288	2298	2245	2266	141999	110039	0
2021-06-16	2249	2254	2180	2181	158376	116391	0
2021-06-17	2177	2208	2160	2169	148252	111528	0
2021-06-18	2131	2159	2122	2142	115264	107415	0
2021-06-21	2188	2236	2181	2212	167289	107689	0
2021-06-22	2220	2222	2192	2210	107560	106684	0
2021-06-23	2223	2270	2217	2256	128744	108732	0
2021-06-24	2272	2312	2272	2311	118594	106512	0
2021-06-25	2326	2349	2270	2292	135141	101052	0
2021-06-28	2328	2328	2209	2221	174481	104025	0
2021-06-29	2228	2254	2217	2246	113871	107200	0
2021-06-30	2259	2304	2259	2297	142374	109131	0
2021-07-01	2282	2300	2262	2296	97009	106165	0
2021-07-02	2293	2293	2266	2283	79951	102513	0
2021-07-05	2253	2253	2221	2228	111768	95142	0
2021-07-06	2236	2309	2236	2296	126564	99152	0
2021-07-07	2235	2279	2226	2274	121667	95935	0
2021-07-08	2268	2294	2258	2287	114886	103221	0
2021-07-09	2302	2326	2284	2323	94965	108066	0
2021-07-12	2355	2387	2349	2377	125726	120303	0
2021-07-13	2377	2397	2362	2392	93998	124336	0
2021-07-14	2419	2446	2407	2415	122484	124158	0
2021-07-15	2383	2398	2360	2384	109916	119428	0
2021-07-16	2412	2439	2397	2430	114002	122533	0
2021-07-19	2433	2502	2415	2491	142116	127235	0
2021-07-20	2446	2485	2443	2470	103535	125545	0
2021-07-21	2486	2511	2463	2487	108061	127169	0
2021-07-22	2501	2509	2460	2471	127967	124744	0
2021-07-23	2505	2553	2494	2519	174558	121557	0
2021-07-26	2524	2529	2495	2514	75889	121283	0
2021-07-27	2541	2543	2499	2513	78217	121591	0
2021-07-28	2512	2539	2508	2538	78132	124627	0
2021-07-29	2544	2573	2514	2527	125597	124300	0
2021-07-30	2532	2536	2457	2487	152487	120975	0
2021-08-02	2445	2476	2431	2463	106637	117582	0
2021-08-03	2449	2455	2427	2452	94169	116875	0
2021-08-04	2471	2505	2469	2503	93386	120380	0
2021-08-05	2453	2462	2434	2447	107156	119854	0
2021-08-06	2471	2500	2463	2484	98151	121703	0
2021-08-09	2461	2483	2447	2476	76664	116107	0
2021-08-10	2465	2510	2465	2491	92084	111390	0
2021-08-11	2494	2507	2486	2496	61975	108600	0
2021-08-12	2488	2493	2393	2393	120045	105834	0
2021-08-13	2396	2400	2343	2364	150967	103459	0
2021-08-16	2369	2402	2353	2357	106199	99933	0
2021-08-17	2358	2380	2349	2365	69557	100273	0
2021-08-18	2363	2387	2361	2380	79946	101559	0
2021-08-19	2355	2366	2327	2365	111122	98501	0
2021-08-20	2354	2361	2280	2282	156810	98572	0
2021-08-23	2288	2315	2256	2284	131143	96564	0
2021-08-24	2282	2282	2246	2264	100652	96099	0
2021-08-25	2258	2260	2174	2184	185059	93845	0
2021-08-26	2185	2215	2168	2197	131000	95074	0
2021-08-27	2187	2228	2186	2217	135688	93799	0
2021-08-30	2284	2339	2278	2339	173351	101786	0
2021-08-31	2331	2348	2311	2340	142803	98308	0
2021-09-01	2368	2380	2339	2359	122837	103145	0
2021-09-02	2352	2366	2325	2358	138726	97970	0
2021-09-03	2360	2409	2344	2397	137052	100835	0
2021-09-06	2370	2427	2366	2422	114024	102815	0
2021-09-07	2385	2455	2382	2450	157316	106012	0
2021-09-08	2436	2475	2424	2461	164435	105717	0
2021-09-09	2482	2592	2480	2591	254252	112766	0
2021-09-10	2593	2617	2511	2535	275196	104382	0
2021-09-13	2553	2565	2494	2511	162492	105377	0
2021-09-14	2506	2531	2475	2492	168894	106230	0
2021-09-15	2457	2553	2442	2546	199948	110696	0
2021-09-16	2623	2644	2623	2643	81074	118001	0
2021-09-17	2679	2688	2635	2669	257766	108931	0
2021-09-22	2784	2821	2730	2820	201548	122857	0
2021-09-23	2783	2893	2780	2885	267324	120879	0
2021-09-24	2865	2876	2706	2731	382636	116311	0
2021-09-27	2793	2943	2793	2818	434614	121427	0
2021-09-28	2844	2890	2802	2847	341266	126058	0
2021-09-29	2793	2897	2791	2875	283693	120400	0
2021-09-30	2883	2932	2854	2911	164823	113622	0
2021-10-08	3101	3111	3017	3037	289322	108851	0
2021-10-11	3101	3248	3085	3210	277950	110678	0
2021-10-12	3212	3298	3160	3258	330677	111420	0
2021-10-13	3222	3224	2992	2993	368248	101381	0
2021-10-14	2921	2970	2841	2916	270331	99148	0
2021-10-15	2887	3019	2856	3007	285030	103632	0
2021-10-18	3033	3150	2961	3149	237982	102960	0
2021-10-19	3121	3235	3099	3140	330185	101067	0
2021-10-20	2940	2940	2928	2928	11681	94336	0
2021-10-21	3003	3067	2791	2826	355977	90911	0
2021-10-22	2834	2850	2696	2722	305408	81588	0
2021-10-25	2727	2774	2653	2697	300779	83016	0
2021-10-26	2672	2747	2595	2714	342400	83972	0
2021-10-27	2621	2625	2438	2463	400392	91693	0
2021-10-28	2348	2600	2343	2515	436169	80597	0
2021-10-29	2510	2519	2375	2389	335149	90237	0
2021-11-01	2340	2412	2288	2296	271689	94650	0
2021-11-02	2305	2329	2195	2261	239021	119177	0
2021-11-03	2281	2411	2253	2391	278622	106391	0
2021-11-04	2307	2413	2305	2369	274638	111213	0
2021-11-05	2341	2388	2314	2350	207329	99714	0
2021-11-08	2394	2402	2318	2346	151165	101129	0
2021-11-09	2341	2371	2286	2287	162275	106382	0
2021-11-10	2253	2300	2200	2289	167094	101593	0
2021-11-11	2285	2335	2269	2306	123893	100392	0
2021-11-12	2284	2285	2238	2244	123342	101273	0
2021-11-15	2248	2259	2199	2244	123883	101620	0
2021-11-16	2245	2305	2238	2257	114167	100231	0
2021-11-17	2234	2275	2233	2261	85462	98917	0
2021-11-18	2246	2266	2195	2201	110561	107348	0
2021-11-19	2190	2217	2155	2174	187634	119118	0
2021-11-22	2196	2212	2165	2176	112457	119529	0
2021-11-23	2185	2230	2176	2213	140657	118372	0
2021-11-24	2235	2311	2235	2301	167487	110492	0
2021-11-25	2324	2369	2324	2367	131693	106739	0
2021-11-26	2321	2361	2301	2323	156390	107594	0
2021-11-29	2360	2411	2348	2350	156603	109684	0
2021-11-30	2358	2359	2271	2295	119712	100114	0
2021-12-01	2296	2349	2295	2303	101249	98078	0
2021-12-02	2265	2284	2246	2262	114240	101347	0
2021-12-03	2249	2250	2171	2197	133325	103400	0
2021-12-06	2207	2235	2193	2205	82323	101351	0
2021-12-07	2247	2273	2234	2264	112048	109140	0
2021-12-08	2251	2253	2178	2200	114340	106497	0
2021-12-09	2213	2257	2211	2237	108378	110066	0
2021-12-10	2251	2266	2228	2245	67419	106933	0
2021-12-13	2250	2318	2228	2307	109204	115570	0
2021-12-14	2312	2332	2291	2323	64950	107152	0
2021-12-15	2333	2359	2325	2350	77727	106962	0
2021-12-16	2364	2444	2364	2443	136695	121520	0
2021-12-17	2450	2455	2383	2403	136848	112181	0
2021-12-20	2376	2393	2305	2321	141022	109560	0
2021-12-21	2320	2322	2278	2295	87937	106095	0
2021-12-22	2306	2317	2270	2278	82150	106323	0
2021-12-23	2299	2338	2276	2325	93851	105388	0
2021-12-24	2370	2417	2368	2417	128628	114521	0
2021-12-27	2411	2438	2362	2382	83283	106209	0
2021-12-28	2400	2410	2368	2393	76255	110202	0
2021-12-29	2393	2398	2366	2384	64794	105919	0
2021-12-30	2391	2410	2371	2405	98891	111445	0
2021-12-31	2399	2429	2375	2418	88836	108539	0
2022-01-04	2473	2518	2453	2465	89031	113010	0
2022-01-05	2486	2497	2456	2474	56949	110346	0
2022-01-06	2461	2467	2389	2424	107988	111387	0
2022-01-07	2441	2542	2419	2537	123892	109172	0
2022-01-10	2520	2563	2517	2537	95846	114879	0
2022-01-11	2512	2523	2482	2521	69603	107546	0
2022-01-12	2546	2568	2527	2531	75469	112275	0
2022-01-13	2552	2560	2494	2507	77593	112991	0
2022-01-14	2520	2565	2509	2521	90088	119491	0
2022-01-17	2487	2491	2442	2475	90859	112312	0
2022-01-18	2470	2494	2448	2487	66280	111046	0
2022-01-19	2520	2602	2520	2549	112121	125361	0
2022-01-20	2536	2575	2533	2558	56037	121035	0
2022-01-21	2547	2597	2534	2576	66536	123327	0
2022-01-24	2550	2571	2517	2562	64126	118206	0
2022-01-25	2525	2562	2519	2542	56195	116987	0
2022-01-26	2548	2576	2533	2575	53943	120555	0
2022-01-27	2615	2626	2558	2562	65926	131627	0
2022-01-28	2557	2562	2513	2523	63626	121816	0
2022-02-07	2567	2644	2535	2636	78666	128371	0
2022-02-08	2664	2681	2642	2653	60195	131589	0
2022-02-09	2623	2631	2581	2602	62167	127484	0
2022-02-10	2630	2656	2628	2644	57177	128521	0
2022-02-11	2617	2646	2533	2533	88832	128204	0
2022-02-14	2560	2562	2478	2483	97408	129527	0
2022-02-15	2480	2500	2429	2440	84661	132591	0
2022-02-16	2444	2474	2444	2470	53197	128207	0
2022-02-17	2442	2458	2408	2444	78534	136335	0
2022-02-18	2466	2502	2433	2442	95885	132175	0
2022-02-21	2443	2449	2424	2436	59432	130273	0
2022-02-22	2478	2479	2380	2382	110309	147478	0
2022-02-23	2401	2415	2357	2369	78972	146216	0
2022-02-24	2378	2432	2351	2411	91352	143463	0
2022-02-25	2384	2435	2273	2316	164746	140980	0
2022-02-28	2394	2424	2381	2419	89160	132846	0
2022-03-01	2406	2463	2382	2424	93001	127113	0
2022-03-02	2477	2541	2464	2526	103049	123638	0
2022-03-03	2543	2627	2539	2625	90904	128788	0
2022-03-04	2596	2615	2557	2593	92018	128468	0
2022-03-07	2738	2742	2679	2697	98459	134588	0
2022-03-08	2703	2742	2664	2715	83203	125866	0
2022-03-09	2738	2738	2653	2685	73615	123349	0
2022-03-10	2602	2711	2587	2709	78834	129502	0
2022-03-11	2701	2717	2635	2710	99575	135103	0
2022-03-14	2696	2732	2658	2717	93915	139257	0
2022-03-15	2671	2717	2667	2681	110862	143801	0
2022-03-16	2704	2710	2595	2648	141205	134672	0
2022-03-17	2647	2653	2617	2650	61683	135009	0
2022-03-18	2682	2728	2681	2727	64065	145322	0
2022-03-21	2788	2887	2783	2843	150639	160813	0
2022-03-22	2811	2858	2792	2805	93024	153861	0
2022-03-23	2797	2813	2743	2749	80837	149627	0
2022-03-24	2786	2801	2739	2757	71093	150632	0
2022-03-25	2760	2766	2709	2720	81565	146061	0
2022-03-28	2690	2767	2684	2737	85068	146556	0
2022-03-29	2725	2737	2672	2710	83383	145953	0
2022-03-30	2714	2746	2714	2742	77325	145094	0
2022-03-31	2750	2783	2724	2726	86846	145955	0
2022-04-01	2694	2729	2685	2687	84303	141092	0
2022-04-06	2703	2751	2691	2718	83408	145459	0
2022-04-07	2698	2729	2693	2706	95921	144884	0
2022-04-08	2694	2694	2632	2633	102700	138767	0
2022-04-11	2630	2650	2626	2639	74096	138705	0
2022-04-12	2638	2665	2614	2657	79971	134727	0
2022-04-13	2681	2720	2680	2703	97107	141289	0
2022-04-14	2706	2724	2693	2716	54699	139159	0
2022-04-15	2775	2807	2763	2799	95985	148231	0
2022-04-18	2796	2823	2786	2813	67886	148826	0
2022-04-19	2827	2844	2779	2792	72720	146460	0
2022-04-20	2799	2807	2769	2795	65876	140784	0
2022-04-21	2794	2818	2774	2817	61239	144684	0
2022-04-22	2811	2831	2801	2814	65249	145256	0
2022-04-25	2803	2856	2771	2786	158724	144379	0
2022-04-26	2807	2928	2802	2925	225539	170505	0
2022-04-27	2925	2939	2901	2934	109432	166896	0
2022-04-28	2942	2996	2941	2989	133040	168629	0
2022-04-29	2964	2965	2888	2905	131602	153923	0
2022-05-05	2947	2963	2903	2959	78351	149921	0
2022-05-06	2936	2957	2918	2945	82123	150166	0
2022-05-09	2967	3005	2960	2972	119642	160230	0
2022-05-10	2914	2918	2844	2895	167077	150603	0
2022-05-11	2886	2923	2864	2895	109847	154015	0
2022-05-12	2934	2934	2869	2894	90496	157647	0
2022-05-13	2904	2915	2859	2907	101249	152318	0
2022-05-16	2906	2926	2878	2915	73459	150134	0
2022-05-17	2934	2981	2934	2941	77491	155966	0
2022-05-18	2935	2938	2904	2913	34571	148616	0
数据来源:通达信
