WRL9 线材指数 日线 前复权
      日期	    开盘	    最高	    最低	    收盘	    成交量	    持仓量	    结算价
2009-03-27	3400	3493	3365	3399	106872	13074	0
2009-03-30	3382	3437	3382	3417	46458	14324	0
2009-03-31	3411	3425	3402	3421	15348	14028	0
2009-04-01	3424	3424	3409	3411	6796	12576	0
2009-04-02	3402	3415	3340	3353	30220	15262	0
2009-04-03	3366	3366	3316	3327	23294	19050	0
2009-04-07	3303	3373	3303	3358	29258	23048	0
2009-04-08	3352	3360	3335	3338	12352	22506	0
2009-04-09	3345	3362	3333	3346	9006	23572	0
2009-04-10	3358	3363	3344	3357	11346	24154	0
2009-04-13	3353	3382	3334	3358	11552	25416	0
2009-04-14	3365	3454	3357	3428	30292	27902	0
2009-04-15	3435	3450	3417	3434	17030	29088	0
2009-04-16	3452	3502	3439	3483	19814	32538	0
2009-04-17	3495	3524	3471	3506	31172	35424	0
2009-04-20	3536	3536	3494	3505	21042	39264	0
2009-04-21	3491	3491	3335	3427	24534	36738	0
2009-04-22	3464	3464	3419	3431	12596	36236	0
2009-04-23	3430	3439	3402	3420	9852	36810	0
2009-04-24	3410	3429	3408	3410	6976	37162	0
2009-04-27	3417	3430	3389	3405	7708	37120	0
2009-04-28	3412	3420	3407	3411	4322	37054	0
2009-04-29	3414	3437	3409	3434	6208	37220	0
2009-04-30	3447	3464	3430	3452	15902	38796	0
2009-05-04	3495	3569	3475	3548	35990	41146	0
2009-05-05	3565	3565	3485	3492	13900	40614	0
2009-05-06	3492	3511	3482	3510	7650	42150	0
2009-05-07	3518	3555	3499	3501	12472	41600	0
2009-05-08	3503	3520	3495	3519	7716	40962	0
2009-05-11	3555	3565	3520	3541	20418	40590	0
2009-05-12	3542	3559	3536	3548	8620	39604	0
2009-05-13	3552	3557	3538	3541	6348	38260	0
2009-05-14	3531	3531	3497	3509	9980	39220	0
2009-05-15	3512	3529	3505	3512	4912	38848	0
2009-05-18	3507	3529	3490	3519	5064	38198	0
2009-05-19	3535	3536	3521	3529	3918	38508	0
2009-05-20	3528	3546	3520	3527	4448	37428	0
2009-05-21	3521	3543	3521	3528	3516	37160	0
2009-05-22	3527	3533	3512	3521	3114	37052	0
2009-05-25	3523	3536	3508	3517	3288	36886	0
2009-05-26	3517	3525	3507	3511	3716	36330	0
2009-05-27	3525	3525	3513	3518	1964	36264	0
2009-06-01	3535	3561	3535	3553	7498	34034	0
2009-06-02	3575	3587	3562	3570	8850	32736	0
2009-06-03	3577	3590	3570	3588	5000	33662	0
2009-06-04	3568	3650	3564	3632	27008	37000	0
2009-06-05	3663	3696	3635	3680	21096	36184	0
2009-06-08	3675	3701	3668	3698	13806	34032	0
2009-06-09	3701	3737	3683	3693	9072	32596	0
2009-06-10	3704	3722	3683	3717	10442	33664	0
2009-06-11	3722	3831	3711	3776	21172	34618	0
2009-06-12	3775	3834	3753	3771	38820	35878	0
2009-06-15	3762	3795	3739	3761	17184	36592	0
2009-06-16	3744	3793	3744	3788	18472	37414	0
2009-06-17	3791	3794	3760	3774	10558	37330	0
2009-06-18	3773	3782	3752	3761	7118	35992	0
2009-06-19	3776	3838	3763	3815	16580	36322	0
2009-06-22	3819	3844	3819	3833	23424	40502	0
2009-06-23	3833	3834	3758	3796	22450	38724	0
2009-06-24	3798	3815	3785	3794	8022	39088	0
2009-06-25	3788	3806	3775	3788	6158	39086	0
2009-06-26	3785	3804	3774	3781	8134	39422	0
2009-06-29	3773	3777	3743	3746	10760	36958	0
2009-06-30	3748	3766	3743	3748	5324	35824	0
2009-07-01	3758	3768	3746	3762	7758	37764	0
2009-07-02	3775	3808	3775	3800	9074	38372	0
2009-07-03	3807	3807	3789	3790	6384	37630	0
2009-07-06	3794	3803	3782	3782	2872	37610	0
2009-07-07	3793	3803	3791	3794	3232	36884	0
2009-07-08	3794	3802	3769	3775	5630	36490	0
2009-07-09	3781	3797	3768	3792	3356	36550	0
2009-07-10	3799	3811	3794	3802	5536	35836	0
2009-07-13	3809	3830	3809	3815	4828	35948	0
2009-07-14	3844	3844	3820	3826	5424	36032	0
2009-07-15	3823	3880	3823	3880	12084	36560	0
2009-07-16	3904	3921	3879	3904	8258	35656	0
2009-07-17	3905	3906	3882	3890	4898	34704	0
2009-07-20	3898	3912	3894	3911	5030	33378	0
2009-07-21	3913	3930	3911	3925	4048	32812	0
2009-07-22	3948	3970	3928	3965	7622	31192	0
2009-07-23	3995	4005	3968	4001	5466	30550	0
2009-07-24	4040	4075	4007	4060	8532	30778	0
2009-07-27	4093	4129	4079	4123	7506	30612	0
2009-07-28	4120	4216	4114	4211	8862	30508	0
2009-07-29	4207	4291	4206	4263	22690	27102	0
2009-07-30	4246	4318	4244	4310	12574	25612	0
2009-07-31	4363	4487	4338	4485	15424	21732	0
2009-08-03	4636	4717	4628	4710	15882	22490	0
2009-08-04	4777	4877	4653	4701	16836	19950	0
2009-08-05	4701	4782	4689	4738	14280	17608	0
2009-08-06	4742	4758	4681	4723	8588	17884	0
2009-08-07	4695	4711	4533	4547	12914	15846	0
2009-08-10	4547	4602	4481	4526	14922	14844	0
2009-08-11	4563	4565	4470	4540	8276	14960	0
2009-08-12	4543	4547	4471	4476	7648	14896	0
2009-08-13	4453	4533	4453	4466	11312	15896	0
2009-08-14	4466	4481	4312	4336	16918	16948	0
2009-08-17	4314	4343	4197	4242	15420	16728	0
2009-08-18	4245	4300	4227	4241	12086	17562	0
2009-08-19	4264	4264	4038	4038	20490	24678	0
2009-08-20	4042	4121	3968	4110	32084	23084	0
2009-08-21	4106	4234	4077	4194	32692	20842	0
2009-08-24	4309	4313	4169	4202	21226	22210	0
2009-08-25	4157	4164	4102	4131	18478	21958	0
2009-08-26	4090	4175	4086	4154	18774	23838	0
2009-08-27	4139	4172	4112	4151	20546	23024	0
2009-08-28	4148	4192	4120	4129	19822	24500	0
2009-08-31	4147	4147	4003	4013	19896	24460	0
2009-09-01	4017	4019	3951	3974	17814	25536	0
2009-09-02	3852	3932	3852	3877	22068	27654	0
2009-09-03	3887	3923	3860	3883	23216	30886	0
2009-09-04	3867	3887	3856	3865	15346	32192	0
2009-09-07	3866	3870	3761	3763	19420	33120	0
2009-09-08	3756	3799	3734	3777	18168	34496	0
2009-09-09	3781	3852	3781	3849	21678	35092	0
2009-09-10	3853	3866	3813	3815	11996	34908	0
2009-09-11	3820	3835	3798	3810	9904	34188	0
2009-09-14	3774	3807	3728	3805	8594	32246	0
2009-09-15	3812	3830	3787	3803	5034	32726	0
2009-09-16	3803	3846	3802	3845	9010	33256	0
2009-09-17	3863	3868	3802	3804	11294	33912	0
2009-09-18	3788	3804	3778	3800	10178	31988	0
2009-09-21	3801	3814	3764	3812	7888	31800	0
2009-09-22	3810	3813	3773	3773	4762	31572	0
2009-09-23	3779	3784	3732	3732	8858	29836	0
2009-09-24	3718	3719	3674	3685	12072	27912	0
2009-09-25	3673	3673	3641	3643	8816	27384	0
2009-09-28	3639	3640	3508	3523	12366	25492	0
2009-09-29	3530	3576	3484	3556	6340	24190	0
2009-09-30	3581	3612	3538	3570	4052	23486	0
2009-10-09	3597	3632	3461	3556	5016	23574	0
2009-10-12	3499	3553	3497	3545	10180	25250	0
2009-10-13	3559	3562	3517	3518	8264	26160	0
2009-10-14	3515	3538	3510	3534	4514	26836	0
2009-10-15	3527	3577	3527	3574	8994	28462	0
2009-10-16	3603	3633	3597	3633	11356	27354	0
2009-10-19	3631	3739	3631	3673	25590	30688	0
2009-10-20	3689	3697	3631	3655	15596	30388	0
2009-10-21	3644	3695	3633	3686	13450	31812	0
2009-10-22	3731	3743	3672	3673	13252	32448	0
2009-10-23	3672	3706	3670	3697	10986	33428	0
2009-10-26	3701	3771	3699	3768	22042	36890	0
2009-10-27	3754	3792	3748	3764	15904	35706	0
2009-10-28	3767	3768	3676	3687	11698	35066	0
2009-10-29	3657	3670	3635	3660	11008	32500	0
2009-10-30	3713	3713	3677	3709	11294	33298	0
2009-11-02	3703	3742	3660	3742	8864	33498	0
2009-11-03	3742	3767	3725	3732	13374	34500	0
2009-11-04	3722	3754	3722	3747	6234	33884	0
2009-11-05	3748	3766	3740	3764	4826	33166	0
2009-11-06	3760	3816	3760	3816	9810	32314	0
2009-11-09	3810	3908	3810	3904	12176	31008	0
2009-11-10	3937	3968	3890	3894	8608	30876	0
2009-11-11	3885	3938	3877	3914	5918	30090	0
2009-11-12	3916	3930	3898	3908	3816	29728	0
2009-11-13	3853	3938	3853	3933	4132	29614	0
2009-11-16	3957	3978	3937	3957	5514	29970	0
2009-11-17	4044	4172	4020	4022	2586	25050	0
2009-11-18	4015	4098	4012	4048	3746	24676	0
2009-11-19	4035	4096	4035	4085	5254	25180	0
2009-11-20	4090	4120	4075	4082	3888	25110	0
2009-11-23	4086	4130	4086	4128	5720	25916	0
2009-11-24	4125	4148	4060	4084	6510	25072	0
2009-11-25	4092	4163	4073	4122	3644	25168	0
2009-11-26	4120	4150	4088	4108	4770	24980	0
2009-11-27	4099	4100	3987	3998	8546	22720	0
2009-11-30	4052	4077	4032	4057	4616	23004	0
2009-12-01	4050	4067	4023	4051	3836	23380	0
2009-12-02	4076	4089	4056	4084	3058	23322	0
2009-12-03	4075	4106	4075	4106	2956	23700	0
2009-12-04	4098	4112	4076	4109	2194	23434	0
2009-12-07	4101	4148	4097	4142	3610	23374	0
2009-12-08	4132	4132	4091	4107	4730	23108	0
2009-12-09	4092	4092	4060	4071	3258	23184	0
2009-12-10	4072	4112	4072	4110	3138	23270	0
2009-12-11	4117	4180	4117	4161	2586	23354	0
2009-12-14	4155	4181	4136	4177	3338	23344	0
2009-12-15	4117	4181	4085	4164	4632	23382	0
2009-12-16	4170	4198	4170	4188	1712	22448	0
2009-12-17	4206	4212	4187	4192	2794	22144	0
2009-12-18	4174	4195	4174	4191	1880	21786	0
2009-12-21	4176	4213	4165	4210	1926	21656	0
2009-12-22	4212	4225	4208	4215	2458	21354	0
2009-12-23	4213	4233	4201	4208	2456	21782	0
2009-12-24	4206	4241	4204	4237	2716	22132	0
2009-12-25	4244	4247	4218	4245	1244	22022	0
2009-12-28	4282	4286	4244	4279	2738	22374	0
2009-12-29	4287	4287	4240	4265	2472	22266	0
2009-12-30	4261	4264	4251	4253	1702	22406	0
2009-12-31	4247	4265	4236	4258	1918	22916	0
2010-01-04	4278	4319	4278	4316	4906	23454	0
2010-01-05	4293	4344	4293	4326	3938	24518	0
2010-01-06	4309	4364	4309	4357	4862	26168	0
2010-01-07	4348	4396	4237	4286	6312	25772	0
2010-01-08	4287	4298	4256	4282	3010	25182	0
2010-01-11	4311	4337	4287	4332	2678	25564	0
2010-01-12	4311	4320	4296	4313	3162	26816	0
2010-01-13	4221	4275	4192	4252	2690	26504	0
2010-01-14	4343	4343	4268	4268	1862	26710	0
2010-01-15	4246	4274	4219	4223	2194	26700	0
2010-01-18	4190	4254	4190	4247	1410	26108	0
2010-01-19	4271	4274	4239	4249	1714	26432	0
2010-01-20	4250	4255	4226	4235	776	26556	0
2010-01-21	4218	4230	4212	4230	1756	26288	0
2010-01-22	4222	4232	4151	4158	1758	25902	0
2010-01-25	4170	4172	4145	4145	1528	25668	0
2010-01-26	4140	4165	4127	4134	1580	25656	0
2010-01-27	4137	4167	4137	4164	1750	26234	0
2010-01-28	4147	4152	4110	4137	2320	26776	0
2010-01-29	4123	4151	4123	4140	944	26724	0
2010-02-01	4143	4173	4124	4134	878	26660	0
2010-02-02	4142	4148	3978	4004	3958	25938	0
2010-02-03	4016	4028	3974	4023	2024	25894	0
2010-02-04	4015	4015	3959	3982	1296	25722	0
2010-02-05	3919	3970	3919	3970	1604	25520	0
2010-02-08	3978	3998	3977	3989	1132	25310	0
2010-02-09	3980	4016	3980	4010	1326	25062	0
2010-02-10	4061	4069	4022	4061	964	24356	0
2010-02-11	4078	4080	4054	4073	684	24260	0
2010-02-12	4073	4138	4066	4138	848	24180	0
2010-02-22	4245	4245	4091	4091	2202	24344	0
2010-02-23	4044	4139	4044	4130	2100	24542	0
2010-02-24	4121	4121	4098	4112	1202	24466	0
2010-02-25	4142	4142	4071	4092	3240	24500	0
2010-02-26	4081	4100	4079	4098	2950	24922	0
2010-03-01	4105	4141	4087	4117	1684	25228	0
2010-03-02	4083	4101	4061	4070	1472	25032	0
2010-03-03	4078	4079	4050	4071	1586	25044	0
2010-03-04	4051	4069	4039	4044	902	25046	0
2010-03-05	4065	4069	4049	4067	1350	24974	0
2010-03-08	4002	4112	4002	4102	966	25030	0
2010-03-09	4100	4120	4090	4120	628	24864	0
2010-03-10	4126	4138	4115	4125	770	24876	0
2010-03-11	4138	4139	4119	4136	1802	24542	0
2010-03-12	4165	4165	4135	4151	1274	24620	0
2010-03-15	4158	4171	4147	4171	3176	24560	0
2010-03-16	4196	4300	4196	4296	5230	23078	0
2010-03-17	4325	4342	4281	4285	3210	23320	0
2010-03-18	4285	4288	4265	4266	1928	22938	0
2010-03-19	4249	4292	4249	4291	1400	22768	0
2010-03-22	4275	4331	4275	4312	4108	22088	0
2010-03-23	4321	4324	4309	4310	2426	21756	0
2010-03-24	4312	4368	4301	4365	6110	21326	0
2010-03-25	4398	4410	4376	4406	3754	21526	0
2010-03-26	4415	4458	4407	4413	4222	21612	0
2010-03-29	4404	4451	4404	4423	4734	21194	0
2010-03-30	4424	4429	4386	4391	7588	20966	0
2010-03-31	4389	4390	4365	4376	1570	20798	0
2010-04-01	4379	4393	4355	4383	1562	20856	0
2010-04-02	4396	4402	4385	4394	2180	20756	0
2010-04-06	4413	4451	4413	4448	2294	20922	0
2010-04-07	4454	4482	4450	4481	3864	21688	0
2010-04-08	4500	4500	4467	4474	3516	21894	0
2010-04-09	4480	4514	4471	4514	1308	22020	0
2010-04-12	4531	4558	4520	4553	3678	22372	0
2010-04-13	4555	4589	4554	4588	5384	22510	0
2010-04-14	4596	4613	4577	4593	5486	22972	0
2010-04-15	4593	4599	4553	4560	4856	22742	0
2010-04-16	4560	4599	4552	4598	3384	20334	0
2010-04-19	4579	4581	4523	4525	4242	20042	0
2010-04-20	4537	4557	4528	4535	1468	19842	0
2010-04-21	4544	4546	4508	4510	2006	20168	0
2010-04-22	4507	4532	4500	4503	1980	20066	0
2010-04-23	4480	4512	4480	4484	1478	20022	0
2010-04-26	4500	4504	4461	4462	1410	19952	0
2010-04-27	4438	4467	4397	4408	1660	19868	0
2010-04-28	4357	4380	4301	4334	2800	19572	0
2010-04-29	4330	4356	4324	4332	968	19408	0
2010-04-30	4339	4429	4338	4407	2156	19798	0
2010-05-04	4382	4415	4374	4407	1668	19978	0
2010-05-05	4379	4405	4365	4401	1902	19920	0
2010-05-06	4402	4404	4390	4393	1562	20018	0
2010-05-07	4320	4360	4317	4339	4050	19904	0
2010-05-10	4359	4366	4304	4309	4476	18430	0
2010-05-11	4330	4340	4280	4286	3120	18178	0
2010-05-12	4239	4249	4172	4206	5356	17136	0
2010-05-13	4196	4213	4151	4163	2550	16800	0
2010-05-14	4161	4178	4127	4127	1970	16522	0
2010-05-17	4111	4165	4060	4070	6282	14962	0
2010-05-18	4102	4130	4058	4113	4558	7482	0
2010-05-19	4056	4136	4049	4123	2102	7464	0
2010-05-20	4120	4174	4120	4141	2186	7072	0
2010-05-21	4087	4141	4072	4141	1938	7158	0
2010-05-24	4193	4198	4153	4195	1722	7336	0
2010-05-25	4204	4204	4162	4162	876	7430	0
2010-05-26	4219	4261	4158	4175	942	7564	0
2010-05-27	4178	4180	4142	4170	1686	7454	0
2010-05-28	4193	4213	4164	4169	1004	7490	0
2010-05-31	4148	4161	4129	4138	1168	7744	0
2010-06-01	4116	4148	4114	4117	2964	7534	0
2010-06-02	4151	4151	4104	4126	1952	7392	0
2010-06-03	4135	4153	4132	4141	858	7294	0
2010-06-04	4100	4135	4100	4135	642	7310	0
2010-06-07	4102	4102	3993	3995	2582	7168	0
2010-06-08	4008	4046	4005	4035	834	7026	0
2010-06-09	4049	4069	4039	4069	1422	7036	0
2010-06-10	4065	4075	4057	4064	380	7040	0
2010-06-11	4087	4096	4076	4092	462	6954	0
2010-06-17	4102	4156	4102	4137	2172	6992	0
2010-06-18	4139	4150	4121	4122	1188	6430	0
2010-06-21	4137	4179	4118	4169	1870	5874	0
2010-06-22	4134	4191	4134	4148	632	5774	0
2010-06-23	4046	4118	4046	4092	1510	5554	0
2010-06-24	4103	4119	4101	4112	474	5418	0
2010-06-25	4109	4114	4092	4097	674	5320	0
2010-06-28	4098	4116	4059	4059	2028	5392	0
2010-06-29	4047	4059	4021	4027	1590	5116	0
2010-06-30	4005	4015	3988	4011	764	4990	0
2010-07-01	4019	4019	3995	4005	792	4876	0
2010-07-02	3965	4030	3965	4022	1530	4642	0
2010-07-05	4029	4029	4007	4026	954	4466	0
2010-07-06	4026	4028	4011	4015	358	4356	0
2010-07-07	3986	4023	3986	4014	478	4318	0
2010-07-08	4027	4029	3997	4004	852	4280	0
2010-07-09	4001	4005	3986	4004	608	4222	0
2010-07-12	4006	4010	3989	4004	346	4182	0
2010-07-13	3982	3997	3982	3996	608	3986	0
2010-07-14	3942	4010	3942	3989	1044	3876	0
2010-07-15	3980	4004	3980	3992	556	3764	0
2010-07-16	3992	4016	3992	4012	350	3752	0
2010-07-19	4002	4068	4002	4062	1000	3680	0
2010-07-20	4088	4104	4061	4099	810	3632	0
2010-07-21	4108	4125	4094	4124	728	3574	0
2010-07-22	4116	4124	4106	4109	500	3480	0
2010-07-23	4129	4151	4129	4146	278	3382	0
2010-07-26	4154	4154	4133	4133	274	3334	0
2010-07-27	4124	4224	4102	4104	294	3290	0
2010-07-28	4083	4163	4083	4153	288	3230	0
2010-07-29	4153	4166	4137	4160	336	3150	0
2010-07-30	4166	4203	4154	4203	328	3062	0
2010-08-02	4257	4269	4241	4260	376	3034	0
2010-08-03	4272	4272	4251	4252	372	3018	0
2010-08-04	4253	4280	4235	4276	268	3006	0
2010-08-05	4278	4301	4255	4272	398	2988	0
2010-08-06	4272	4297	4262	4283	178	2962	0
2010-08-09	4310	4356	4310	4328	264	2882	0
2010-08-10	4336	4352	4336	4348	192	2864	0
2010-08-11	4356	4391	4356	4374	420	2910	0
2010-08-12	4346	4363	4327	4341	278	2880	0
2010-08-13	4350	4365	4341	4363	260	2820	0
2010-08-16	4364	4398	4358	4393	370	2718	0
2010-08-17	4428	4428	4389	4401	406	2744	0
2010-08-18	4471	4472	4397	4397	264	2666	0
2010-08-19	4410	4410	4390	4401	168	2590	0
2010-08-20	4372	4387	4363	4363	372	2598	0
2010-08-23	4306	4388	4306	4342	360	2538	0
2010-08-24	4332	4375	4332	4344	272	2480	0
2010-08-25	4341	4350	4325	4331	380	2330	0
2010-08-26	4339	4362	4339	4355	128	2318	0
2010-08-27	4382	4384	4352	4363	252	2264	0
2010-08-30	4386	4410	4362	4399	292	2200	0
2010-08-31	4394	4412	4392	4395	508	1900	0
2010-09-01	4391	4414	4391	4405	310	1698	0
2010-09-02	4413	4414	4402	4402	218	1602	0
2010-09-03	4402	4403	4385	4387	164	1476	0
2010-09-06	4420	4564	4420	4554	950	1076	0
2010-09-07	4528	4554	4517	4532	226	1004	0
2010-09-08	4499	4536	4499	4518	240	974	0
2010-09-09	4514	4514	4394	4434	290	904	0
2010-09-10	4462	4587	4439	4538	508	1216	0
2010-09-13	4669	4669	4523	4528	436	1178	0
2010-09-14	4514	4518	4477	4478	478	1162	0
2010-09-15	4465	4472	4461	4463	104	1134	0
2010-09-16	4464	4489	4455	4465	150	1070	0
2010-09-17	4478	4478	4459	4459	42	1046	0
2010-09-20	4549	4549	4428	4470	492	1076	0
2010-09-21	4482	4486	4340	4358	200	984	0
2010-09-27	4379	4414	4379	4398	200	978	0
2010-09-28	4373	4375	4346	4357	110	946	0
2010-09-29	4389	4415	4273	4415	166	882	0
2010-09-30	4359	4481	4244	4481	152	838	0
2010-10-08	4638	4638	4553	4553	46	818	0
2010-10-11	4490	4542	4471	4515	172	772	0
2010-10-12	4471	4471	4438	4438	34	774	0
2010-10-13	4500	4597	4462	4597	146	658	0
2010-10-14	4480	4561	4480	4542	128	656	0
2010-10-15	4495	4554	4489	4554	122	650	0
2010-10-18	4586	4593	4563	4564	188	526	0
2010-10-19	4537	4538	4522	4534	60	534	0
2010-10-20	4469	4479	4360	4364	202	398	0
2010-10-21	4465	4474	4444	4461	86	376	0
2010-10-22	4455	4456	4451	4451	44	374	0
2010-10-25	4436	4506	4436	4482	116	348	0
2010-10-26	4484	4486	4471	4471	30	334	0
2010-10-27	4486	4486	4457	4468	26	326	0
2010-10-28	4481	4483	4469	4469	66	308	0
2010-10-29	4464	4601	4459	4496	38	304	0
2010-11-01	4477	4504	4462	4493	132	308	0
2010-11-02	4494	4511	4494	4511	14	306	0
2010-11-03	4523	4523	4514	4517	10	308	0
2010-11-04	4511	4514	4486	4514	30	300	0
2010-11-05	4565	4647	4552	4618	106	278	0
2010-11-08	4625	4625	4503	4503	36	272	0
2010-11-09	4657	4657	4627	4634	66	262	0
2010-11-10	4810	4867	4667	4668	210	212	0
2010-11-11	4575	4731	4575	4668	164	204	0
2010-11-12	4638	4671	4496	4561	384	228	0
2010-11-15	4592	4632	4564	4598	96	222	0
2010-11-16	4462	4642	4462	4597	592	224	0
2010-11-17	4501	4602	4501	4561	240	226	0
2010-11-18	4599	4605	4562	4601	68	212	0
2010-11-19	4681	4688	4637	4673	84	194	0
2010-11-22	4642	4730	4642	4678	148	174	0
2010-11-23	4682	4685	4659	4680	30	164	0
2010-11-24	4673	4705	4673	4705	18	160	0
2010-11-25	4732	4732	4697	4697	46	152	0
2010-11-26	4794	4794	4626	4650	114	120	0
2010-11-29	4692	4692	4658	4658	8	120	0
2010-11-30	4649	4662	4626	4662	38	124	0
2010-12-01	4685	4685	4624	4663	34	112	0
2010-12-02	4774	4774	4670	4670	20	108	0
2010-12-03	4713	4723	4674	4677	34	104	0
2010-12-06	4685	4694	4654	4684	52	108	0
2010-12-07	4605	4719	4605	4707	12	104	0
2010-12-08	4568	4621	4568	4621	10	104	0
2010-12-09	4618	4619	4618	4619	4	104	0
2010-12-10	4666	4691	4666	4691	14	104	0
2010-12-13	4562	4703	4562	4672	30	106	0
2010-12-14	4685	4714	4666	4671	38	104	0
2010-12-15	4688	4702	4688	4694	10	104	0
2010-12-16	4703	4705	4703	4705	2	104	0
2010-12-17	4705	4705	4702	4702	42	102	0
2010-12-20	4782	4782	4721	4723	18	104	0
2010-12-22	4621	4714	4621	4714	54	106	0
2010-12-23	4692	4746	4692	4702	14	106	0
2010-12-24	4678	4753	4678	4718	40	108	0
2010-12-27	4660	4691	4660	4676	14	106	0
2010-12-28	4689	4691	4689	4690	8	106	0
2010-12-29	4706	4733	4702	4733	20	96	0
2010-12-30	4684	4684	4680	4684	18	86	0
2010-12-31	4619	4634	4619	4634	8	78	0
2011-01-04	4851	4851	4802	4802	8	74	0
2011-01-05	4852	4852	4728	4728	12	74	0
2011-01-06	4777	4781	4772	4781	14	70	0
2011-01-07	4744	4744	4734	4734	24	70	0
2011-01-10	4665	5064	4643	4710	32	74	0
2011-01-11	4721	4755	4721	4755	12	72	0
2011-01-13	4740	4782	4727	4782	152	74	0
2011-01-14	4696	4869	4696	4848	20	70	0
2011-01-17	4915	4915	4811	4852	18	68	0
2011-01-18	4916	4924	4868	4868	46	76	0
2011-01-19	4822	4823	4811	4811	10	74	0
2011-01-21	4804	4874	4804	4874	202	272	0
2011-02-24	4857	4900	4857	4900	208	72	0
2011-02-25	4831	4840	4827	4836	38	70	0
2011-03-02	4991	4991	4833	4838	48	70	0
2011-03-03	4772	4922	4772	4853	98	50	0
2011-03-04	4856	4856	4856	4856	16	54	0
2011-03-07	4850	4859	4850	4856	16	48	0
2011-03-09	4705	4864	4705	4788	18	48	0
2011-03-10	4794	4794	4794	4794	18	52	0
2011-03-11	4785	4785	4774	4774	4	52	0
2011-03-14	4738	4756	4738	4755	12	46	0
2011-03-15	4798	4798	4753	4763	38	44	0
2011-03-16	4798	4884	4798	4884	34	58	0
2011-03-17	4858	4858	4844	4855	34	52	0
2011-03-18	4855	4855	4826	4826	28	44	0
2011-03-21	4797	4797	4797	4797	8	44	0
2011-03-22	4772	4905	4700	4810	80	46	0
2011-03-28	4943	4943	4806	4827	138	46	0
2011-03-29	4785	4795	4776	4792	14	42	0
2011-04-06	4822	4865	4822	4865	18	32	0
2011-04-08	4836	4836	4836	4836	10	32	0
2011-04-15	4732	4735	4659	4728	22	34	0
2011-04-18	4865	4865	4838	4838	10	34	0
2011-04-19	4808	4808	4654	4654	18	36	0
2011-04-21	4738	4777	4738	4777	24	28	0
2011-04-22	4950	4950	4583	4750	56	26	0
2011-04-25	4820	4820	4820	4820	132	54	0
2011-04-26	4868	4908	4822	4890	36	56	0
2011-04-27	4845	4847	4834	4837	34	56	0
2011-04-28	4780	4923	4780	4867	20	44	0
2011-04-29	4881	4886	4880	4880	6	42	0
2011-05-03	4917	4932	4900	4919	20	48	0
2011-05-04	4942	4942	4826	4826	28	22	0
2011-05-11	4974	4987	4965	4987	14	20	0
2011-05-16	4836	4868	4816	4826	50	24	0
2011-05-19	4937	4937	4809	4809	20	24	0
2011-05-20	4644	4702	4644	4644	6	24	0
2011-05-23	5026	5026	4771	4808	44	30	0
2011-06-02	4783	4816	4783	4791	14	16	0
2011-06-21	4795	4795	4759	4759	6	18	0
2011-06-23	4802	4802	4748	4802	8	18	0
2011-07-20	4910	4910	4910	4910	2	18	0
2011-07-26	4893	4893	4892	4892	2	16	0
2011-07-27	4595	4595	4595	4595	2	16	0
2011-07-29	4864	4995	4864	4995	24	20	0
2011-08-01	5036	5041	4834	4923	140	32	0
2011-08-05	4797	4830	4756	4769	22	22	0
2011-08-12	4760	4760	4760	4760	42	18	0
2011-08-16	4783	4790	4783	4790	6	14	0
2011-08-24	4809	4819	4809	4819	2	16	0
2011-08-25	4820	4836	4820	4834	6	12	0
2011-08-29	4749	4753	4731	4753	10	10	0
2011-09-02	4802	4802	4796	4796	6	6	0
2011-09-07	4861	4874	4861	4874	6	10	0
2011-09-14	4713	4713	4713	4713	8	20	0
2011-09-15	4703	4746	4703	4746	72	16	0
2011-09-19	4707	4775	4561	4612	10	12	0
2011-09-20	4637	4645	4571	4571	170	10	0
2011-09-22	4654	4680	4654	4680	4	8	0
2011-09-23	4543	4632	4504	4504	16	8	0
2011-09-29	4550	4550	4284	4386	14	6	0
2011-10-11	4459	4459	4314	4388	72	8	0
2011-10-13	4519	4519	4387	4421	10	8	0
2011-10-17	4215	4230	4215	4230	14	8	0
2011-10-19	4038	4111	4038	4111	18	10	0
2011-10-20	4019	4027	3884	3895	38	30	0
2011-10-21	3899	3920	3853	3920	72	30	0
2011-10-24	4092	4092	3934	3951	284	28	0
2011-10-25	3913	3992	3841	3979	30	26	0
2011-10-28	4109	4109	3921	3949	80	26	0
2011-10-31	4115	4115	4011	4038	84	26	0
2011-11-01	4067	4156	4058	4081	48	26	0
2011-11-02	4130	4130	3937	3985	50	24	0
2011-11-03	4022	4050	4022	4050	20	26	0
2011-11-04	4080	4157	4036	4157	34	32	0
2011-11-07	4056	4056	4050	4050	194	30	0
2011-11-08	4221	4223	4027	4090	48	50	0
2011-11-09	4120	4143	4119	4119	68	58	0
2011-11-10	3952	3971	3948	3953	140	64	0
2011-11-14	4119	4123	4118	4118	44	52	0
2011-12-09	4132	4231	4132	4132	128	28	0
2011-12-14	4123	4151	4090	4090	44	38	0
2011-12-15	4093	4103	4093	4103	12	38	0
2011-12-16	4111	4139	4111	4139	6	36	0
2011-12-26	4178	4178	4175	4175	28	28	0
2012-01-04	4198	4198	4161	4161	30	40	0
2012-01-05	4133	4133	4127	4127	12	30	0
2012-01-17	4201	4333	4201	4232	136	48	0
2012-01-19	4194	4310	4194	4273	14	50	0
2012-02-16	4155	4171	4151	4164	32	36	0
2012-02-22	4155	4155	4155	4155	8	32	0
2012-02-23	4163	4242	4163	4242	8	28	0
2012-02-27	4154	4234	4154	4192	16	26	0
2012-02-28	4240	4240	4212	4225	22	34	0
2012-02-29	4209	4221	4191	4221	18	26	0
2012-03-01	4252	4252	4211	4211	6	26	0
2012-03-02	4252	4252	4238	4247	26	34	0
2012-03-05	4170	4170	4170	4170	6	30	0
2012-03-08	4227	4231	4215	4215	16	32	0
2012-03-09	4240	4240	4240	4240	6	32	0
2012-03-16	4202	4204	4202	4204	6	38	0
2012-03-20	4210	4249	4210	4213	20	38	0
2012-03-21	4236	4269	4226	4253	46	44	0
2012-03-26	4232	4251	4232	4246	12	44	0
2012-04-05	4234	4234	4231	4231	6	36	0
2012-04-06	4261	4297	4249	4265	70	40	0
2012-04-10	4253	4261	4248	4248	10	38	0
2012-04-16	4260	4271	4260	4267	8	38	0
2012-04-17	4215	4251	4215	4216	8	38	0
2012-04-19	4277	4288	4262	4275	36	40	0
2012-05-02	3984	4021	3984	4021	18	40	0
2012-05-04	4125	4125	4125	4125	4	40	0
2012-05-08	4284	4284	4268	4277	10	44	0
2012-05-09	4041	4079	4038	4061	38	44	0
2012-05-10	4049	4118	4049	4118	32	46	0
2012-05-15	3981	3997	3949	3949	28	44	0
2012-05-16	3992	3992	3860	3881	30	48	0
2012-05-17	4009	4009	4002	4002	4	50	0
2012-05-18	3894	3894	3890	3890	6	52	0
2012-05-21	3965	3965	3955	3955	6	54	0
2012-05-23	3766	3925	3766	3897	16	54	0
2012-05-24	3884	3884	3874	3880	4	56	0
2012-05-28	3844	3859	3840	3840	12	56	0
2012-05-29	3949	3964	3949	3964	4	58	0
2012-05-30	3939	3939	3935	3935	10	60	0
2012-05-31	3819	4163	3819	4163	58	24	0
2012-06-01	4009	4097	4009	4066	574	26	0
2012-06-04	4031	4068	3951	3951	36	46	0
2012-06-05	4058	4155	4058	4153	34	18	0
2012-06-11	4171	4171	4122	4137	12	18	0
2012-06-15	4147	4147	4094	4098	6	20	0
2012-06-19	4152	4154	4125	4145	416	24	0
2012-06-27	4062	4110	4027	4097	50	46	0
2012-07-02	4040	4055	4021	4053	30	44	0
2012-07-10	4019	4023	4019	4023	4	40	0
2012-07-11	4234	4234	4006	4006	22	48	0
2012-07-16	3985	3989	3973	3982	24	40	0
2012-07-17	3923	3923	3917	3917	8	38	0
2012-07-18	3935	3935	3935	3935	16	44	0
2012-07-20	3925	3926	3911	3911	10	44	0
2012-07-23	3758	3802	3758	3778	8	42	0
2012-07-24	3757	3757	3712	3747	42	28	0
2012-07-25	3733	3808	3705	3705	20	28	0
2012-07-26	3751	3752	3751	3752	4	24	0
2012-07-27	3783	3807	3779	3803	34	26	0
2012-07-30	3811	3840	3787	3792	60	68	0
2012-07-31	3821	3821	3818	3818	12	56	0
2012-08-01	3788	3808	3735	3768	236	68	0
2012-08-02	3751	3764	3751	3764	24	48	0
2012-08-03	3767	3767	3767	3767	2	46	0
2012-08-06	3770	3770	3747	3749	8	46	0
2012-08-10	3759	3791	3759	3780	12	54	0
2012-08-13	3845	3845	3758	3759	20	60	0
2012-08-14	3753	3766	3730	3743	96	42	0
2012-08-16	3733	3807	3731	3767	30	40	0
2012-08-17	3726	3745	3686	3686	54	78	0
2012-08-20	3736	3736	3693	3694	18	66	0
2012-08-21	3688	3688	3665	3665	6	66	0
2012-08-22	3668	3703	3659	3664	28	66	0
2012-08-23	3694	3706	3688	3691	6	66	0
2012-08-24	3663	3663	3646	3646	30	62	0
2012-08-27	3647	3647	3608	3635	10	60	0
2012-08-28	3642	3642	3581	3592	14	60	0
2012-08-29	3566	3575	3483	3561	24	62	0
2012-08-30	3586	3603	3571	3573	22	62	0
2012-09-03	3491	3491	3491	3491	6	64	0
2012-09-04	3505	3505	3426	3426	28	58	0
2012-09-05	3416	3416	3415	3416	4	60	0
2012-09-07	3473	3534	3471	3508	16	62	0
2012-09-10	3663	3675	3536	3675	86	52	0
2012-09-11	3634	3634	3598	3602	14	50	0
2012-09-12	3608	3612	3572	3600	32	54	0
2012-09-13	3586	3605	3460	3559	170	34	0
2012-09-14	3693	3693	3596	3672	28	28	0
2012-09-17	3702	3702	3702	3702	14	24	0
2012-09-19	3731	3758	3726	3758	6	28	0
2012-09-20	3815	3815	3642	3671	40	36	0
2012-09-21	3638	3650	3638	3650	8	32	0
2012-09-24	3706	3811	3644	3724	62	30	0
2012-09-25	3689	3689	3689	3689	2	28	0
2012-09-27	3737	3737	3737	3737	2	28	0
2012-09-28	3726	3726	3726	3726	2	28	0
2012-10-08	3796	3798	3796	3798	4	28	0
2012-10-09	3828	3828	3782	3828	16	36	0
2012-10-10	3825	3835	3825	3835	6	36	0
2012-10-11	3794	3795	3794	3795	4	34	0
2012-10-12	3817	3842	3806	3806	18	34	0
2012-10-15	3753	3758	3735	3755	26	24	0
2012-10-16	3667	3681	3625	3667	64	24	0
2012-10-17	3765	3766	3700	3700	22	24	0
2012-10-18	3742	3746	3736	3736	6	24	0
2012-10-19	3736	3736	3736	3736	2	24	0
2012-10-23	3743	3743	3684	3735	50	24	0
2012-10-24	3762	3762	3730	3730	4	24	0
2012-10-25	3753	3753	3753	3753	2	24	0
2012-10-26	3748	3754	3748	3750	46	32	0
2012-10-29	3754	3754	3711	3711	24	36	0
2012-11-01	3722	3749	3722	3749	6	28	0
2012-11-02	3772	3772	3772	3772	2	28	0
2012-11-05	3745	3745	3745	3745	2	28	0
2012-11-07	3747	3747	3743	3743	24	24	0
2012-11-19	3649	3657	3643	3643	62	60	0
2012-11-20	3585	3631	3541	3631	44	58	0
2012-11-21	3636	3788	3569	3657	100	48	0
2012-11-22	3634	3659	3633	3654	12	42	0
2012-11-23	3682	3682	3636	3660	40	42	0
2012-12-03	3608	3611	3608	3611	8	40	0
2012-12-06	3618	3618	3566	3566	12	30	0
2012-12-07	3621	3651	3621	3651	34	36	0
2012-12-10	3700	3700	3691	3698	40	20	0
2012-12-11	3667	3667	3627	3627	68	52	0
2012-12-12	3683	3683	3658	3675	6	52	0
2012-12-13	3681	3695	3681	3693	44	14	0
2012-12-14	3663	3759	3663	3759	44	40	0
2012-12-17	3752	3828	3747	3820	52	10	0
2012-12-18	3836	4037	3823	3870	26	10	0
2012-12-21	3880	3880	3852	3878	14	12	0
2012-12-24	3769	3886	3769	3788	78	12	0
2012-12-25	3913	3913	3912	3912	18	20	0
2012-12-26	3885	3887	3880	3887	6	20	0
2012-12-27	3941	3982	3919	3925	16	18	0
2012-12-28	3921	3951	3919	3925	40	38	0
2012-12-31	3923	4011	3923	3955	88	22	0
2013-01-04	3965	3987	3965	3980	10	18	0
2013-01-07	3979	4062	3975	4058	10	20	0
2013-01-10	4005	4029	4003	4028	14	18	0
2013-01-11	3940	3944	3939	3944	6	18	0
2013-01-14	3925	3925	3925	3925	2	18	0
2013-01-15	4024	4039	4007	4007	14	26	0
2013-01-16	3959	3989	3959	3989	8	22	0
2013-01-22	4002	4049	3993	4049	70	54	0
2013-01-23	4040	4040	3990	4031	70	28	0
2013-01-24	4037	4082	3996	4016	26	30	0
2013-01-25	4018	4025	3981	3984	42	66	0
2013-01-29	4034	4036	4022	4022	24	76	0
2013-01-30	4037	4043	3842	4021	48	86	0
2013-01-31	4073	4142	4031	4053	20	72	0
2013-02-04	4004	4065	4004	4065	14	74	0
2013-02-05	4092	4093	4086	4086	18	80	0
2013-02-06	4074	4092	4057	4092	22	78	0
2013-02-07	3992	3992	3992	3992	2	78	0
2013-02-18	3977	3977	3970	3970	18	80	0
2013-02-21	3936	3983	3936	3983	8	76	0
2013-02-22	3985	3989	3736	3839	566	572	0
2013-02-25	3878	3899	3860	3886	30	552	0
2013-02-26	3673	3870	3673	3870	58	544	0
2013-02-27	3939	3949	3884	3894	48	522	0
2013-02-28	3960	3960	3854	3886	150	506	0
2013-03-01	3885	3891	3878	3880	68	466	0
2013-03-04	3853	4021	3841	4021	484	26	0
2013-03-05	3982	3982	3980	3980	14	20	0
2013-03-06	3912	3958	3912	3958	46	18	0
2013-03-12	3924	3924	3919	3919	10	28	0
2013-03-13	3920	3940	3914	3925	26	32	0
2013-03-14	3880	3929	3858	3927	22	34	0
2013-03-15	3868	3948	3825	3878	196	56	0
2013-03-18	3866	3869	3829	3869	64	38	0
2013-03-19	3865	3867	3865	3867	10	36	0
2013-03-20	3922	3931	3921	3931	34	30	0
2013-03-21	3982	4133	3748	3937	1206	36	0
2013-03-22	3935	3935	3935	3935	8	34	0
2013-03-25	3931	3934	3908	3934	12	32	0
2013-03-26	3917	3917	3913	3913	4	32	0
2013-03-28	3888	3907	3888	3907	6	30	0
2013-03-29	3807	3907	3807	3907	4	30	0
2013-04-01	3892	3900	3833	3900	18	30	0
2013-04-02	3892	3892	3860	3875	12	30	0
2013-04-03	3901	3940	3877	3913	28	32	0
2013-04-09	3964	3964	3903	3915	10	34	0
2013-04-10	3865	3866	3865	3866	4	36	0
2013-04-11	3900	3962	3859	3859	22	38	0
2013-04-12	3888	3891	3888	3891	6	36	0
2013-04-16	3743	3805	3716	3774	38	50	0
2013-04-17	3859	3859	3776	3782	48	58	0
2013-04-18	3657	3731	3657	3731	40	36	0
2013-04-19	3731	3770	3731	3770	70	84	0
2013-04-22	3792	3792	3702	3703	64	36	0
2013-04-23	3742	3750	3739	3750	100	36	0
2013-04-25	3710	3732	3658	3724	20	36	0
2013-04-26	3777	3782	3653	3683	124	112	0
2013-05-02	3645	3653	3614	3615	88	34	0
2013-05-03	3714	3720	3657	3690	62	40	0
2013-05-06	3673	3784	3673	3759	32	46	0
2013-05-08	3705	3724	3669	3709	66	48	0
2013-05-09	3735	3736	3680	3697	38	44	0
2013-05-10	3714	3714	3714	3714	14	42	0
2013-05-13	3722	3728	3714	3716	10	40	0
2013-05-15	3685	3708	3647	3647	48	50	0
2013-05-17	3643	3685	3616	3678	110	68	0
2013-05-20	3651	3733	3651	3726	58	86	0
2013-05-22	3718	3718	3717	3717	22	98	0
2013-05-23	3747	3747	3676	3676	86	78	0
2013-05-24	3656	3671	3649	3671	50	84	0
2013-05-27	3650	3653	3612	3626	96	70	0
2013-06-03	3547	3578	3540	3545	34	68	0
2013-06-05	3583	3605	3562	3592	160	62	0
2013-06-06	3584	3592	3582	3592	38	66	0
2013-06-07	3579	3589	3576	3576	10	60	0
2013-06-13	3570	3583	3570	3583	44	60	0
2013-06-14	3571	3578	3569	3569	6	60	0
2013-06-17	3594	3594	3581	3586	6	58	0
2013-06-18	3601	3603	3591	3596	14	58	0
2013-06-19	3587	3625	3587	3613	28	60	0
2013-06-20	3616	3616	3588	3591	30	62	0
2013-06-21	3558	3608	3552	3602	98	58	0
2013-06-24	3592	3613	3589	3589	16	60	0
2013-06-25	3579	3595	3559	3579	68	68	0
2013-06-26	3565	3565	3550	3552	18	62	0
2013-06-27	3547	3553	3547	3549	6	60	0
2013-06-28	3562	3565	3559	3564	10	56	0
2013-07-02	3575	3575	3575	3575	2	54	0
2013-07-03	3556	3592	3527	3577	104	96	0
2013-07-04	3545	3565	3545	3546	6	96	0
2013-07-05	3559	3561	3546	3561	20	92	0
2013-07-08	3556	3567	3556	3564	22	80	0
2013-07-10	3561	3602	3561	3572	222	72	0
2013-07-11	3576	3584	3575	3578	14	68	0
2013-07-15	3588	3600	3588	3600	6	64	0
2013-07-16	3600	3600	3599	3599	4	62	0
2013-07-17	3604	3604	3604	3604	2	62	0
2013-07-18	3609	3609	3598	3598	6	60	0
2013-07-19	3601	3634	3601	3622	24	62	0
2013-07-22	3620	3632	3620	3630	26	64	0
2013-07-23	3626	3643	3626	3643	30	64	0
2013-07-24	3638	3638	3638	3638	4	60	0
2013-07-25	3637	3638	3636	3638	6	62	0
2013-07-26	3632	3635	3628	3628	22	56	0
2013-07-29	3627	3643	3626	3643	24	46	0
2013-07-31	3641	3657	3628	3656	36	34	0
2013-08-01	3652	3652	3643	3643	2	32	0
2013-08-02	3661	3679	3633	3649	82	30	0
2013-08-07	3650	3651	3644	3651	8	34	0
2013-08-08	3657	3657	3651	3651	4	34	0
2013-08-09	3656	3663	3648	3656	16	32	0
2013-08-12	3656	3720	3656	3720	28	36	0
2013-08-13	3725	3740	3725	3738	8	34	0
2013-08-14	3732	3746	3732	3732	8	34	0
2013-08-15	3738	3738	3738	3738	2	34	0
2013-08-16	3739	3739	3719	3719	8	30	0
2013-08-19	3739	3799	3728	3799	8	28	0
2013-08-20	3787	3798	3787	3798	4	24	0
2013-08-21	3809	3810	3793	3793	10	18	0
2013-08-22	3801	3801	3801	3801	2	16	0
2013-08-23	3803	3803	3794	3794	12	14	0
2013-08-26	3802	3828	3802	3828	34	30	0
2013-08-27	3813	3813	3813	3813	4	26	0
2013-08-28	3821	3821	3805	3805	8	30	0
2013-08-29	3806	3838	3788	3788	12	34	0
2013-08-30	3818	3818	3812	3814	22	44	0
2013-09-02	3813	3840	3793	3806	132	34	0
2013-09-03	3805	3805	3798	3802	14	28	0
2013-09-04	3796	3796	3786	3786	4	30	0
2013-09-05	3793	3793	3775	3775	4	30	0
2013-09-06	3761	3776	3748	3776	42	28	0
2013-09-09	3780	3780	3776	3776	4	30	0
2013-09-12	3769	3776	3752	3776	32	28	0
2013-09-13	3769	3770	3769	3770	4	28	0
2013-09-16	3765	3765	3765	3765	2	28	0
2013-09-18	3761	3763	3657	3745	112	30	0
2013-09-23	3761	3761	3761	3761	2	28	0
2013-09-25	3741	3741	3726	3732	6	26	0
2013-09-26	3726	3735	3726	3735	4	26	0
2013-09-27	3738	3738	3734	3734	6	24	0
2013-10-08	3726	3750	3726	3750	12	22	0
2013-10-09	3739	3748	3734	3748	12	20	0
2013-10-14	3755	3755	3755	3755	2	18	0
2013-10-15	3718	3748	3718	3748	20	16	0
2013-10-16	3733	3742	3667	3742	70	16	0
2013-10-17	3746	3746	3746	3746	2	16	0
2013-10-18	3680	3685	3672	3685	6	12	0
2013-10-21	3648	3658	3648	3658	8	10	0
2013-10-23	3653	3653	3649	3649	2	8	0
2013-10-25	3651	3651	3618	3618	2	6	0
2013-10-28	3579	3579	3579	3579	2	6	0
2013-11-07	3635	3635	3624	3624	4	10	0
2013-11-19	3654	3725	3567	3642	170	18	0
2013-11-21	3662	3666	3662	3666	4	22	0
2013-11-22	3617	3653	3617	3647	8	16	0
2013-11-25	3623	3623	3623	3623	2	16	0
2013-11-29	3656	3723	3623	3635	74	14	0
2013-12-04	3680	3680	3680	3680	2	12	0
2013-12-16	3671	3680	3660	3680	20	12	0
2013-12-20	3683	3737	3675	3680	44	12	0
2013-12-31	3656	3679	3630	3676	12	10	0
2014-01-02	3640	3640	3554	3582	50	20	0
2014-01-03	3636	3643	3572	3643	34	14	0
2014-01-06	3655	3672	3655	3672	6	10	0
2014-01-08	3642	3671	3620	3671	10	10	0
2014-01-09	3675	3675	3664	3664	4	10	0
2014-01-15	3653	3653	3627	3627	10	16	0
2014-01-16	3637	3637	3611	3611	6	16	0
2014-01-17	3740	3740	3565	3605	56	14	0
2014-01-23	3534	3554	3534	3542	8	14	0
2014-01-24	3543	3586	3543	3586	4	14	0
2014-02-07	3631	3645	3467	3568	92	14	0
2014-02-19	3561	3561	3561	3561	2	16	0
2014-02-20	3574	3585	3574	3585	2	14	0
2014-02-25	3572	3572	3515	3515	6	20	0
2014-02-26	3528	3528	3511	3511	4	22	0
2014-02-27	3529	3536	3458	3482	36	20	0
2014-02-28	3488	3518	3401	3473	18	20	0
2014-03-03	3463	3463	3463	3463	2	18	0
2014-03-04	3462	3526	3439	3467	10	16	0
2014-03-06	3526	3526	3495	3500	16	14	0
2014-03-10	3491	3491	3491	3491	2	14	0
2014-03-11	3457	3457	3233	3420	156	20	0
2014-03-17	3414	3414	3414	3414	2	20	0
2014-03-19	3410	3415	3388	3415	8	20	0
2014-03-20	3422	3422	3375	3418	22	20	0
2014-03-24	3390	3415	3374	3374	6	22	0
2014-03-25	3340	3340	3301	3308	36	28	0
2014-03-27	3318	3330	3314	3314	20	26	0
2014-03-31	3330	3337	3330	3337	6	32	0
2014-04-01	3337	3337	3334	3334	2	30	0
2014-04-04	3334	3351	3333	3351	8	34	0
2014-04-08	3336	3422	3331	3389	32	28	0
2014-04-09	3428	3446	3428	3446	4	30	0
2014-04-10	3424	3424	3413	3413	8	24	0
2014-04-17	3394	3394	3382	3386	12	22	0
2014-04-22	3358	3385	3358	3385	4	22	0
2014-04-24	3378	3378	3378	3378	6	28	0
2014-04-28	3391	3391	3389	3389	6	26	0
2014-05-06	3394	3399	3372	3372	54	30	0
2014-05-09	3361	3361	3335	3335	4	30	0
2014-05-12	3335	3358	3335	3358	4	28	0
2014-05-15	3307	3340	3307	3340	14	32	0
2014-05-19	3310	3327	3310	3327	4	28	0
2014-05-21	3337	3351	3337	3351	4	24	0
2014-05-22	3347	3347	3317	3338	18	24	0
2014-06-05	3206	3258	3198	3228	18	26	0
2014-06-10	3240	3240	3240	3240	2	26	0
2014-06-17	3183	3240	3183	3240	16	26	0
2014-06-23	3242	3242	3242	3242	2	28	0
2014-06-27	3241	3273	3235	3235	8	30	0
2014-07-01	3234	3234	3209	3234	6	30	0
2014-07-08	3247	3247	3247	3247	2	32	0
2014-07-10	3258	3274	3174	3241	192	40	0
2014-07-11	3221	3250	3221	3244	24	32	0
2014-07-14	3250	3250	3250	3250	2	34	0
2014-07-16	3249	3261	3249	3249	14	34	0
2014-08-19	3219	3219	3219	3219	4	32	0
2014-08-20	3279	3279	3255	3255	4	30	0
2014-08-22	3321	3321	3317	3317	2	28	0
2014-08-28	3140	3153	3132	3136	10	28	0
2014-08-29	3083	3100	3062	3062	6	28	0
2014-09-01	3043	3043	3043	3043	2	28	0
2014-09-02	3049	3049	3049	3049	2	28	0
2014-09-03	3037	3037	3009	3009	12	24	0
2014-09-04	2986	2987	2986	2987	4	24	0
2014-09-05	2974	2974	2974	2974	2	24	0
2014-09-09	2999	2999	2999	2999	4	24	0
2014-09-10	3017	3028	2999	2999	16	24	0
2014-09-11	2947	2973	2947	2973	2	22	0
2014-09-12	3006	3006	2962	2962	4	24	0
2014-09-29	2924	2964	2902	2964	8	26	0
2014-09-30	2908	2920	2906	2920	6	22	0
2014-10-09	2970	2970	2970	2970	2	20	0
2014-10-14	2882	2882	2870	2870	4	24	0
2014-10-16	2871	2897	2871	2885	12	22	0
2014-10-17	2901	2901	2897	2897	2	20	0
2014-10-20	2928	2935	2873	2880	8	20	0
2014-10-30	2953	2953	2851	2880	10	22	0
2014-11-13	2909	2909	2909	2909	2	24	0
2014-11-25	2928	2928	2875	2875	4	28	0
2014-11-26	2849	2872	2849	2872	4	26	0
2014-11-27	2870	2870	2803	2803	10	26	0
2014-11-28	2815	2845	2815	2832	12	22	0
2014-12-19	2813	2875	2801	2875	28	28	0
2014-12-22	2848	2851	2825	2825	6	22	0
2014-12-26	2739	2825	2739	2825	20	22	0
2014-12-29	2804	2804	2804	2804	2	24	0
2014-12-30	2824	2824	2821	2821	4	20	0
2014-12-31	2827	2831	2827	2831	2	18	0
2015-01-05	2894	2894	2814	2837	18	18	0
2015-01-09	2825	2825	2825	2825	2	18	0
2015-01-12	2828	2828	2825	2825	4	18	0
2015-01-16	2824	2824	2824	2824	4	22	0
2015-01-19	2846	2846	2846	2846	2	22	0
2015-01-20	2814	2814	2814	2814	2	24	0
2015-01-23	2835	2835	2829	2829	6	20	0
2015-01-27	2812	2812	2812	2812	2	18	0
2015-02-02	2812	2815	2812	2815	2	16	0
2015-02-05	2755	2755	2755	2755	4	20	0
2015-02-12	2762	2771	2762	2762	4	20	0
2015-02-13	2775	2857	2775	2793	12	22	0
2015-02-27	2752	2752	2752	2752	2	18	0
2015-03-02	2803	2803	2799	2799	8	22	0
2015-03-03	2755	2821	2755	2799	34	22	0
2015-03-06	2775	2799	2775	2799	4	22	0
2015-03-09	2777	2799	2687	2799	46	22	0
2015-03-16	2785	2785	2785	2785	2	22	0
2015-03-18	2783	2783	2783	2783	2	22	0
2015-03-19	2783	2783	2777	2777	8	22	0
2015-03-20	2752	2752	2752	2752	2	20	0
2015-03-26	2821	2821	2723	2815	8	20	0
2015-03-27	2748	2748	2748	2748	2	18	0
2015-03-30	2739	2739	2606	2606	12	30	0
2015-03-31	2656	2832	2656	2832	18	12	0
2015-04-02	2729	2729	2729	2729	2	14	0
2015-04-03	2731	2731	2731	2731	2	16	0
2015-04-09	2666	2666	2666	2666	2	18	0
2015-04-15	2665	2665	2665	2665	2	18	0
2015-04-17	2618	2618	2618	2618	2	20	0
2015-04-20	2629	2660	2515	2579	10	16	0
2015-04-21	2522	2528	2509	2509	6	14	0
2015-04-24	2574	2574	2574	2574	2	12	0
2015-04-27	2639	2664	2639	2664	6	16	0
2015-04-28	2545	2699	2545	2696	12	16	0
2015-04-29	2643	2658	2643	2658	4	14	0
2015-04-30	2574	2727	2574	2717	8	12	0
2015-05-04	2772	2785	2701	2701	16	22	0
2015-05-06	2788	2859	2780	2859	10	26	0
2015-05-07	2736	2796	2736	2772	18	16	0
2015-05-08	2771	2828	2724	2811	16	20	0
2015-05-11	2788	2800	2788	2800	4	20	0
2015-05-12	2851	2851	2672	2741	14	16	0
2015-05-13	2747	2753	2713	2741	30	20	0
2015-05-15	2738	2771	2738	2771	4	20	0
2015-05-20	2662	2662	2662	2662	2	20	0
2015-05-29	2644	2644	2628	2628	2	18	0
2015-06-02	2649	2649	2598	2621	10	16	0
2015-06-09	2621	2658	2595	2595	16	14	0
2015-06-12	2558	2595	2558	2582	14	18	0
2015-06-16	2659	2676	2659	2670	42	14	0
2015-06-17	2705	2714	2678	2678	6	18	0
2015-06-23	2682	2682	2682	2682	2	16	0
2015-06-30	2685	2685	2685	2685	4	18	0
2015-07-02	2645	2645	2645	2645	2	20	0
2015-07-07	2516	2516	2516	2516	4	20	0
2015-07-08	2471	2471	2430	2430	4	22	0
2015-07-20	2470	2470	2407	2407	6	24	0
2015-07-21	2353	2387	2353	2387	2	22	0
2015-07-27	2364	2376	2340	2376	56	22	0
2015-07-29	2370	2370	2370	2370	2	20	0
2015-07-30	2297	2297	2297	2297	2	18	0
2015-07-31	2281	2294	2281	2294	2	16	0
2015-08-07	2340	2340	2340	2340	2	14	0
2015-08-21	2321	2321	2307	2307	4	18	0
2015-08-24	2321	2321	2321	2321	2	16	0
2015-08-25	2260	2260	2260	2260	6	22	0
2015-09-11	2237	2237	2218	2218	4	22	0
2015-09-21	2229	2229	2229	2229	2	20	0
2015-09-24	2231	2231	2231	2231	2	18	0
2015-09-25	2203	2210	2203	2210	4	14	0
2015-09-28	2255	2288	2255	2288	22	24	0
2015-09-30	2258	2258	2257	2257	4	24	0
2015-10-08	2125	2125	2125	2125	2	26	0
2015-10-12	2047	2055	2047	2055	4	26	0
2015-10-16	1987	1987	1987	1987	14	12	0
2015-10-21	1928	1987	1928	1987	8	12	0
2015-10-22	1970	1974	1970	1974	2	10	0
2015-10-28	2032	2032	1958	1958	4	6	0
2015-10-29	1942	1942	1745	1745	4	2	0
2016-06-28	2508	2508	2508	2508	4	4	0
2016-07-13	2553	2553	2553	2553	2	14	0
2016-09-06	2380	2380	2380	2380	2	6	0
2016-09-07	2419	2419	2409	2409	2	4	0
2016-09-13	2399	2399	2399	2399	2	4	0
2016-09-30	2243	2399	2243	2399	4	4	0
2016-10-10	2555	2555	2555	2555	2	4	0
2016-10-11	2427	2427	2427	2427	4	2	0
2016-12-26	2516	2516	2516	2516	8	4	0
2017-03-03	2899	2899	2899	2899	4	4	0
2017-03-06	3043	3043	3043	3043	8	4	0
2017-03-21	2929	2929	2929	2929	2	6	0
2017-03-29	3201	3279	3201	3279	2	4	0
2017-04-07	3122	3442	3122	3442	4	4	0
2017-04-10	3270	3270	3270	3270	2	4	0
2017-04-19	3108	3300	3108	3300	8	4	0
2017-04-26	2892	2892	2670	2670	40	44	0
2017-04-27	2548	2776	2548	2686	8	42	0
2017-04-28	2820	2828	2797	2797	12	42	0
2017-05-02	2936	2936	2936	2936	2	44	0
2017-05-03	3080	3080	3012	3012	46	8	0
2017-05-04	3040	3040	2926	2926	6	2	0
2017-07-20	3320	3341	3036	3180	26	12	0
2017-07-24	3299	3300	3299	3300	14	2	0
2018-03-21	3278	3278	3278	3278	2	20	0
2018-03-23	3401	3401	3401	3401	20	20	0
2018-10-17	4012	4144	4007	4073	21322	6034	0
2018-10-18	4037	4071	4004	4017	11364	5872	0
2018-10-19	4030	4036	3956	3964	8232	6026	0
2018-10-22	4022	4033	3980	3984	5656	5384	0
2018-10-23	4003	4020	3989	4000	3776	5348	0
2018-10-24	4010	4038	4000	4009	4684	5334	0
2018-10-25	3933	3963	3905	3936	6216	4594	0
2018-10-26	3957	3977	3934	3938	2946	4522	0
2018-10-29	3942	3964	3874	3877	2676	4414	0
2018-10-30	3881	3917	3842	3854	2774	4410	0
2018-10-31	3823	3883	3821	3862	3792	4602	0
2018-11-01	3861	3864	3776	3785	2728	4578	0
2018-11-02	3802	3817	3781	3808	1856	4602	0
2018-11-05	3811	3836	3779	3832	3154	4754	0
2018-11-06	3829	3829	3783	3798	1902	4820	0
2018-11-07	3753	3753	3692	3692	3596	4918	0
2018-11-08	3667	3688	3614	3667	8678	6584	0
2018-11-09	3659	3672	3595	3597	3954	6848	0
2018-11-12	3548	3586	3534	3567	4784	6964	0
2018-11-13	3572	3678	3559	3602	14568	8086	0
2018-11-14	3579	3660	3565	3632	10198	7914	0
2018-11-15	3635	3647	3587	3608	5930	7804	0
2018-11-16	3649	3657	3614	3628	4068	7830	0
2018-11-19	3602	3705	3594	3652	10292	6750	0
2018-11-20	3657	3672	3590	3594	6278	6528	0
2018-11-21	3518	3656	3495	3656	8204	6202	0
2018-11-22	3624	3630	3576	3581	4068	6426	0
2018-11-23	3583	3623	3490	3494	5456	6360	0
2018-11-26	3471	3474	3344	3376	8618	6634	0
2018-11-27	3437	3440	3339	3373	8634	6590	0
2018-11-28	3371	3451	3355	3406	7716	6604	0
2018-11-29	3447	3467	3415	3432	4376	6446	0
2018-11-30	3428	3440	3355	3404	4490	6304	0
2018-12-03	3569	3598	3440	3464	7662	6360	0
2018-12-04	3457	3535	3422	3521	6300	6232	0
2018-12-05	3517	3582	3477	3580	6798	6162	0
2018-12-06	3542	3566	3505	3505	5726	5988	0
2018-12-07	3488	3513	3473	3497	6138	6724	0
2018-12-10	3459	3463	3416	3433	5442	5980	0
2018-12-11	3415	3453	3409	3446	2998	6062	0
2018-12-12	3464	3482	3424	3429	2772	6104	0
2018-12-13	3479	3529	3465	3508	5118	6394	0
2018-12-14	3522	3542	3495	3517	2596	6344	0
2018-12-17	3529	3541	3506	3532	2416	6234	0
2018-12-18	3523	3533	3500	3522	1598	6232	0
2018-12-19	3521	3555	3521	3542	3340	6814	0
2018-12-20	3554	3595	3542	3593	6454	7364	0
2018-12-21	3621	3623	3561	3612	5166	6770	0
2018-12-24	3558	3593	3551	3576	4102	6398	0
2018-12-25	3548	3553	3486	3516	5360	5854	0
2018-12-26	3525	3538	3502	3521	2730	5544	0
2018-12-27	3572	3572	3494	3498	3706	5740	0
2018-12-28	3499	3526	3488	3512	4128	5342	0
2019-01-02	3513	3536	3484	3498	2976	5148	0
2019-01-03	3546	3562	3530	3560	3662	5168	0
2019-01-04	3553	3607	3549	3578	3188	5254	0
2019-01-07	3594	3642	3586	3634	5476	5262	0
2019-01-08	3621	3632	3604	3616	3076	5052	0
2019-01-09	3630	3682	3624	3645	5402	5484	0
2019-01-10	3660	3681	3637	3666	3882	5398	0
2019-01-11	3674	3713	3647	3709	3956	5674	0
2019-01-14	3697	3742	3694	3728	6062	6466	0
2019-01-15	3707	3707	3658	3671	6008	6668	0
2019-01-16	3676	3710	3658	3705	4052	6250	0
2019-01-17	3723	3732	3706	3707	2666	6266	0
2019-01-18	3746	3828	3740	3782	8652	6212	0
2019-01-21	3806	3822	3762	3764	4618	5394	0
2019-01-22	3796	3838	3722	3723	7752	4916	0
2019-01-23	3729	3754	3723	3727	2626	4942	0
2019-01-24	3746	3809	3743	3803	6676	5258	0
2019-01-25	3837	3888	3837	3840	6100	5378	0
2019-01-28	3872	3887	3796	3797	4704	4522	0
2019-01-29	3777	3813	3771	3780	3394	3998	0
2019-01-30	3803	3898	3801	3818	11914	4302	0
2019-01-31	3851	3851	3805	3817	3304	3726	0
2019-02-01	3841	3900	3837	3877	5042	3526	0
2019-02-11	3963	4029	3935	3955	5656	3868	0
2019-02-12	3941	3948	3880	3902	4026	3666	0
2019-02-13	3866	3877	3824	3829	4490	3230	0
2019-02-14	3808	3831	3787	3801	2710	3246	0
2019-02-15	3739	3762	3710	3721	3230	3180	0
2019-02-18	3786	3786	3741	3767	2384	3144	0
2019-02-19	3796	3803	3769	3780	2196	3068	0
2019-02-20	3760	3790	3707	3782	3256	2826	0
2019-02-21	3808	3816	3782	3810	2096	2784	0
2019-02-22	3814	3862	3811	3862	2032	2674	0
2019-02-25	3879	3879	3800	3800	2704	2728	0
2019-02-26	3830	3862	3794	3855	2650	2688	0
2019-02-27	3855	3868	3831	3840	1938	2620	0
2019-02-28	3862	3880	3831	3871	1610	2570	0
2019-03-01	3887	3931	3872	3922	1450	2546	0
2019-03-04	3920	3948	3901	3924	2190	2496	0
2019-03-05	3897	3940	3868	3916	1896	2376	0
2019-03-06	3898	3925	3870	3870	1818	2376	0
2019-03-07	3877	3947	3848	3937	2392	2454	0
2019-03-08	3891	3911	3869	3888	2160	2358	0
2019-03-11	3863	3868	3772	3799	15856	3466	0
2019-03-12	3856	3927	3856	3911	7254	2880	0
2019-03-13	3907	3932	3891	3911	3212	2870	0
2019-03-14	3920	3932	3887	3912	3414	2752	0
2019-03-15	3893	3893	3849	3876	3178	2556	0
2019-03-18	3891	3911	3860	3886	3244	2562	0
2019-03-19	3928	3935	3884	3885	2990	2582	0
2019-03-20	3861	3967	3844	3929	4228	2592	0
2019-03-21	3927	3958	3902	3908	5590	2766	0
2019-03-22	3903	3911	3868	3888	2128	2582	0
2019-03-25	3863	3877	3817	3820	2336	2614	0
2019-03-26	3844	3851	3808	3824	1328	2622	0
2019-03-27	3834	3850	3819	3844	1582	2650	0
2019-03-28	3837	3864	3810	3822	2114	2460	0
2019-03-29	3835	3930	3835	3922	3276	2582	0
2019-04-01	3928	3975	3922	3965	1522	2688	0
2019-04-02	3955	3996	3954	3990	1828	2660	0
2019-04-03	4013	4029	3985	4019	2458	2522	0
2019-04-04	4012	4026	3986	4026	2338	2296	0
2019-04-08	4064	4143	4046	4143	4952	2922	0
2019-04-09	4160	4186	4126	4145	6176	3648	0
2019-04-10	4146	4210	4118	4199	3940	3872	0
2019-04-11	4200	4209	4155	4209	3722	3762	0
2019-04-12	4172	4227	4169	4216	6264	4504	0
2019-04-15	4242	4276	4233	4273	4238	4496	0
2019-04-16	4263	4265	4227	4240	5026	3916	0
2019-04-17	4217	4462	4217	4274	7044	3434	0
2019-04-18	4236	4238	4209	4226	5760	3202	0
2019-04-19	4230	4273	4219	4260	3440	3258	0
2019-04-22	4313	4323	4249	4265	2990	2988	0
2019-04-23	4273	4277	4240	4240	2278	2764	0
2019-04-24	4212	4259	4212	4233	3026	2202	0
2019-04-25	4248	4269	4224	4228	2714	1918	0
2019-04-26	4246	4286	4233	4271	2072	1956	0
2019-04-29	4300	4331	4284	4322	3452	1482	0
2019-04-30	4366	4366	4261	4313	1864	650	0
2019-05-06	4248	4332	4248	4332	120	530	0
2019-05-07	4347	4347	4335	4339	182	350	0
2019-05-08	4420	4420	4420	4420	60	290	0
2019-05-09	4232	4564	4232	4454	268	106	0
2019-05-10	4363	4632	3986	3986	150	34	0
2019-05-13	4047	4075	3948	3982	106	62	0
2019-05-14	4063	4063	3921	3934	132	80	0
2019-05-15	3929	4009	3920	3976	130	84	0
2019-05-16	3960	4063	3960	4059	206	96	0
2019-05-17	4010	4064	4002	4056	108	94	0
2019-05-20	4005	4042	4001	4037	48	82	0
2019-05-21	4072	4198	4029	4198	390	164	0
2019-05-22	4167	4312	4109	4266	598	262	0
2019-05-23	4247	4311	4242	4276	306	210	0
2019-05-24	4267	4276	4221	4251	170	196	0
2019-05-27	4249	4279	4222	4229	342	256	0
2019-05-28	4250	4284	4234	4283	550	446	0
2019-05-29	4283	4328	4198	4248	952	322	0
2019-05-30	4245	4245	4203	4223	312	352	0
2019-05-31	4205	4224	4152	4161	420	426	0
2019-06-03	4194	4194	4102	4108	266	438	0
2019-06-04	4097	4136	4076	4123	184	436	0
2019-06-05	4148	4271	4126	4150	790	436	0
2019-06-06	4114	4224	4109	4164	428	394	0
2019-06-10	4150	4185	4103	4185	402	436	0
2019-06-11	4219	4260	4156	4174	1304	362	0
2019-06-12	4155	4166	4106	4144	812	246	0
2019-06-13	4163	4163	4135	4156	210	288	0
2019-06-14	4139	4179	4139	4165	110	284	0
2019-06-17	4124	4165	4124	4128	134	260	0
2019-06-18	4125	4157	4120	4133	104	262	0
2019-06-19	4179	4179	4132	4132	68	256	0
2019-06-20	4157	4231	4131	4159	150	252	0
2019-06-21	4174	4192	4135	4177	596	412	0
2019-06-24	4221	4279	4159	4215	852	234	0
2019-06-25	4234	4254	4207	4245	40	230	0
2019-06-26	4271	4327	4217	4327	104	204	0
2019-06-27	4339	4423	4339	4421	376	214	0
2019-06-28	4404	4642	4149	4618	1250	136	0
2019-07-01	4687	4699	4687	4699	62	78	0
2019-07-02	4688	4700	4688	4700	4	74	0
2019-07-03	4694	4694	4651	4679	16	78	0
2019-07-04	4680	4699	4647	4698	38	74	0
2019-07-08	4688	4707	4246	4246	84	18	0
2019-07-10	4283	4283	4182	4246	30	14	0
2019-07-12	4207	4426	4020	4146	108	24	0
2019-07-15	4081	4261	4081	4190	134	32	0
2019-07-16	4247	4276	4205	4259	202	52	0
2019-07-17	4259	4281	4211	4281	132	44	0
2019-07-18	4270	4270	4231	4257	68	32	0
2019-07-19	4251	4252	4240	4251	38	42	0
2019-07-22	4255	4268	4121	4197	96	82	0
2019-07-23	4180	4197	4072	4121	96	104	0
2019-07-24	4114	4139	4067	4068	40	116	0
2019-07-25	4112	4135	4071	4135	44	124	0
2019-07-26	4137	4137	4076	4092	42	126	0
2019-07-29	4086	4087	4043	4043	86	148	0
2019-07-30	4050	4119	4049	4117	94	138	0
2019-07-31	4090	4138	4090	4138	114	50	0
2019-08-01	4146	4160	4107	4117	106	40	0
2019-08-02	4056	4110	4054	4095	26	40	0
2019-08-05	4086	4086	4062	4077	14	38	0
2019-08-06	4041	4078	3989	3989	44	36	0
2019-08-07	4043	4048	4034	4048	12	34	0
2019-08-08	4063	4063	4052	4061	12	30	0
2019-08-09	4020	4030	3885	3912	64	38	0
2019-08-12	4071	4071	3896	4000	82	20	0
2019-08-13	4039	4039	3993	4022	10	16	0
2019-08-14	4040	4040	4040	4040	2	16	0
2019-08-15	4011	4123	3940	3940	40	10	0
2019-08-19	3996	4042	3960	4009	8	8	0
2019-08-20	3994	4020	3960	3985	28	10	0
2019-08-21	3950	3968	3914	3954	22	8	0
2019-08-22	3957	3957	3957	3957	2	8	0
2019-08-26	3849	4059	3849	3953	20	12	0
2019-08-27	3972	4028	3945	3979	56	16	0
2019-08-28	3938	3938	3937	3937	6	18	0
2019-08-29	3910	3966	3910	3957	10	14	0
2019-08-30	3894	4117	3894	3894	20	12	0
2019-09-02	3894	3984	3894	3966	10	12	0
2019-09-03	3919	3977	3919	3965	12	10	0
2019-09-04	3938	3938	3938	3938	2	10	0
2019-09-05	3975	3990	3949	3990	24	12	0
2019-09-06	3937	4058	3819	3916	252	24	0
2019-09-09	3949	4024	3949	4003	22	32	0
2019-09-11	3982	4019	3979	4019	6	30	0
2019-09-12	3992	4018	3986	3986	10	26	0
2019-09-16	3962	4019	3962	4019	6	28	0
2019-09-17	4045	4045	4045	4045	6	26	0
2019-09-19	3988	4041	3913	4041	100	18	0
2019-09-20	3941	4120	3824	4038	50	26	0
2019-09-23	3946	4054	3908	3966	148	20	0
2019-09-24	3962	3994	3962	3994	10	22	0
2019-09-25	4001	4003	3976	3983	28	20	0
2019-09-26	3983	3983	3983	3983	4	18	0
2019-09-27	3956	3958	3938	3951	10	16	0
2019-09-30	3962	3962	3887	3887	6	10	0
2019-10-08	3861	3900	3861	3900	16	22	0
2019-10-09	3859	3887	3749	3794	36	24	0
2019-10-10	3890	3890	3850	3850	8	20	0
2019-10-11	3874	3874	3838	3838	6	22	0
2019-10-14	3821	3876	3821	3847	18	32	0
2019-10-15	3764	3831	3764	3770	14	34	0
2019-10-16	3730	3787	3695	3720	32	38	0
2019-10-17	3628	3747	3628	3729	12	36	0
2019-10-18	3757	3760	3645	3686	88	38	0
2019-10-21	3714	3714	3660	3693	12	34	0
2019-10-22	3625	3712	3617	3697	54	32	0
2019-10-23	3663	3739	3663	3725	154	48	0
2019-10-24	3779	3779	3702	3715	130	48	0
2019-10-25	3708	3733	3708	3731	26	38	0
2019-10-28	3633	3744	3633	3714	36	40	0
2019-10-29	3658	3712	3658	3681	28	44	0
2019-10-30	3625	3684	3625	3649	158	34	0
2019-10-31	3673	3673	3641	3651	78	34	0
2019-11-01	3624	3684	3576	3660	170	44	0
2019-11-04	3689	3722	3632	3684	196	42	0
2019-11-05	3680	3854	3652	3845	880	184	0
2019-11-06	3832	3982	3803	3931	3910	660	0
2019-11-07	4014	4027	3907	3913	2000	606	0
2019-11-08	3896	3956	3884	3951	1398	622	0
2019-11-11	3935	3966	3890	3937	936	666	0
2019-11-12	3950	3980	3913	3935	1018	572	0
2019-11-13	3932	3950	3802	3826	1004	506	0
2019-11-14	3832	4030	3831	3942	1332	438	0
2019-11-15	3896	4007	3896	3944	788	338	0
2019-11-18	3947	3982	3923	3930	300	278	0
2019-11-19	3906	3985	3906	3979	310	282	0
2019-11-20	3971	4152	3971	4095	1740	502	0
2019-11-21	4080	4118	4006	4012	640	364	0
2019-11-22	4032	4104	4023	4098	486	404	0
2019-11-25	4115	4189	4097	4115	760	410	0
2019-11-26	4051	4081	3985	3985	514	304	0
2019-11-27	3990	4018	3920	3972	1040	644	0
2019-11-28	3950	4026	3930	3995	776	492	0
2019-11-29	4008	4019	3962	4001	154	448	0
2019-12-02	3970	4058	3970	4058	278	464	0
2019-12-03	4047	4047	3985	3996	560	234	0
2019-12-04	4015	4045	3980	4029	230	266	0
2019-12-05	4039	4126	4015	4015	494	354	0
2019-12-06	4036	4058	4034	4037	80	328	0
2019-12-09	4056	4108	4056	4075	242	272	0
2019-12-10	4080	4124	4064	4107	192	216	0
2019-12-11	4177	4200	4131	4190	298	254	0
2019-12-12	4156	4204	4150	4181	268	188	0
2019-12-13	4199	4199	4159	4161	212	140	0
2019-12-16	4172	4172	4122	4135	120	140	0
2019-12-17	4117	4191	4113	4164	120	122	0
2019-12-18	4143	4210	4108	4108	224	64	0
2019-12-19	4097	4142	4097	4122	18	58	0
2019-12-20	4170	4170	4142	4142	12	50	0
2019-12-23	4172	4183	4161	4161	12	54	0
2019-12-24	4109	4159	4109	4122	20	50	0
2019-12-26	4089	4105	4054	4054	52	36	0
2019-12-27	4026	4036	4008	4036	22	24	0
2019-12-30	4090	4090	4012	4015	24	26	0
2019-12-31	4060	4060	3916	3989	42	14	0
2020-01-02	3939	3939	3873	3875	4	6	0
2020-01-03	3882	3882	3882	3882	1	6	0
2020-01-08	3884	3940	3883	3926	13	9	0
2020-01-09	3956	3963	3920	3921	5	8	0
2020-01-10	3939	3939	3901	3924	5	9	0
2020-01-13	3912	3930	3912	3930	2	9	0
2020-01-17	3909	3919	3909	3919	3	9	0
2020-01-21	3893	3928	3893	3928	3	10	0
2020-01-22	3886	3905	3886	3904	7	9	0
2020-02-04	3901	3934	3755	3836	49	26	0
2020-02-05	3733	3859	3733	3859	6	24	0
2020-02-06	3739	3809	3739	3809	14	24	0
2020-02-07	3862	3862	3767	3799	61	20	0
2020-02-10	3714	3767	3714	3760	25	27	0
2020-02-11	3769	3848	3736	3821	89	19	0
2020-02-12	3808	3850	3808	3836	15	16	0
2020-02-13	3889	3889	3802	3825	14	15	0
2020-02-14	3786	3806	3779	3806	5	16	0
2020-02-17	3808	3859	3808	3838	7	12	0
2020-02-18	3854	3854	3845	3846	9	15	0
2020-02-19	3837	3837	3836	3836	2	14	0
2020-02-20	3852	3884	3848	3876	6	10	0
2020-02-24	3877	3877	3843	3864	10	11	0
2020-02-25	3813	3824	3781	3792	41	14	0
2020-02-26	3769	3806	3769	3786	12	15	0
2020-02-27	3773	3837	3773	3837	14	8	0
2020-02-28	3779	3890	3670	3732	70	12	0
2020-03-02	3780	3794	3763	3763	10	11	0
2020-03-03	3759	3786	3736	3756	13	13	0
2020-03-04	3749	3832	3746	3824	27	10	0
2020-03-05	3859	3859	3804	3816	21	9	0
2020-03-06	3788	3827	3779	3800	13	9	0
2020-03-09	3744	3829	3739	3772	9	10	0
2020-03-10	3786	3830	3778	3778	18	19	0
2020-03-11	3782	3875	3771	3865	66	14	0
2020-03-12	3876	3876	3793	3853	25	14	0
2020-03-13	3807	3863	3805	3854	24	17	0
2020-03-16	3903	3904	3861	3876	13	21	0
2020-03-17	3910	3910	3873	3907	20	24	0
2020-03-18	3913	3915	3898	3904	15	24	0
2020-03-19	3864	3897	3764	3837	90	22	0
2020-03-20	3856	3885	3831	3852	37	30	0
2020-03-23	3790	3855	3790	3814	28	43	0
2020-03-24	3874	3874	3807	3824	63	44	0
2020-03-25	3866	3887	3833	3852	30	41	0
2020-03-26	3854	3961	3854	3947	53	69	0
2020-03-27	3998	4005	3903	3964	67	79	0
2020-03-30	4040	4041	3919	3957	65	73	0
2020-03-31	3876	3921	3677	3860	47	60	0
2020-04-01	3849	3883	3737	3761	43	53	0
2020-04-02	3758	3813	3681	3795	34	49	0
2020-04-03	3765	3865	3765	3794	20	49	0
2020-04-07	3833	3840	3774	3807	23	48	0
2020-04-08	3786	3826	3742	3802	91	54	0
2020-04-09	3791	3866	3771	3860	38	59	0
2020-04-10	3878	3960	3835	3932	100	68	0
2020-04-13	3918	4010	3883	3998	35	66	0
2020-04-14	3945	4096	3945	4042	76	74	0
2020-04-15	4016	4041	3989	4041	27	73	0
2020-04-16	3997	4036	3997	4001	15	71	0
2020-04-17	4050	4095	4031	4055	14	72	0
2020-04-20	4028	4046	3991	4046	20	69	0
2020-04-21	4011	4034	3985	4017	10	71	0
2020-04-22	4071	4100	3946	4002	128	70	0
2020-04-23	3782	4012	3782	3981	51	61	0
2020-04-24	3892	3983	3892	3948	10	61	0
2020-04-27	3951	3951	3945	3945	17	62	0
2020-04-28	3975	4020	3952	4007	10	57	0
2020-04-29	3976	4029	3939	3974	22	49	0
2020-04-30	3957	4169	3915	4153	45	48	0
2020-05-06	4190	4190	3820	3850	37	16	0
2020-05-07	3831	3865	3831	3865	3	16	0
2020-05-12	3845	3860	3833	3852	9	13	0
2020-05-13	3888	3888	3888	3888	1	12	0
2020-05-21	3924	3948	3865	3865	32	13	0
2020-05-26	3866	3887	3861	3875	19	16	0
2020-06-03	3952	3952	3911	3911	9	12	0
2020-06-04	3972	3981	3908	3933	21	11	0
2020-06-12	3872	3900	3872	3900	2	14	0
2020-06-15	3942	3942	3889	3895	4	13	0
2020-06-16	3875	3919	3875	3919	20	13	0
2020-06-17	3914	3919	3914	3919	4	13	0
2020-06-19	3918	3988	3907	3921	46	14	0
2020-06-22	3912	3926	3906	3926	5	11	0
2020-06-23	3912	3945	3876	3945	3	12	0
2020-06-24	3912	3927	3912	3927	41	10	0
2020-07-01	3935	3944	3918	3921	16	17	0
2020-07-02	3926	3954	3925	3946	42	16	0
2020-07-03	3918	3924	3915	3924	7	11	0
2020-07-06	3884	3923	3884	3912	33	12	0
2020-07-08	3951	3951	3930	3930	7	11	0
2020-07-09	3946	3953	3904	3904	47	31	0
2020-07-13	3932	3932	3932	3932	5	33	0
2020-07-14	3936	3936	3936	3936	8	34	0
2020-07-15	3925	3936	3904	3936	15	33	0
2020-07-16	3933	3934	3925	3925	3	32	0
2020-07-22	3957	3979	3957	3979	17	27	0
2020-07-24	3972	3985	3972	3981	12	23	0
2020-08-03	3999	4001	3999	4001	8	17	0
2020-08-06	3980	3980	3978	3978	2	23	0
2020-08-12	3952	4041	3952	4041	27	16	0
2020-08-19	4037	4039	4010	4017	5	16	0
2020-08-20	4012	4059	3966	4009	9	16	0
2020-08-21	4008	4041	4007	4031	13	15	0
2020-08-25	4048	4124	4021	4040	7	16	0
2020-08-26	4017	4021	4017	4021	17	25	0
2020-08-31	4023	4070	4012	4027	47	29	0
2020-09-01	4050	4050	4007	4007	6	24	0
2020-09-02	3991	4027	3955	3993	17	22	0
2020-09-08	3983	3986	3981	3981	10	20	0
2020-09-11	3949	3958	3949	3958	14	20	0
2020-09-14	3955	3955	3952	3952	4	19	0
2020-09-16	3952	3958	3934	3946	16	13	0
2020-09-17	3923	3954	3923	3954	6	11	0
2020-09-21	3931	3931	3931	3931	4	8	0
2020-09-29	3903	3903	3734	3877	99	4	0
2020-09-30	3859	3859	3848	3848	2	3	0
2020-10-09	4009	4023	3829	3952	17	5	0
2020-10-12	3912	3940	3876	3905	8	2	0
2020-10-13	4007	4007	3838	3893	15	2	0
2020-10-14	3909	3909	3891	3891	2	2	0
2020-10-15	3897	3897	3895	3895	2	2	0
2020-10-16	3903	3903	3895	3895	2	2	0
2020-10-19	3889	3961	3885	3885	6	3	0
2020-10-20	3903	3903	3903	3903	1	2	0
2020-10-21	3877	3903	3877	3886	10	4	0
2020-10-22	3900	3901	3893	3901	3	3	0
2020-10-30	3856	3894	3853	3892	16	3	0
2020-11-06	3879	3902	3879	3892	3	3	0
2020-11-12	3881	3899	3870	3892	19	9	0
2020-11-16	3931	4071	3908	3999	34	20	0
2020-11-19	4070	4190	4070	4190	14	23	0
2020-11-20	4216	4292	4213	4222	30	18	0
2020-11-23	4195	4195	4147	4147	8	17	0
2020-11-24	4219	4240	4214	4214	29	12	0
2020-11-25	4205	4210	4178	4178	4	10	0
2020-11-26	4085	4184	4085	4085	5	11	0
2020-11-27	4219	4222	4122	4179	18	13	0
2020-11-30	4097	4097	4097	4097	7	11	0
2020-12-01	4057	4149	4057	4149	4	12	0
2020-12-02	4183	4184	4158	4158	3	10	0
2020-12-07	4191	4210	4186	4210	14	10	0
2020-12-08	4176	4176	4174	4174	12	12	0
2020-12-10	4154	4154	4154	4154	12	17	0
2020-12-11	4256	4362	4208	4352	79	29	0
2020-12-14	4300	4302	4265	4302	5	27	0
2020-12-15	4316	4316	4316	4316	1	27	0
2020-12-16	4291	4379	4263	4312	25	32	0
2020-12-17	4320	4410	4320	4370	8	35	0
2020-12-18	4441	4442	4361	4442	16	41	0
2020-12-21	4522	4581	4430	4568	34	51	0
2020-12-22	4719	4721	4580	4583	101	36	0
2020-12-23	4540	4676	4471	4578	49	36	0
2020-12-24	4595	4632	4534	4592	14	35	0
2020-12-25	4475	4681	4475	4645	50	43	0
2020-12-28	4646	4679	4521	4575	36	46	0
2020-12-29	4544	4621	4505	4561	46	37	0
2020-12-30	4596	4596	4555	4568	13	33	0
2020-12-31	4606	4766	4606	4664	48	39	0
2021-01-04	4625	4678	4592	4677	25	49	0
2021-01-05	4729	4729	4593	4654	61	51	0
2021-01-06	4623	4660	4517	4608	120	57	0
2021-01-07	4601	4631	4593	4629	41	75	0
2021-01-08	4620	4645	4575	4644	51	78	0
2021-01-11	4567	4708	4567	4602	52	71	0
2021-01-12	4519	4641	4519	4614	50	65	0
2021-01-13	4612	4622	4599	4599	25	63	0
2021-01-14	4575	4607	4573	4607	15	64	0
2021-01-15	4622	4688	4622	4670	47	65	0
2021-01-18	4691	4710	4675	4703	29	71	0
2021-01-19	4671	4691	4655	4655	17	71	0
2021-01-20	4650	4663	4631	4647	14	71	0
2021-01-21	4657	4668	4606	4667	26	72	0
2021-01-22	4654	4663	4610	4614	28	74	0
2021-01-25	4584	4618	4584	4594	18	73	0
2021-01-26	4611	4642	4607	4625	36	72	0
2021-01-27	4651	4686	4651	4682	26	75	0
2021-01-28	4668	4677	4616	4616	30	81	0
2021-01-29	4626	4671	4559	4622	19	77	0
2021-02-01	4617	4617	4583	4610	10	77	0
2021-02-02	4593	4593	4499	4506	53	78	0
2021-02-03	4587	4587	4498	4526	34	77	0
2021-02-04	4541	4599	4529	4595	34	72	0
2021-02-05	4615	4615	4576	4604	17	76	0
2021-02-08	4649	4661	4639	4661	13	74	0
2021-02-09	4668	4727	4667	4727	5	73	0
2021-02-10	4748	4822	4719	4809	35	87	0
2021-02-18	4893	5073	4893	5053	73	104	0
2021-02-19	5165	5166	5019	5022	33	103	0
2021-02-22	5083	5083	4881	4941	92	74	0
2021-02-23	4963	4990	4916	4923	21	73	0
2021-02-24	4985	4985	4917	4950	19	73	0
2021-02-25	5034	5064	4994	5055	29	79	0
2021-02-26	4981	5061	4963	5034	38	70	0
2021-03-01	5065	5065	4995	4995	7	70	0
2021-03-02	4944	5037	4941	5037	52	68	0
2021-03-03	5161	5198	4998	5146	64	79	0
2021-03-04	5167	5221	5133	5168	71	65	0
2021-03-05	5113	5191	4929	4948	169	82	0
2021-03-08	5039	5060	4904	4904	63	103	0
2021-03-09	4908	4975	4793	4843	51	86	0
2021-03-10	4849	4958	4826	4938	79	59	0
2021-03-11	5000	5009	4892	4965	49	47	0
2021-03-12	5039	5139	4980	5081	74	60	0
2021-03-15	5168	5227	5099	5153	49	62	0
2021-03-16	5164	5170	5063	5168	37	58	0
2021-03-17	5177	5177	5109	5171	36	63	0
2021-03-18	5150	5156	5150	5156	6	57	0
2021-03-19	5084	5207	5084	5172	35	55	0
2021-03-22	5172	5199	5153	5159	14	55	0
2021-03-23	5037	5172	5037	5124	123	39	0
2021-03-24	5100	5195	5083	5195	37	35	0
2021-03-25	5179	5191	5141	5141	7	35	0
2021-03-26	5180	5199	5148	5174	14	40	0
2021-03-29	5164	5293	5101	5236	52	34	0
2021-03-30	5231	5286	5228	5257	27	43	0
2021-03-31	5323	5343	5220	5254	97	40	0
2021-04-01	5163	5299	5163	5264	39	33	0
2021-04-02	5271	5408	5254	5375	51	38	0
2021-04-06	5450	5505	5415	5415	32	43	0
2021-04-07	5476	5512	5419	5426	67	42	0
2021-04-08	5386	5472	5386	5472	15	43	0
2021-04-09	5457	5459	5365	5420	72	44	0
2021-04-12	5433	5458	5307	5360	101	36	0
2021-04-13	5374	5417	5369	5413	11	36	0
2021-04-14	5470	5473	5416	5453	18	35	0
2021-04-15	5448	5448	5448	5448	11	33	0
2021-04-16	5409	5451	5409	5448	6	31	0
2021-04-19	5385	5492	5383	5442	20	36	0
2021-04-21	5516	5516	5516	5516	10	39	0
2021-04-22	5530	5560	5530	5534	24	36	0
2021-04-23	5504	5582	5501	5578	14	40	0
2021-04-26	5670	5787	5596	5784	82	55	0
2021-04-27	5754	5841	5677	5841	114	58	0
2021-04-28	5815	5886	5664	5738	204	54	0
2021-04-29	5776	5878	5653	5784	154	51	0
2021-04-30	5750	6059	5622	5622	197	18	0
2021-05-06	5803	5803	5803	5803	2	20	0
2021-05-07	5826	5831	5822	5831	8	24	0
2021-05-10	6044	6141	6005	6141	24	38	0
2021-05-11	6623	6623	5851	6459	180	56	0
2021-05-12	6419	6640	6403	6558	107	65	0
2021-05-13	6564	6564	6182	6209	89	49	0
2021-05-14	6104	6291	5940	5968	80	58	0
2021-05-17	6030	6032	5875	5953	103	59	0
2021-05-18	6001	6060	6001	6018	54	76	0
2021-05-19	5848	5931	5780	5782	319	99	0
2021-05-20	5676	5729	5554	5660	365	77	0
2021-05-21	5675	5676	5609	5635	394	68	0
2021-05-24	5530	5530	5368	5443	211	74	0
2021-05-25	5402	5514	5386	5390	88	76	0
2021-05-26	5392	5425	5219	5246	142	85	0
2021-05-27	5234	5330	5221	5273	144	113	0
2021-05-28	5450	5450	5307	5347	399	117	0
2021-05-31	5466	5612	5394	5518	484	224	0
2021-06-01	5523	5637	5419	5546	660	175	0
2021-06-02	5554	5554	5464	5482	276	148	0
2021-06-03	5441	5601	5441	5586	171	167	0
2021-06-04	5558	5704	5523	5606	339	174	0
2021-06-07	5609	5643	5492	5492	208	187	0
2021-06-08	5549	5549	5450	5496	96	173	0
2021-06-09	5548	5549	5496	5503	123	166	0
2021-06-10	5580	5646	5548	5584	291	164	0
2021-06-11	5626	5710	5598	5710	139	152	0
2021-06-15	5655	5686	5537	5594	145	151	0
2021-06-16	5564	5569	5447	5461	165	148	0
2021-06-17	5432	5537	5429	5537	81	162	0
2021-06-18	5495	5602	5461	5504	118	147	0
2021-06-21	5428	5477	5337	5337	170	149	0
2021-06-22	5334	5353	5243	5318	162	158	0
2021-06-23	5342	5410	5313	5374	127	158	0
2021-06-24	5431	5513	5367	5419	121	154	0
2021-06-25	5524	5543	5434	5543	77	151	0
2021-06-28	5473	5539	5438	5532	131	159	0
2021-06-29	5569	5576	5417	5514	78	150	0
2021-06-30	5546	5591	5546	5568	78	144	0
2021-07-01	5612	5612	5499	5578	85	163	0
2021-07-02	5522	5569	5510	5541	37	149	0
2021-07-05	5510	5599	5510	5565	74	139	0
2021-07-06	5649	5693	5630	5680	148	145	0
2021-07-07	5682	5780	5656	5755	152	121	0
2021-07-08	5763	5821	5745	5805	117	131	0
2021-07-09	5745	5833	5745	5818	68	134	0
2021-07-12	5854	5876	5799	5809	47	126	0
2021-07-13	5787	5817	5787	5793	19	122	0
2021-07-14	5851	5922	5819	5922	80	119	0
2021-07-15	5894	5948	5871	5876	85	123	0
2021-07-16	5864	5909	5818	5896	80	128	0
2021-07-19	5957	5993	5896	5921	69	123	0
2021-07-20	5819	5955	5819	5889	59	128	0
2021-07-21	5890	5968	5890	5939	105	123	0
2021-07-22	5912	6001	5870	6001	24	122	0
2021-07-23	6008	6032	5970	5988	18	117	0
2021-07-26	6034	6073	6011	6025	14	115	0
2021-07-27	6046	6081	5952	5952	23	114	0
2021-07-28	6012	6012	5976	5976	6	112	0
2021-07-29	5972	6025	5972	6025	8	112	0
2021-07-30	6036	6036	5997	6026	8	113	0
2021-08-02	5852	5924	5788	5807	137	69	0
2021-08-03	5767	5773	5728	5732	49	63	0
2021-08-04	5779	5869	5779	5869	66	72	0
2021-08-05	5847	5869	5826	5838	50	84	0
2021-08-06	5822	5830	5790	5790	55	70	0
2021-08-09	5746	5808	5734	5754	82	67	0
2021-08-10	5758	5846	5758	5843	30	74	0
2021-08-11	5850	5880	5837	5843	41	76	0
2021-08-12	5849	5871	5805	5813	34	71	0
2021-08-13	5779	5828	5779	5825	28	65	0
2021-08-16	5796	5796	5750	5762	40	70	0
2021-08-17	5772	5796	5767	5781	21	68	0
2021-08-18	5759	5759	5610	5610	42	56	0
2021-08-19	5568	5590	5516	5561	33	55	0
2021-08-20	5483	5574	5483	5574	61	69	0
2021-08-23	5600	5600	5528	5531	31	57	0
2021-08-24	5580	5618	5515	5588	50	65	0
2021-08-25	5616	5675	5587	5603	49	57	0
2021-08-26	5587	5650	5546	5563	76	51	0
2021-08-27	5543	5602	5543	5594	27	49	0
2021-08-30	5599	5690	5584	5598	67	50	0
2021-08-31	5608	5636	5545	5545	41	44	0
2021-09-01	5562	5562	5531	5533	11	42	0
2021-09-02	5539	5580	5523	5548	22	43	0
2021-09-03	5558	5618	5554	5610	24	45	0
2021-09-06	5634	5710	5634	5677	51	45	0
2021-09-07	5748	5802	5722	5793	21	53	0
2021-09-08	5764	5808	5764	5773	39	50	0
2021-09-09	5803	5923	5803	5900	45	53	0
2021-09-10	6002	6091	5957	6000	63	56	0
2021-09-13	6050	6102	6027	6041	75	59	0
2021-09-14	6037	6070	5942	5942	56	64	0
2021-09-15	5896	5952	5875	5916	79	49	0
2021-09-16	5926	6106	5901	6047	91	52	0
2021-09-17	6125	6132	5943	5977	113	45	0
2021-09-22	5929	6121	5929	6086	55	44	0
2021-09-23	6117	6138	6086	6093	15	43	0
2021-09-24	6065	6124	6045	6045	19	41	0
2021-09-27	6082	6186	6060	6186	22	46	0
2021-09-28	6302	6668	6143	6179	223	42	0
2021-09-29	6164	6172	6090	6133	28	37	0
2021-09-30	6115	6115	5968	5976	50	32	0
2021-10-08	6123	6123	5871	6027	15	30	0
2021-10-11	6200	6211	5974	6115	102	28	0
2021-10-12	5998	6074	5985	5995	12	27	0
2021-10-13	6000	6001	5693	5832	28	26	0
2021-10-14	5771	5888	5749	5808	47	28	0
2021-10-15	5911	5929	5836	5923	6	25	0
2021-10-18	5714	5831	5639	5739	22	28	0
2021-10-19	5690	5877	5655	5806	46	28	0
2021-10-20	5664	5717	5550	5621	58	37	0
2021-10-21	5619	5747	5256	5330	102	33	0
2021-10-22	5694	5694	5550	5550	162	102	0
2021-10-25	5264	5591	5098	5098	232	48	0
2021-10-26	5094	5193	5067	5177	33	46	0
2021-10-27	5089	5094	4871	4886	110	54	0
2021-10-28	4742	4950	4727	4806	109	59	0
2021-10-29	4861	4889	4698	4746	79	53	0
2021-11-01	4800	4826	4673	4712	83	45	0
2021-11-02	4623	4752	4399	4401	129	50	0
2021-11-03	4433	4548	4375	4535	113	63	0
2021-11-04	4425	4487	4305	4357	96	60	0
2021-11-05	4283	4415	4283	4364	98	56	0
2021-11-08	4376	4480	4355	4449	122	59	0
2021-11-09	4431	4505	4349	4349	94	57	0
2021-11-10	4308	4440	4179	4334	214	53	0
2021-11-11	4359	4601	4359	4557	221	79	0
2021-11-12	4425	4613	4386	4419	222	72	0
2021-11-15	4365	4439	4324	4324	96	65	0
2021-11-16	4336	4455	4311	4314	140	64	0
2021-11-17	4278	4399	4264	4389	146	56	0
2021-11-18	4382	4400	4326	4373	40	55	0
2021-11-19	4312	4521	4312	4434	83	52	0
2021-11-22	4521	4521	4454	4467	65	64	0
2021-11-23	4496	4599	4479	4517	91	73	0
2021-11-24	4617	4672	4584	4672	63	70	0
2021-11-25	4695	4712	4647	4669	98	74	0
2021-11-26	4637	4685	4578	4592	141	74	0
2021-11-29	4627	4658	4523	4603	75	74	0
2021-11-30	4660	4660	4556	4598	60	71	0
2021-12-01	4634	4816	4604	4781	116	87	0
2021-12-02	4731	4803	4709	4778	114	82	0
2021-12-03	4796	4862	4781	4810	93	78	0
2021-12-06	4840	4882	4780	4798	75	77	0
2021-12-07	4861	4901	4841	4863	76	70	0
2021-12-08	4869	4869	4760	4791	34	71	0
2021-12-09	4763	4791	4698	4767	32	71	0
2021-12-10	4760	4826	4735	4775	94	77	0
2021-12-13	4640	4816	4640	4773	131	78	0
2021-12-14	4794	4800	4726	4789	26	74	0
2021-12-15	4766	4791	4744	4761	35	73	0
2021-12-16	4795	4922	4778	4877	47	74	0
2021-12-17	4864	4864	4818	4832	12	71	0
2021-12-20	4906	4908	4734	4752	62	70	0
2021-12-21	4767	4781	4729	4740	37	75	0
2021-12-22	4736	4759	4681	4681	48	74	0
2021-12-23	4652	4690	4627	4671	80	74	0
2021-12-24	4713	4746	4692	4735	48	68	0
2021-12-27	4697	4697	4493	4493	145	96	0
2021-12-28	4473	4553	4473	4530	66	88	0
2021-12-29	4534	4560	4438	4476	111	93	0
2021-12-30	4478	4536	4392	4463	155	96	0
2021-12-31	4420	4481	4403	4403	68	85	0
2022-01-04	4406	4457	4376	4449	60	73	0
2022-01-05	4507	4516	4459	4516	30	71	0
2022-01-06	4548	4732	4494	4674	376	120	0
2022-01-07	4672	4785	4659	4749	146	107	0
2022-01-10	4747	4791	4718	4735	132	80	0
2022-01-11	4709	4786	4673	4752	259	67	0
2022-01-12	4760	4869	4760	4860	88	60	0
2022-01-13	4908	4958	4786	4786	137	67	0
2022-01-14	4873	4873	4751	4780	94	70	0
2022-01-17	4763	4763	4647	4670	70	78	0
2022-01-18	4681	4779	4661	4741	106	76	0
2022-01-19	4800	4891	4747	4833	115	73	0
2022-01-20	4833	4927	4804	4885	70	69	0
2022-01-21	4884	5212	4875	5041	484	80	0
2022-01-24	5066	5426	5066	5277	541	127	0
2022-01-25	5281	5374	5072	5116	391	97	0
2022-01-26	5072	5255	5059	5186	232	60	0
2022-01-27	5211	5308	4995	5141	184	35	0
2022-01-28	5087	5232	5010	5184	113	9	0
2022-02-07	5145	5150	5104	5104	5	6	0
2022-02-08	5186	5203	5132	5203	19	14	0
2022-02-09	5155	5155	5091	5124	15	11	0
2022-02-10	5145	5209	5145	5194	27	13	0
2022-02-11	5260	5260	5207	5221	43	16	0
2022-02-14	5195	5195	5113	5143	32	13	0
2022-02-15	5072	5123	4956	5089	71	19	0
2022-02-16	5089	5118	5076	5099	26	17	0
2022-02-17	5094	5094	4977	4984	44	18	0
2022-02-18	5010	5069	5010	5044	19	15	0
2022-02-21	5064	5104	5045	5085	28	14	0
2022-02-22	5103	5120	5019	5038	23	12	0
2022-02-23	5024	5091	5024	5066	15	15	0
2022-02-24	5057	5061	4965	4966	28	15	0
2022-02-25	4928	4961	4805	4939	41	19	0
2022-02-28	4936	4983	4893	4958	40	20	0
2022-03-01	5023	5210	5023	5149	60	24	0
2022-03-02	5201	5264	5183	5258	54	33	0
2022-03-03	5244	5491	5244	5438	121	52	0
2022-03-04	5466	5500	5428	5470	92	50	0
2022-03-07	5492	5654	5492	5624	114	49	0
2022-03-08	5550	5565	5266	5516	210	30	0
2022-03-09	5473	5543	5405	5431	90	29	0
2022-03-10	5355	5468	5314	5417	64	27	0
2022-03-11	5403	5444	5398	5430	28	28	0
2022-03-14	5335	5384	5282	5305	71	30	0
2022-03-15	5301	5380	5273	5300	68	26	0
2022-05-18	5111	5136	5091	5136	36	25	0
数据来源:通达信
