ZCL9 动煤指数 日线 前复权
      日期	    开盘	    最高	    最低	    收盘	    成交量	    持仓量	    结算价
2015-05-19	436.0	437.6	436.0	437.0	12	84	0.0
2015-05-20	436.8	437.0	434.8	435.8	16	84	0.0
2015-05-21	438.0	446.8	437.8	443.2	74	122	0.0
2015-05-22	439.2	443.8	439.2	441.4	68	154	0.0
2015-05-25	439.2	441.8	439.2	440.2	12	154	0.0
2015-05-26	441.0	447.8	439.2	441.4	336	338	0.0
2015-05-27	440.0	444.2	438.8	440.8	176	456	0.0
2015-05-28	440.8	441.0	439.6	439.8	86	524	0.0
2015-05-29	441.6	442.6	439.8	442.6	26	544	0.0
2015-06-01	443.0	443.0	440.2	440.8	34	552	0.0
2015-06-02	440.6	442.6	440.2	440.2	24	566	0.0
2015-06-03	442.2	442.2	440.0	440.0	16	572	0.0
2015-06-04	440.8	441.0	438.6	440.0	20	588	0.0
2015-06-05	440.8	440.8	438.0	438.4	28	592	0.0
2015-06-08	438.0	438.4	437.4	438.0	224	614	0.0
2015-06-09	438.0	438.0	438.0	438.0	2	616	0.0
2015-06-10	439.0	439.0	437.0	439.0	32	622	0.0
2015-06-11	440.0	440.0	437.2	437.4	8	628	0.0
2015-06-12	437.0	437.0	428.0	428.0	166	698	0.0
2015-06-15	430.0	430.4	428.8	428.8	58	692	0.0
2015-06-16	425.0	428.0	425.0	426.8	178	716	0.0
2015-06-17	425.0	426.0	421.6	422.6	70	746	0.0
2015-06-18	422.0	422.4	420.4	421.8	30	746	0.0
2015-06-19	414.6	422.6	414.6	420.8	62	762	0.0
2015-06-24	428.0	428.0	421.2	421.2	42	786	0.0
2015-06-25	423.0	423.0	419.2	420.0	62	804	0.0
2015-06-26	419.6	420.4	419.0	420.0	194	718	0.0
2015-06-29	419.4	420.0	411.8	420.0	50	698	0.0
2015-06-30	416.0	418.2	413.2	416.6	130	700	0.0
2015-07-01	414.0	417.4	414.0	415.0	60	726	0.0
2015-07-02	414.0	415.2	412.2	415.2	66	720	0.0
2015-07-03	415.0	417.2	413.6	414.2	86	732	0.0
2015-07-06	413.2	413.4	404.2	409.2	434	704	0.0
2015-07-07	408.0	408.4	400.0	406.8	316	608	0.0
2015-07-08	402.6	402.6	390.6	390.6	174	526	0.0
2015-07-09	370.4	401.0	370.4	395.0	136	490	0.0
2015-07-10	396.4	397.0	392.6	393.4	76	508	0.0
2015-07-13	395.0	396.8	381.8	390.0	62	516	0.0
2015-07-14	392.6	392.6	390.8	391.2	18	522	0.0
2015-07-15	393.6	393.6	389.8	390.2	32	532	0.0
2015-07-16	390.2	392.2	390.0	390.8	40	540	0.0
2015-07-17	390.0	392.8	390.0	392.4	50	572	0.0
2015-07-20	389.2	392.6	389.2	391.2	142	578	0.0
2015-07-21	392.8	392.8	389.0	391.0	90	610	0.0
2015-07-22	390.0	390.6	382.2	382.6	152	658	0.0
2015-07-23	379.2	384.6	379.0	380.6	84	696	0.0
2015-07-24	382.0	382.4	380.0	381.0	252	692	0.0
2015-07-27	382.2	383.0	379.8	381.4	184	718	0.0
2015-07-28	381.2	382.4	375.8	377.8	160	722	0.0
2015-07-29	379.8	380.8	376.0	377.4	326	912	0.0
2015-07-30	377.6	379.6	375.2	375.2	260	1068	0.0
2015-07-31	376.0	378.2	375.4	377.0	70	1084	0.0
2015-08-03	378.4	378.6	374.0	376.2	140	1114	0.0
2015-08-05	376.6	377.2	376.2	376.6	420	1082	0.0
2015-08-06	376.6	376.6	370.6	374.8	116	1100	0.0
2015-08-07	375.2	375.2	371.8	372.4	170	1146	0.0
2015-08-10	372.4	373.6	365.2	370.6	212	1256	0.0
2015-08-11	371.4	375.8	371.0	373.2	648	1394	0.0
2015-08-12	373.0	375.8	372.2	375.8	414	1464	0.0
2015-08-13	376.4	381.4	376.0	379.0	788	1678	0.0
2015-08-14	377.2	378.2	377.0	378.2	292	1718	0.0
2015-08-17	378.0	378.2	377.0	377.0	166	1748	0.0
2015-08-18	377.2	377.6	373.6	374.4	644	2108	0.0
2015-08-19	374.8	374.8	371.4	374.6	708	2156	0.0
2015-08-20	374.4	376.0	372.2	372.4	570	2220	0.0
2015-08-21	373.0	374.0	372.2	372.2	126	2240	0.0
2015-08-24	372.8	373.0	362.4	363.6	590	2182	0.0
2015-08-25	362.2	365.2	359.6	363.0	256	2102	0.0
2015-08-26	369.0	369.0	358.4	359.4	498	2418	0.0
2015-08-27	360.8	365.0	360.8	363.4	300	2430	0.0
2015-08-28	363.0	369.6	363.0	364.4	660	2548	0.0
2015-08-31	364.0	365.4	362.2	363.8	694	2622	0.0
2015-09-01	364.0	365.8	362.4	364.2	722	2532	0.0
2015-09-02	364.8	366.0	361.2	362.8	336	2542	0.0
2015-09-07	360.0	362.4	356.2	360.8	218	2546	0.0
2015-09-08	362.0	363.2	361.8	363.0	324	2528	0.0
2015-09-09	363.2	366.2	363.2	364.8	780	2928	0.0
2015-09-10	364.0	365.0	363.2	365.0	378	3036	0.0
2015-09-11	365.0	366.0	364.6	365.0	534	3206	0.0
2015-09-14	365.0	366.0	363.0	364.2	354	3134	0.0
2015-09-15	364.8	364.8	361.4	362.0	252	3216	0.0
2015-09-16	362.2	364.6	361.6	363.2	386	3350	0.0
2015-09-17	362.8	363.6	362.0	362.8	244	3398	0.0
2015-09-18	362.6	363.4	362.0	363.2	290	3484	0.0
2015-09-21	362.8	363.0	359.2	359.4	1068	3984	0.0
2015-09-22	360.2	360.6	358.4	358.4	316	4160	0.0
2015-09-23	358.8	359.6	357.6	359.2	132	4176	0.0
2015-09-24	358.6	359.0	357.4	358.0	184	4236	0.0
2015-09-25	359.0	359.2	357.4	357.4	146	4242	0.0
2015-09-28	357.4	357.6	350.6	351.0	732	4612	0.0
2015-09-29	348.4	351.4	346.6	348.2	740	4578	0.0
2015-09-30	348.2	348.8	345.4	347.0	374	4490	0.0
2015-10-08	348.0	349.8	348.0	348.4	552	4686	0.0
2015-10-09	348.8	351.0	348.0	350.0	1130	5216	0.0
2015-10-12	349.8	350.0	348.0	348.8	974	5446	0.0
2015-10-13	347.8	347.8	346.2	346.2	608	5774	0.0
2015-10-14	345.6	346.6	339.6	339.8	1910	6736	0.0
2015-10-15	340.4	340.4	337.4	338.6	3472	7188	0.0
2015-10-16	338.4	338.4	336.2	336.6	2570	7476	0.0
2015-10-19	336.8	338.0	336.2	336.4	2430	7526	0.0
2015-10-20	336.8	336.8	334.0	334.2	1676	7594	0.0
2015-10-21	333.2	333.6	331.4	331.8	2520	7654	0.0
2015-10-22	332.4	333.8	331.4	332.6	1698	7666	0.0
2015-10-23	332.6	332.6	328.8	330.8	4354	9328	0.0
2015-10-26	330.0	330.6	323.2	323.6	4932	11800	0.0
2015-10-27	324.0	325.6	321.8	324.0	6608	13788	0.0
2015-10-28	324.0	324.4	321.6	322.2	4396	14266	0.0
2015-10-29	322.6	323.8	320.2	321.8	4162	14172	0.0
2015-10-30	321.8	322.4	317.0	317.2	4170	15256	0.0
2015-11-02	317.4	317.6	313.4	313.8	11878	20398	0.0
2015-11-03	314.0	314.4	309.8	309.8	10986	23658	0.0
2015-11-04	310.4	313.2	310.0	310.8	13244	24792	0.0
2015-11-05	310.8	314.4	306.2	307.0	22332	29310	0.0
2015-11-06	306.4	308.4	304.8	306.6	12352	32906	0.0
2015-11-09	307.0	308.6	306.0	308.2	8372	33706	0.0
2015-11-10	308.0	309.8	306.6	309.6	14962	32114	0.0
2015-11-11	309.2	309.6	302.2	303.2	12652	33782	0.0
2015-11-12	302.8	303.8	298.4	300.0	21954	37446	0.0
2015-11-13	298.6	301.8	296.4	300.0	28736	39184	0.0
2015-11-16	300.6	304.2	298.6	300.0	25768	40770	0.0
2015-11-17	300.6	300.8	296.4	299.8	20118	41118	0.0
2015-11-18	299.8	301.4	295.0	296.2	20062	44414	0.0
2015-11-19	296.4	296.8	286.2	287.2	57168	49896	0.0
2015-11-20	286.8	289.4	285.0	286.8	39658	53008	0.0
2015-11-23	287.0	289.6	285.6	286.6	29804	52362	0.0
2015-11-24	286.2	287.4	278.0	282.6	74652	59220	0.0
2015-11-25	282.0	290.8	280.0	288.4	72700	58558	0.0
2015-11-26	285.4	297.8	285.4	293.2	73540	56924	0.0
2015-11-27	292.2	297.8	291.0	293.2	40574	59136	0.0
2015-11-30	292.6	295.2	287.4	291.8	38904	60314	0.0
2015-12-01	292.4	296.8	291.8	293.8	31226	61886	0.0
2015-12-02	292.0	299.0	292.0	296.6	45400	65190	0.0
2015-12-03	295.8	296.4	288.8	289.4	37972	68972	0.0
2015-12-04	290.0	292.6	284.8	287.0	53992	68338	0.0
2015-12-07	288.0	291.4	282.0	291.0	45114	68610	0.0
2015-12-08	289.8	291.0	285.6	288.4	40768	69098	0.0
2015-12-09	288.4	291.4	286.2	289.8	41424	71570	0.0
2015-12-10	292.8	292.8	289.4	291.6	38702	70810	0.0
2015-12-11	290.4	291.6	288.4	291.2	21322	68442	0.0
2015-12-14	291.2	296.6	289.8	296.0	42256	71962	0.0
2015-12-15	294.8	297.8	294.8	295.4	31336	71684	0.0
2015-12-16	295.6	297.8	294.6	297.8	23860	72674	0.0
2015-12-17	298.0	301.6	296.8	297.0	47130	72772	0.0
2015-12-18	295.8	301.2	295.6	300.0	33634	74120	0.0
2015-12-21	301.8	310.4	300.0	310.4	69390	74314	0.0
2015-12-22	311.6	313.4	308.2	312.6	60056	69580	0.0
2015-12-23	313.0	313.4	308.2	310.8	53962	73398	0.0
2015-12-24	310.8	313.6	309.6	310.0	45920	71516	0.0
2015-12-25	309.4	310.0	300.0	300.8	92348	79378	0.0
2015-12-28	301.4	303.4	299.6	302.0	63330	73578	0.0
2015-12-29	301.8	308.8	301.6	308.0	64068	71578	0.0
2015-12-30	307.8	317.4	306.2	306.6	106344	71118	0.0
2015-12-31	306.2	308.8	302.0	304.4	150650	79900	0.0
2016-01-04	306.6	308.2	302.4	303.4	64796	78746	0.0
2016-01-05	303.6	308.0	302.8	307.4	78626	79178	0.0
2016-01-06	306.6	307.0	304.2	306.0	64488	77628	0.0
2016-01-07	305.2	312.2	304.8	306.0	171500	81136	0.0
2016-01-08	306.2	307.8	300.8	306.0	114890	79244	0.0
2016-01-11	306.0	309.2	305.2	307.2	89856	80584	0.0
2016-01-12	307.4	310.6	306.2	308.2	133524	87672	0.0
2016-01-13	308.6	311.6	296.8	296.8	274186	118364	0.0
2016-01-14	298.0	299.0	294.2	296.0	268966	129914	0.0
2016-01-15	295.4	299.0	292.4	293.8	221736	135456	0.0
2016-01-18	293.4	304.8	290.4	304.6	277398	114772	0.0
2016-01-19	304.2	310.0	303.4	310.0	168474	109588	0.0
2016-01-20	312.2	313.0	308.4	309.6	183708	106112	0.0
2016-01-21	310.0	316.4	307.6	314.4	352340	129116	0.0
2016-01-22	314.8	325.6	313.6	325.0	480510	157366	0.0
2016-01-25	325.8	329.2	322.0	324.6	513944	188018	0.0
2016-01-26	324.0	325.4	321.6	324.6	302960	183532	0.0
2016-01-27	326.6	326.8	322.6	322.8	349240	167980	0.0
2016-01-28	322.6	322.6	318.4	319.4	294058	148168	0.0
2016-01-29	320.0	322.8	317.8	322.4	287974	150560	0.0
2016-02-01	324.0	326.4	321.0	321.8	261350	138656	0.0
2016-02-02	321.4	323.4	319.2	322.2	164274	132234	0.0
2016-02-03	322.4	323.8	320.0	322.4	108880	127878	0.0
2016-02-04	322.4	326.6	322.2	324.4	120684	122294	0.0
2016-02-05	324.0	325.0	320.6	320.6	64534	108164	0.0
2016-02-15	319.2	322.0	318.0	320.4	47512	110494	0.0
2016-02-16	320.6	324.4	320.0	321.6	114832	120014	0.0
2016-02-17	321.4	322.0	310.6	311.2	247378	126862	0.0
2016-02-18	312.2	316.4	310.4	316.2	231694	142056	0.0
2016-02-19	316.2	323.0	316.0	321.2	239934	138824	0.0
2016-02-22	320.8	331.0	320.0	329.4	236140	135764	0.0
2016-02-23	328.6	330.8	323.6	327.2	194298	132570	0.0
2016-02-24	327.4	333.4	325.6	332.4	349924	150640	0.0
2016-02-25	332.2	332.8	326.8	327.6	260178	154544	0.0
2016-02-26	328.2	338.2	325.2	335.0	398160	165678	0.0
2016-02-29	336.0	339.6	332.8	338.2	363706	164092	0.0
2016-03-01	338.6	342.4	334.8	336.6	263994	151546	0.0
2016-03-02	337.0	341.6	334.4	339.8	237464	157688	0.0
2016-03-03	339.6	344.6	339.6	340.6	214758	154100	0.0
2016-03-04	341.4	348.4	339.8	346.8	282024	155898	0.0
2016-03-07	347.8	357.6	345.6	357.6	250792	137206	0.0
2016-03-08	366.0	378.8	348.0	359.4	552026	101698	0.0
2016-03-09	353.8	358.6	348.2	348.2	271892	107152	0.0
2016-03-10	349.4	363.2	342.2	343.2	353822	111584	0.0
2016-03-11	344.8	357.2	343.8	355.4	440588	131508	0.0
2016-03-14	354.4	367.0	353.2	355.2	447754	146084	0.0
2016-03-15	354.0	357.8	351.2	354.8	294622	137640	0.0
2016-03-16	355.8	361.6	352.2	357.8	343120	140892	0.0
2016-03-17	358.4	364.2	355.2	358.2	309850	149244	0.0
2016-03-18	357.0	368.6	356.0	358.4	492170	153240	0.0
2016-03-21	356.6	357.6	347.2	347.2	479230	152440	0.0
2016-03-22	347.8	352.0	346.4	349.0	303278	154328	0.0
2016-03-23	350.0	358.4	349.8	356.2	352086	149312	0.0
2016-03-24	355.6	355.6	346.0	348.8	280602	131324	0.0
2016-03-25	348.8	356.4	348.8	353.8	265004	129864	0.0
2016-03-28	354.2	355.2	346.0	346.8	244448	145110	0.0
2016-03-29	347.6	353.8	347.4	353.2	226706	137332	0.0
2016-03-30	353.6	354.4	348.4	353.2	159434	133360	0.0
2016-03-31	353.6	354.2	349.6	353.0	156910	134238	0.0
2016-04-01	353.4	358.4	351.8	355.0	316674	149920	0.0
2016-04-05	354.4	355.4	350.8	353.0	119068	139566	0.0
2016-04-06	354.2	359.2	352.6	359.2	235428	158044	0.0
2016-04-07	359.8	367.4	359.0	365.2	467574	196458	0.0
2016-04-08	364.2	367.4	362.0	366.4	317670	186614	0.0
2016-04-11	367.0	371.4	362.4	365.6	455180	182956	0.0
2016-04-12	367.0	373.2	366.2	370.6	321656	191110	0.0
2016-04-13	370.4	379.2	369.0	375.2	598632	191262	0.0
2016-04-14	375.6	388.6	375.4	388.4	816306	242242	0.0
2016-04-15	392.4	393.0	369.6	372.2	534042	173276	0.0
2016-04-18	372.8	392.0	371.6	386.8	482748	183140	0.0
2016-04-19	387.8	388.6	378.8	385.2	326066	166502	0.0
2016-04-20	386.6	399.2	380.6	396.2	670834	180590	0.0
2016-04-21	395.2	405.4	392.2	404.8	425692	184546	0.0
2016-04-22	405.4	410.8	386.2	388.0	637760	153214	0.0
2016-04-25	389.8	408.0	387.8	402.8	674742	154526	0.0
2016-04-26	402.8	403.4	387.4	393.0	441822	156608	0.0
2016-04-27	395.0	401.4	381.0	389.6	710634	170048	0.0
2016-04-28	389.6	398.6	388.2	396.8	747534	196548	0.0
2016-04-29	396.8	401.6	393.6	399.8	378070	177778	0.0
2016-05-03	398.0	399.4	387.8	390.0	239520	177402	0.0
2016-05-04	389.4	393.4	387.4	390.4	205652	169248	0.0
2016-05-05	390.6	391.6	382.0	386.4	235352	174444	0.0
2016-05-06	386.8	388.2	375.4	381.4	330888	175906	0.0
2016-05-09	380.4	385.8	371.0	374.2	425408	171128	0.0
2016-05-10	373.6	381.2	372.0	381.2	273588	159698	0.0
2016-05-11	381.2	386.0	379.0	379.6	277482	153964	0.0
2016-05-12	380.0	385.6	377.6	381.8	214638	152706	0.0
2016-05-13	381.0	383.8	367.2	372.6	311878	158206	0.0
2016-05-16	375.2	378.8	373.0	375.4	162508	144804	0.0
2016-05-17	376.0	393.8	375.4	391.4	308500	167080	0.0
2016-05-18	391.4	398.4	384.8	388.6	295876	161008	0.0
2016-05-19	388.6	397.6	386.0	396.8	497494	185002	0.0
2016-05-20	395.8	401.2	394.2	397.4	372946	175126	0.0
2016-05-23	397.4	401.6	386.4	395.6	735384	208424	0.0
2016-05-24	395.6	397.2	386.4	388.4	649320	228230	0.0
2016-05-25	389.8	391.0	377.8	381.8	741104	254018	0.0
2016-05-26	383.4	399.0	382.6	398.8	655426	232914	0.0
2016-05-27	398.2	403.0	394.0	398.2	499040	210934	0.0
2016-05-30	398.4	407.6	395.4	406.4	422770	233176	0.0
2016-05-31	405.0	412.8	402.6	405.8	446442	247864	0.0
2016-06-01	405.8	411.4	403.0	407.6	445192	268664	0.0
2016-06-02	407.0	416.8	404.6	415.2	421542	306508	0.0
2016-06-03	414.4	421.0	412.4	415.6	386092	308404	0.0
2016-06-06	419.2	419.4	409.6	410.6	469592	271230	0.0
2016-06-07	410.6	415.0	408.8	414.0	300776	254464	0.0
2016-06-08	413.2	416.8	411.2	413.0	288602	245764	0.0
2016-06-13	412.8	417.4	412.0	414.8	168548	242592	0.0
2016-06-14	414.8	419.6	406.4	410.0	526368	272566	0.0
2016-06-15	409.8	410.2	405.0	406.4	306156	277254	0.0
2016-06-16	407.8	411.0	403.4	404.4	277726	288560	0.0
2016-06-17	403.6	414.2	403.4	413.6	342606	261334	0.0
2016-06-20	415.6	418.6	413.0	417.2	231088	261400	0.0
2016-06-21	417.0	429.4	416.8	429.4	432720	296228	0.0
2016-06-22	428.2	429.4	425.8	428.8	222030	287546	0.0
2016-06-23	428.4	435.8	426.6	432.8	338410	304364	0.0
2016-06-24	432.8	435.8	430.8	432.8	286554	296108	0.0
2016-06-27	434.0	439.2	429.4	436.0	426130	271880	0.0
2016-06-28	434.2	435.4	428.8	430.4	322558	256510	0.0
2016-06-29	431.4	442.0	430.6	437.6	390002	266240	0.0
2016-06-30	439.0	442.0	434.8	438.4	362760	258150	0.0
2016-07-01	437.4	439.8	430.8	430.8	300910	248200	0.0
2016-07-04	431.0	443.0	430.6	442.8	413284	256212	0.0
2016-07-05	442.4	443.2	434.6	437.8	300458	242384	0.0
2016-07-06	437.0	440.2	425.6	429.0	379118	237188	0.0
2016-07-07	428.6	431.8	418.6	419.8	302514	248968	0.0
2016-07-08	421.2	423.4	418.4	423.4	222336	235508	0.0
2016-07-11	424.2	425.0	419.0	425.0	172028	240684	0.0
2016-07-12	426.0	439.0	425.2	438.6	378238	255790	0.0
2016-07-13	438.8	443.6	437.8	440.2	258532	262300	0.0
2016-07-14	440.0	441.0	435.6	440.8	211932	261148	0.0
2016-07-15	441.2	446.8	438.6	446.0	216734	271528	0.0
2016-07-18	446.0	447.2	441.2	444.2	257612	283268	0.0
2016-07-19	444.8	447.4	442.0	445.2	256654	291478	0.0
2016-07-20	445.2	450.8	444.2	446.4	266534	311870	0.0
2016-07-21	446.0	452.8	444.0	451.4	293888	326544	0.0
2016-07-22	450.8	451.6	445.6	447.4	163892	329274	0.0
2016-07-25	447.0	451.6	444.2	448.6	187820	333368	0.0
2016-07-26	446.8	448.2	445.0	446.2	126850	335328	0.0
2016-07-27	446.6	451.0	446.0	449.6	161682	334324	0.0
2016-07-28	450.0	459.4	449.4	458.8	278908	358120	0.0
2016-07-29	458.6	462.0	456.0	458.2	260838	358002	0.0
2016-08-01	460.8	465.4	439.6	448.6	742326	328810	0.0
2016-08-02	450.2	456.4	449.6	453.6	312618	339864	0.0
2016-08-03	454.6	461.8	451.4	460.0	318116	332690	0.0
2016-08-04	461.0	463.2	458.6	463.2	362506	353788	0.0
2016-08-05	463.2	469.4	461.4	469.4	202862	346550	0.0
2016-08-08	469.0	483.0	467.8	482.2	303268	329414	0.0
2016-08-09	480.6	486.8	476.0	485.8	326410	343954	0.0
2016-08-10	485.6	495.4	483.6	491.0	309920	345960	0.0
2016-08-11	490.6	491.4	486.2	490.2	277992	352642	0.0
2016-08-12	490.8	492.2	481.2	488.0	402770	354698	0.0
2016-08-15	487.4	492.6	483.6	491.4	440108	362542	0.0
2016-08-16	491.2	496.8	483.6	490.4	417580	336508	0.0
2016-08-17	491.8	496.0	480.6	481.2	480308	314134	0.0
2016-08-18	483.0	485.2	468.4	470.4	762674	317206	0.0
2016-08-19	465.2	472.6	461.2	469.6	572758	268482	0.0
2016-08-22	470.0	477.4	465.2	469.2	437544	277400	0.0
2016-08-23	470.2	477.4	465.0	473.6	337208	266368	0.0
2016-08-24	473.8	475.2	470.2	471.2	376468	281518	0.0
2016-08-25	471.8	475.4	463.4	474.8	572958	269176	0.0
2016-08-26	474.6	477.6	472.0	475.4	306000	265110	0.0
2016-08-29	476.4	476.4	470.6	474.4	335324	264182	0.0
2016-08-30	475.2	483.2	471.4	482.2	383912	259750	0.0
2016-08-31	482.2	503.0	481.4	500.8	822088	292248	0.0
2016-09-01	499.2	505.2	493.8	504.8	734770	299448	0.0
2016-09-02	504.4	507.8	500.6	506.6	709196	279486	0.0
2016-09-05	507.4	523.4	504.6	519.0	649482	289086	0.0
2016-09-06	519.0	524.0	517.4	520.2	375866	302334	0.0
2016-09-07	519.6	520.0	497.2	499.2	871914	279848	0.0
2016-09-08	497.8	515.8	496.6	512.0	754128	297786	0.0
2016-09-09	511.8	512.0	496.4	499.2	981462	311446	0.0
2016-09-12	499.6	503.0	491.2	492.0	667702	311760	0.0
2016-09-13	493.2	501.8	489.2	496.0	724848	318666	0.0
2016-09-14	495.4	499.4	491.8	497.6	530942	314260	0.0
2016-09-19	498.8	515.4	498.6	515.4	434760	324184	0.0
2016-09-20	516.0	528.6	514.4	525.6	709646	325892	0.0
2016-09-21	525.2	527.4	515.8	519.8	732682	300938	0.0
2016-09-22	521.0	530.2	512.2	513.8	1217300	325822	0.0
2016-09-23	515.6	522.2	509.6	521.8	974146	321236	0.0
2016-09-26	520.4	527.0	517.2	523.2	782722	340238	0.0
2016-09-27	523.6	527.4	520.8	525.2	698914	348148	0.0
2016-09-28	522.8	526.0	520.0	524.6	597740	332934	0.0
2016-09-29	529.0	545.6	529.0	538.8	750148	291746	0.0
2016-09-30	538.4	540.4	532.0	536.8	356662	270308	0.0
2016-10-10	540.2	542.6	523.2	535.4	391700	295648	0.0
2016-10-11	533.8	540.0	531.4	539.8	457094	327118	0.0
2016-10-12	539.8	540.2	534.4	539.8	484000	325140	0.0
2016-10-13	541.4	555.2	538.4	552.8	840170	359066	0.0
2016-10-14	553.4	564.6	550.2	559.6	533334	353570	0.0
2016-10-17	559.0	582.2	557.6	581.4	699584	366236	0.0
2016-10-18	581.2	584.8	569.6	578.0	752166	362410	0.0
2016-10-19	578.0	595.2	572.4	577.6	1050448	351100	0.0
2016-10-20	578.4	587.4	575.6	584.4	630650	344510	0.0
2016-10-21	584.2	595.8	582.6	595.4	960662	400162	0.0
2016-10-24	597.4	618.6	596.8	618.0	1303308	446658	0.0
2016-10-25	615.6	636.8	612.8	634.4	1037340	432150	0.0
2016-10-26	636.4	652.6	616.4	621.4	1772136	408048	0.0
2016-10-27	624.2	629.0	602.0	603.4	1478458	515370	0.0
2016-10-28	606.2	622.2	605.0	621.6	917036	499622	0.0
2016-10-31	624.2	629.2	602.2	622.8	1459118	541978	0.0
2016-11-01	614.6	641.8	610.0	625.4	936006	516168	0.0
2016-11-02	628.6	638.8	625.0	631.6	564398	523206	0.0
2016-11-03	632.2	635.0	623.6	629.0	566454	534052	0.0
2016-11-04	634.2	658.0	629.0	650.0	976246	507450	0.0
2016-11-07	654.8	669.4	646.4	661.4	850580	480350	0.0
2016-11-08	661.4	665.8	624.4	625.0	923482	497198	0.0
2016-11-09	625.8	645.0	616.0	641.2	720920	431984	0.0
2016-11-10	644.2	653.4	603.2	615.0	879380	471778	0.0
2016-11-11	620.0	637.6	606.2	634.6	746106	433494	0.0
2016-11-14	643.0	662.2	623.4	641.8	707036	405634	0.0
2016-11-15	637.4	647.2	605.8	617.4	677882	419694	0.0
2016-11-16	615.8	626.4	609.8	622.2	396320	419588	0.0
2016-11-17	620.2	620.4	590.2	600.2	671012	436854	0.0
2016-11-18	601.0	601.6	578.6	581.2	561254	416740	0.0
2016-11-21	581.8	600.0	576.0	588.6	395608	376582	0.0
2016-11-22	590.2	607.2	587.6	597.8	441958	365940	0.0
2016-11-23	591.4	595.4	582.6	586.8	340540	344218	0.0
2016-11-24	583.0	599.0	581.6	589.0	327470	315652	0.0
2016-11-25	588.6	595.6	582.8	587.4	278638	288562	0.0
2016-11-28	587.8	593.4	584.2	589.0	222328	251558	0.0
2016-11-29	589.0	589.4	572.0	572.0	289658	258118	0.0
2016-11-30	569.2	577.2	544.8	555.4	389456	263576	0.0
2016-12-01	562.0	574.6	558.6	573.4	266614	228072	0.0
2016-12-02	573.6	573.6	561.2	569.0	216026	232056	0.0
2016-12-05	567.8	570.0	561.0	561.0	120438	218996	0.0
2016-12-06	561.2	563.8	548.0	550.4	170540	213382	0.0
2016-12-07	550.8	573.6	548.4	563.2	237198	211694	0.0
2016-12-08	563.4	566.8	557.0	559.8	150598	208054	0.0
2016-12-09	559.8	561.2	552.8	560.0	142456	205716	0.0
2016-12-12	560.6	570.6	557.0	557.8	240074	216336	0.0
2016-12-13	557.8	562.4	553.4	556.8	99352	204066	0.0
2016-12-14	558.6	558.8	546.6	550.4	115158	200032	0.0
2016-12-15	549.8	552.2	546.8	550.4	87478	186670	0.0
2016-12-16	553.4	557.0	550.0	550.4	108442	183188	0.0
2016-12-19	549.0	550.4	537.0	543.2	160292	197294	0.0
2016-12-20	544.6	546.8	538.4	539.8	118656	194098	0.0
2016-12-21	539.4	542.2	531.6	538.6	155492	203130	0.0
2016-12-22	537.6	538.0	527.4	527.4	121976	220670	0.0
2016-12-23	529.4	529.8	521.6	522.6	122984	226518	0.0
2016-12-26	523.4	525.6	514.2	515.8	127232	239774	0.0
2016-12-27	517.0	520.0	514.6	518.8	82862	222952	0.0
2016-12-28	518.2	523.8	514.6	516.8	144418	221172	0.0
2016-12-29	516.0	516.0	504.6	506.6	151604	241014	0.0
2016-12-30	506.8	511.0	502.0	502.4	110774	233472	0.0
2017-01-02	502.4	502.4	502.4	502.4	110774	233472	0.0
2017-01-03	502.2	506.6	491.6	494.4	105772	259610	0.0
2017-01-04	496.2	503.0	488.6	498.0	154142	238466	0.0
2017-01-05	498.6	512.4	496.2	510.2	131942	221110	0.0
2017-01-06	510.8	515.2	506.6	508.4	110808	205684	0.0
2017-01-09	508.2	518.2	507.0	517.4	104292	199318	0.0
2017-01-10	517.4	526.6	510.2	526.6	160576	195020	0.0
2017-01-11	526.4	529.2	521.4	526.0	102898	181546	0.0
2017-01-12	524.6	528.2	521.4	523.6	79440	178394	0.0
2017-01-13	522.8	526.2	522.2	523.8	68186	173864	0.0
2017-01-16	523.2	544.0	522.8	539.2	138744	188628	0.0
2017-01-17	538.8	541.2	508.4	509.4	198894	176344	0.0
2017-01-18	507.0	516.0	505.6	507.2	128156	166230	0.0
2017-01-19	508.8	513.6	507.0	511.2	76966	164962	0.0
2017-01-20	511.0	512.8	505.8	506.6	73164	164626	0.0
2017-01-23	507.4	519.2	501.0	517.0	140326	162932	0.0
2017-01-24	517.6	531.2	513.8	530.6	134532	154152	0.0
2017-01-25	532.4	534.6	523.0	534.0	103854	152990	0.0
2017-01-26	533.2	536.6	530.8	535.6	73844	151090	0.0
2017-02-03	535.4	535.8	520.4	523.4	61368	151344	0.0
2017-02-06	523.8	537.6	523.4	533.0	110448	175624	0.0
2017-02-07	532.6	536.4	532.0	535.4	49208	176172	0.0
2017-02-08	535.0	540.8	531.6	534.8	81000	185890	0.0
2017-02-09	534.4	536.0	525.6	528.0	101028	178804	0.0
2017-02-10	527.8	536.8	526.8	534.2	91932	178300	0.0
2017-02-13	535.4	537.8	530.4	534.0	95052	184788	0.0
2017-02-14	533.4	537.0	528.8	530.2	94192	182076	0.0
2017-02-15	530.4	536.8	522.0	534.0	192754	193340	0.0
2017-02-16	535.4	551.0	534.8	542.8	337766	246544	0.0
2017-02-17	545.8	548.0	541.8	547.6	115274	241574	0.0
2017-02-20	551.0	555.0	545.6	554.2	131664	260142	0.0
2017-02-21	556.4	560.2	551.8	553.8	89758	252598	0.0
2017-02-22	554.8	557.0	550.8	554.8	96786	262284	0.0
2017-02-23	555.8	566.4	554.6	563.2	204500	292286	0.0
2017-02-24	564.2	564.6	548.2	559.8	218290	281096	0.0
2017-02-27	562.2	570.2	553.6	569.6	168988	292682	0.0
2017-02-28	570.8	581.4	568.8	577.0	224230	303582	0.0
2017-03-01	578.0	580.2	573.8	578.6	114776	300380	0.0
2017-03-02	582.2	582.2	574.6	579.2	135576	309028	0.0
2017-03-03	578.6	579.8	572.0	579.6	144492	308042	0.0
2017-03-06	581.0	594.6	579.6	588.8	271110	340318	0.0
2017-03-07	589.4	590.4	574.4	582.0	290068	329752	0.0
2017-03-08	582.2	584.4	579.6	581.8	206256	353186	0.0
2017-03-09	585.2	586.4	574.6	580.6	419232	393462	0.0
2017-03-10	580.6	586.0	579.0	580.4	231750	393920	0.0
2017-03-13	581.8	604.4	576.2	603.4	547280	467562	0.0
2017-03-14	603.2	611.8	601.6	608.8	291346	444670	0.0
2017-03-15	607.4	622.6	605.0	609.6	381616	426974	0.0
2017-03-16	611.0	613.8	603.4	612.6	243756	401662	0.0
2017-03-17	613.4	616.4	606.2	616.2	207400	432018	0.0
2017-03-20	616.4	620.2	611.4	614.0	216746	426950	0.0
2017-03-21	613.6	616.0	607.4	610.2	201996	426308	0.0
2017-03-22	608.4	611.0	605.6	606.2	227930	423660	0.0
2017-03-23	607.6	624.6	606.6	619.2	313524	459198	0.0
2017-03-24	617.6	618.0	600.2	602.6	395590	447604	0.0
2017-03-27	605.6	616.6	596.4	602.2	461866	481248	0.0
2017-03-28	603.4	611.0	601.0	607.0	323330	487660	0.0
2017-03-29	620.8	622.4	616.6	622.4	403248	499484	0.0
2017-03-30	622.8	623.8	617.2	620.2	309324	493638	0.0
2017-03-31	618.6	625.8	612.6	623.6	395012	491632	0.0
2017-04-05	622.6	635.2	622.6	630.4	315574	478692	0.0
2017-04-06	630.0	632.4	625.6	628.2	172554	462110	0.0
2017-04-07	626.8	627.4	612.8	616.6	328426	453586	0.0
2017-04-10	616.2	625.4	613.6	617.2	249892	431620	0.0
2017-04-11	614.4	614.4	600.6	601.2	319240	438888	0.0
2017-04-12	601.6	605.8	597.4	599.6	270798	422968	0.0
2017-04-13	598.8	603.0	590.4	594.6	348082	445228	0.0
2017-04-14	593.4	597.6	586.6	591.0	265426	424148	0.0
2017-04-17	593.4	601.2	588.0	588.6	299674	434258	0.0
2017-04-18	587.6	590.2	577.6	577.6	298964	443552	0.0
2017-04-19	577.8	577.8	564.2	567.8	299906	448390	0.0
2017-04-20	568.8	581.4	561.8	574.8	344522	439244	0.0
2017-04-21	572.4	575.2	566.2	566.2	256154	409260	0.0
2017-04-24	564.4	565.8	545.8	549.2	313516	434594	0.0
2017-04-25	549.2	549.6	538.8	543.0	266162	417370	0.0
2017-04-26	541.8	549.0	536.8	538.2	262854	396150	0.0
2017-04-27	538.8	542.6	537.6	540.0	126654	381326	0.0
2017-04-28	539.0	539.6	529.2	530.4	197396	350352	0.0
2017-05-02	530.4	535.0	528.6	533.2	101326	353684	0.0
2017-05-03	532.2	533.0	525.4	530.8	156984	367032	0.0
2017-05-04	529.2	530.4	514.4	516.0	327252	415486	0.0
2017-05-05	515.2	519.6	512.0	512.8	187988	419154	0.0
2017-05-08	513.4	517.0	507.0	508.8	177890	410264	0.0
2017-05-09	508.0	511.6	506.8	509.4	90586	398882	0.0
2017-05-10	509.6	519.0	508.6	516.0	167296	401984	0.0
2017-05-11	515.6	516.4	503.6	513.6	242370	420218	0.0
2017-05-12	512.6	515.8	506.6	510.6	167238	414460	0.0
2017-05-15	511.0	513.8	508.4	512.2	92746	414446	0.0
2017-05-16	510.2	522.4	508.4	522.0	194758	444724	0.0
2017-05-17	521.0	529.6	518.4	528.2	243254	439008	0.0
2017-05-18	526.4	527.4	521.8	523.0	133570	413016	0.0
2017-05-19	522.2	534.8	521.8	534.6	206376	428058	0.0
2017-05-22	534.0	535.4	524.6	527.8	186540	391348	0.0
2017-05-23	528.4	531.4	525.8	526.4	118904	373134	0.0
2017-05-24	526.8	528.2	515.4	515.4	186772	359980	0.0
2017-05-25	515.4	524.6	514.4	521.6	155618	365394	0.0
2017-05-26	521.0	528.8	519.8	527.2	170648	371022	0.0
2017-05-31	527.2	527.4	514.0	514.8	166962	365154	0.0
2017-06-01	515.8	523.8	515.2	523.4	184374	383092	0.0
2017-06-02	521.2	522.8	513.0	518.2	181936	366598	0.0
2017-06-05	518.0	530.8	514.6	530.0	310102	404782	0.0
2017-06-06	528.6	533.2	526.0	531.8	188388	404524	0.0
2017-06-07	533.6	543.2	533.4	542.6	349046	457704	0.0
2017-06-08	542.4	554.4	541.2	551.8	352394	488646	0.0
2017-06-09	551.8	553.8	548.6	551.6	201990	479992	0.0
2017-06-12	551.8	560.4	547.8	560.2	269370	509580	0.0
2017-06-13	560.6	566.6	558.4	563.2	304126	545278	0.0
2017-06-14	563.6	570.4	557.6	567.2	467818	558628	0.0
2017-06-15	565.4	566.6	559.4	564.4	268308	534408	0.0
2017-06-16	568.6	574.0	565.6	569.8	251072	548418	0.0
2017-06-19	569.4	583.0	567.8	581.0	301620	557792	0.0
2017-06-20	580.6	584.8	577.8	581.0	237558	565140	0.0
2017-06-21	579.0	582.0	576.8	578.0	224498	567782	0.0
2017-06-22	577.8	582.0	574.4	577.8	226006	576354	0.0
2017-06-23	577.8	578.0	565.4	572.4	383414	566700	0.0
2017-06-26	571.4	574.0	562.2	564.2	302192	557556	0.0
2017-06-27	565.8	575.4	563.4	575.2	279210	563562	0.0
2017-06-28	573.4	575.0	566.4	570.0	255240	538300	0.0
2017-06-29	567.2	575.4	565.4	570.4	337832	519714	0.0
2017-06-30	570.4	580.0	569.4	578.4	318864	532642	0.0
2017-07-03	577.0	580.2	570.4	572.4	260524	496708	0.0
2017-07-04	573.4	573.4	567.6	570.0	205768	492774	0.0
2017-07-05	575.8	592.8	574.6	587.6	551456	553992	0.0
2017-07-06	588.6	590.6	584.6	589.6	231820	530944	0.0
2017-07-07	594.4	594.4	584.2	586.8	218002	525552	0.0
2017-07-10	587.2	590.8	586.2	588.2	151524	505012	0.0
2017-07-11	591.6	598.0	589.4	597.0	259416	503068	0.0
2017-07-12	595.2	599.6	577.2	582.2	350200	469402	0.0
2017-07-13	583.8	593.8	579.0	593.4	310442	484804	0.0
2017-07-14	595.0	595.4	588.2	592.2	225600	479340	0.0
2017-07-17	591.6	609.6	590.2	607.0	319664	510838	0.0
2017-07-18	606.6	608.4	601.6	605.6	199094	477762	0.0
2017-07-19	604.8	607.0	598.0	602.8	213584	479486	0.0
2017-07-20	603.6	606.2	599.6	602.4	173800	480086	0.0
2017-07-21	603.2	606.4	597.6	603.4	211618	485112	0.0
2017-07-24	604.6	605.2	589.0	598.6	308506	477304	0.0
2017-07-25	601.2	606.0	594.2	602.8	203484	472722	0.0
2017-07-26	602.6	605.2	599.2	599.8	158054	463058	0.0
2017-07-27	594.6	596.4	589.4	594.0	300780	455312	0.0
2017-07-28	592.6	595.6	582.2	584.6	304964	432186	0.0
2017-07-31	586.0	604.0	585.6	603.8	370382	429394	0.0
2017-08-01	602.2	602.2	588.6	590.8	278750	401584	0.0
2017-08-02	591.2	594.4	585.6	587.6	218080	386830	0.0
2017-08-03	587.6	588.6	581.0	581.2	220430	376848	0.0
2017-08-04	583.6	589.4	582.4	585.0	192240	363712	0.0
2017-08-07	585.8	591.8	580.8	583.0	258390	357686	0.0
2017-08-08	581.2	586.4	575.6	585.6	241972	353638	0.0
2017-08-09	588.0	598.4	585.2	598.2	348790	394652	0.0
2017-08-10	598.2	607.8	593.4	606.4	416674	406928	0.0
2017-08-11	605.6	612.2	598.6	604.6	341614	396112	0.0
2017-08-14	603.8	605.2	592.4	593.2	298752	371024	0.0
2017-08-15	592.4	596.6	591.2	595.6	189858	348946	0.0
2017-08-16	594.4	599.0	592.4	595.0	159006	340828	0.0
2017-08-17	597.2	604.0	596.2	602.8	267734	367452	0.0
2017-08-18	601.8	607.2	600.0	605.2	180782	367704	0.0
2017-08-21	603.4	607.6	599.6	603.8	228246	380280	0.0
2017-08-22	601.6	605.2	595.6	599.6	190074	344654	0.0
2017-08-23	599.6	600.2	590.8	596.4	227068	334106	0.0
2017-08-24	596.6	598.4	593.2	597.4	152764	319786	0.0
2017-08-25	597.6	622.2	596.8	617.2	592340	371164	0.0
2017-08-28	617.8	618.6	608.6	613.4	256080	342238	0.0
2017-08-29	614.6	616.6	606.2	612.6	246874	312826	0.0
2017-08-30	613.0	626.4	611.4	622.0	283882	326470	0.0
2017-08-31	622.0	623.8	616.8	620.0	178514	306446	0.0
2017-09-01	621.0	628.6	617.2	627.6	184354	319776	0.0
2017-09-04	630.0	641.8	628.4	632.2	228406	329676	0.0
2017-09-05	632.6	637.8	632.4	636.6	123586	324388	0.0
2017-09-06	637.6	637.8	630.6	631.8	134924	310864	0.0
2017-09-07	632.6	638.6	626.2	634.6	170864	314958	0.0
2017-09-08	634.4	642.8	633.0	639.6	240134	312248	0.0
2017-09-11	641.8	650.4	635.8	648.4	386756	356442	0.0
2017-09-12	651.0	659.8	650.0	657.2	290592	369774	0.0
2017-09-13	657.8	660.8	649.2	650.8	244636	371242	0.0
2017-09-14	653.4	659.6	649.6	656.8	268726	378932	0.0
2017-09-15	657.4	657.6	646.0	649.8	364592	390410	0.0
2017-09-18	650.6	652.2	634.8	643.4	555722	391246	0.0
2017-09-19	646.0	665.4	643.6	658.8	492212	417150	0.0
2017-09-20	658.4	660.0	651.8	657.4	357750	417994	0.0
2017-09-21	657.6	662.2	631.2	633.0	781506	454646	0.0
2017-09-22	634.0	638.6	623.2	626.0	551628	440156	0.0
2017-09-25	630.4	636.0	616.4	630.0	692296	462246	0.0
2017-09-26	630.8	639.6	628.4	631.4	429346	448830	0.0
2017-09-27	631.8	641.6	630.4	638.4	402222	439418	0.0
2017-09-28	639.2	644.2	631.6	640.4	530068	435958	0.0
2017-09-29	635.6	641.8	614.2	641.8	821870	397840	0.0
2017-10-09	637.8	639.2	613.4	616.0	393864	411606	0.0
2017-10-10	615.4	615.6	604.4	606.2	479126	434866	0.0
2017-10-11	607.0	615.0	605.6	605.8	387616	437202	0.0
2017-10-12	603.2	612.8	602.4	608.0	376462	434764	0.0
2017-10-13	608.0	620.6	605.6	619.4	345144	424076	0.0
2017-10-16	618.4	633.6	616.8	630.4	383166	415484	0.0
2017-10-17	627.0	627.6	616.6	624.6	321392	404052	0.0
2017-10-18	623.8	628.8	622.0	624.2	207898	400612	0.0
2017-10-19	619.8	621.6	611.6	614.4	292138	421856	0.0
2017-10-20	615.2	630.2	614.4	630.0	308766	409228	0.0
2017-10-23	629.2	629.4	620.6	626.2	255440	411270	0.0
2017-10-24	624.2	626.4	616.6	617.0	262244	409104	0.0
2017-10-25	616.8	621.2	613.8	615.0	257408	412052	0.0
2017-10-26	615.4	619.8	612.2	615.6	180730	407656	0.0
2017-10-27	615.4	628.4	614.6	617.6	394920	437044	0.0
2017-10-30	617.0	624.0	615.4	619.4	262034	418792	0.0
2017-10-31	618.6	620.8	605.6	607.2	474912	482624	0.0
2017-11-01	608.2	612.6	604.6	606.6	374584	462242	0.0
2017-11-02	607.2	616.2	606.4	611.4	240978	448054	0.0
2017-11-03	610.2	610.6	606.6	607.4	178060	442454	0.0
2017-11-06	608.0	621.2	607.6	619.6	330396	450650	0.0
2017-11-07	616.4	624.4	615.2	623.4	309314	437124	0.0
2017-11-08	623.2	630.8	619.4	629.0	235256	451504	0.0
2017-11-09	630.8	634.8	626.4	630.8	268962	464902	0.0
2017-11-10	631.4	634.2	627.4	634.0	185146	465196	0.0
2017-11-13	633.8	633.8	626.4	629.2	185924	470976	0.0
2017-11-14	629.2	640.6	629.0	640.4	225530	499436	0.0
2017-11-15	638.2	641.0	626.0	630.4	261618	478588	0.0
2017-11-16	629.4	630.6	618.2	621.0	273318	432660	0.0
2017-11-17	622.0	626.8	621.0	623.2	160848	420532	0.0
2017-11-20	623.2	635.2	622.8	633.4	226490	451524	0.0
2017-11-21	632.0	633.6	626.8	628.2	191170	440708	0.0
2017-11-22	627.0	632.6	624.4	628.6	220696	440246	0.0
2017-11-23	629.6	640.8	627.0	633.4	257608	458358	0.0
2017-11-24	633.0	637.8	631.2	637.2	166336	456468	0.0
2017-11-27	638.6	648.0	635.2	647.2	257888	486248	0.0
2017-11-28	644.6	647.4	643.0	646.6	195640	477442	0.0
2017-11-29	645.2	646.2	639.4	645.0	173304	470046	0.0
2017-11-30	643.2	654.0	642.0	651.0	287974	488200	0.0
2017-12-01	651.4	656.0	648.8	655.0	197716	489086	0.0
2017-12-04	656.4	672.2	655.0	659.4	334092	494978	0.0
2017-12-05	660.8	665.0	658.4	658.8	182082	474158	0.0
2017-12-06	658.4	660.0	653.8	656.2	151214	468320	0.0
2017-12-07	656.6	658.0	639.0	644.8	311564	442612	0.0
2017-12-08	646.6	662.2	642.0	660.4	382720	461492	0.0
2017-12-11	655.8	663.8	651.8	654.8	240768	433444	0.0
2017-12-12	655.2	659.0	653.0	657.2	148824	432538	0.0
2017-12-13	657.8	659.2	651.2	657.4	196838	432080	0.0
2017-12-14	659.0	663.2	654.4	656.6	252908	434774	0.0
2017-12-15	656.2	660.4	655.2	657.8	138792	423080	0.0
2017-12-18	658.0	667.0	655.4	664.6	332322	450398	0.0
2017-12-19	663.6	665.6	658.4	659.8	221924	442648	0.0
2017-12-20	658.0	658.6	653.2	656.4	178358	434602	0.0
2017-12-21	656.8	662.2	649.4	651.6	265822	429430	0.0
2017-12-22	650.8	656.6	647.8	651.4	186186	410610	0.0
2017-12-25	651.2	654.8	648.2	651.2	189766	417350	0.0
2017-12-26	650.6	655.6	650.0	653.6	160202	401760	0.0
2017-12-27	653.2	655.6	635.6	636.2	374044	412732	0.0
2017-12-28	638.0	638.6	633.4	633.8	222950	357390	0.0
2017-12-29	632.4	639.2	621.4	622.0	314490	323392	0.0
2018-01-02	626.2	631.4	620.4	629.0	167400	308986	0.0
2018-01-03	628.2	633.2	626.6	627.6	174664	296766	0.0
2018-01-04	630.4	638.4	629.4	636.6	238756	309900	0.0
2018-01-05	636.6	644.0	636.2	641.8	211724	311628	0.0
2018-01-08	640.4	646.2	634.4	642.4	250398	318444	0.0
2018-01-09	642.2	642.4	635.2	638.0	119072	289578	0.0
2018-01-10	638.2	646.4	637.2	645.0	237928	316860	0.0
2018-01-11	645.2	648.4	640.2	644.0	184740	306940	0.0
2018-01-12	642.2	644.2	640.0	640.4	158652	313800	0.0
2018-01-15	642.0	643.2	634.2	638.6	208804	307052	0.0
2018-01-16	639.4	646.4	638.6	642.4	265392	326892	0.0
2018-01-17	641.6	645.8	639.4	644.6	238892	337834	0.0
2018-01-18	649.0	654.2	649.0	652.8	368306	386276	0.0
2018-01-19	652.6	655.4	648.8	652.8	318566	388208	0.0
2018-01-22	653.4	663.4	650.6	662.2	345458	434606	0.0
2018-01-23	661.4	664.2	659.8	662.6	252158	447250	0.0
2018-01-24	661.6	670.6	660.0	670.4	288050	482154	0.0
2018-01-25	670.4	678.6	670.2	674.2	389304	498232	0.0
2018-01-26	673.6	679.6	671.6	678.4	263054	523272	0.0
2018-01-29	676.8	684.2	675.8	683.4	302364	552218	0.0
2018-01-30	681.8	683.0	667.6	671.6	500026	504282	0.0
2018-01-31	673.0	675.0	665.2	669.8	343524	496678	0.0
2018-02-01	670.2	671.8	666.8	670.0	292846	518122	0.0
2018-02-02	670.6	677.0	661.8	664.2	503542	503812	0.0
2018-02-05	666.2	667.8	658.8	666.6	396884	488808	0.0
2018-02-06	665.0	666.6	658.4	659.8	321416	465536	0.0
2018-02-07	658.0	663.4	654.8	656.0	265662	438370	0.0
2018-02-08	656.0	657.0	648.4	649.6	286888	419896	0.0
2018-02-09	650.2	657.0	649.8	651.6	308986	397086	0.0
2018-02-12	651.8	652.6	638.2	638.8	409744	388228	0.0
2018-02-13	640.4	642.6	636.2	640.2	249066	377134	0.0
2018-02-14	640.4	649.0	640.4	646.6	234954	358970	0.0
2018-02-22	644.8	657.2	644.2	656.6	214866	388726	0.0
2018-02-23	655.0	657.8	646.6	651.4	352652	418408	0.0
2018-02-26	651.0	652.6	637.4	642.2	395632	424704	0.0
2018-02-27	644.1	644.3	638.8	640.2	224922	422344	0.0
2018-02-28	638.6	641.8	634.8	636.2	285554	433268	0.0
2018-03-01	635.6	637.2	627.0	632.4	324252	448710	0.0
2018-03-02	630.0	634.2	630.0	632.4	222604	443492	0.0
2018-03-05	631.8	634.4	624.6	625.4	352536	471864	0.0
2018-03-06	626.2	627.4	621.6	623.0	270118	464926	0.0
2018-03-07	623.4	624.0	620.2	621.8	233162	475790	0.0
2018-03-08	621.0	625.2	619.8	623.0	346424	490748	0.0
2018-03-09	621.8	624.8	612.4	614.0	412632	493940	0.0
2018-03-12	614.4	616.0	608.4	609.0	286654	503648	0.0
2018-03-13	610.2	611.2	606.8	608.8	198796	507346	0.0
2018-03-14	608.8	616.0	607.6	611.0	285314	502510	0.0
2018-03-15	609.8	614.4	609.4	613.0	257490	497408	0.0
2018-03-16	612.4	613.6	609.4	610.6	211002	498542	0.0
2018-03-19	611.6	611.8	599.6	601.2	381232	504366	0.0
2018-03-20	601.6	602.0	589.0	591.6	381294	501456	0.0
2018-03-21	592.2	594.8	582.8	585.6	356070	508298	0.0
2018-03-22	585.8	589.6	584.4	584.6	248956	509460	0.0
2018-03-23	583.2	583.6	562.4	572.2	623376	498216	0.0
2018-03-26	578.6	595.0	576.2	580.6	644934	471210	0.0
2018-03-27	577.2	585.8	572.8	578.6	390488	479590	0.0
2018-03-28	579.6	579.6	570.4	573.2	299244	476486	0.0
2018-03-29	573.0	575.6	568.4	575.0	249428	469714	0.0
2018-03-30	574.8	579.0	573.0	578.0	221476	462552	0.0
2018-04-02	573.6	582.8	564.6	570.4	521416	483512	0.0
2018-04-03	567.8	570.4	562.6	564.6	354090	495954	0.0
2018-04-04	565.0	567.0	563.2	563.6	252402	491530	0.0
2018-04-09	562.6	562.6	556.2	562.0	218638	499482	0.0
2018-04-10	561.6	565.6	560.2	562.0	308358	524876	0.0
2018-04-11	562.2	566.2	558.6	560.6	365250	523030	0.0
2018-04-12	559.0	562.0	555.8	557.2	400848	530930	0.0
2018-04-13	555.8	559.2	553.6	558.0	395368	522328	0.0
2018-04-16	565.8	577.0	565.4	570.2	707790	497074	0.0
2018-04-17	572.0	587.4	570.8	585.6	571704	508004	0.0
2018-04-18	587.0	594.0	586.6	592.0	475914	495060	0.0
2018-04-19	593.8	594.2	584.8	591.2	486716	494222	0.0
2018-04-20	591.0	591.0	586.0	587.4	314802	489148	0.0
2018-04-23	587.6	605.4	582.4	603.8	552122	501460	0.0
2018-04-24	600.4	607.8	600.0	605.8	394792	500750	0.0
2018-04-25	599.0	603.8	591.8	594.6	532880	506474	0.0
2018-04-26	593.8	599.8	590.8	595.2	399832	494336	0.0
2018-04-27	597.2	601.4	593.6	599.2	352090	480000	0.0
2018-05-02	597.0	599.2	590.6	597.8	246416	480690	0.0
2018-05-03	596.4	599.6	593.8	596.2	274424	498062	0.0
2018-05-04	597.0	605.2	594.6	603.6	409606	535064	0.0
2018-05-07	603.2	617.2	603.0	614.2	505022	561250	0.0
2018-05-08	614.4	615.4	607.6	607.8	415660	551064	0.0
2018-05-09	605.8	607.4	600.8	601.6	413510	498324	0.0
2018-05-10	602.6	613.6	602.0	613.4	391568	513556	0.0
2018-05-11	613.8	622.2	611.2	621.8	438736	542410	0.0
2018-05-14	623.0	633.8	620.8	632.0	470432	542602	0.0
2018-05-15	633.6	640.0	626.4	635.2	741622	531168	0.0
2018-05-16	635.4	645.2	630.0	640.6	585860	534218	0.0
2018-05-17	639.4	640.0	634.4	637.2	409900	525178	0.0
2018-05-18	636.8	639.6	630.6	633.8	480862	543250	0.0
2018-05-21	624.0	628.4	616.2	623.6	663540	541700	0.0
2018-05-22	621.4	624.8	614.0	614.2	539810	536628	0.0
2018-05-23	606.2	608.4	589.4	589.6	968878	556988	0.0
2018-05-24	590.0	601.8	589.8	598.6	731098	515408	0.0
2018-05-25	598.4	602.8	594.2	595.8	490644	521960	0.0
2018-05-28	594.4	618.0	594.2	617.6	838760	536970	0.0
2018-05-29	617.6	636.0	617.4	628.8	1060390	526938	0.0
2018-05-30	628.2	632.8	624.4	629.4	583270	515764	0.0
2018-05-31	631.0	639.6	628.6	630.6	609954	503570	0.0
2018-06-01	640.2	644.0	636.0	639.6	776626	505120	0.0
2018-06-04	639.6	640.4	634.6	636.8	507554	522336	0.0
2018-06-05	639.0	641.2	624.6	637.2	941026	562648	0.0
2018-06-06	638.6	642.8	629.6	633.2	850294	552130	0.0
2018-06-07	633.8	645.6	632.0	639.4	920986	553428	0.0
2018-06-08	638.6	640.8	635.0	640.0	547820	562106	0.0
2018-06-11	637.0	638.2	625.4	631.4	908998	569702	0.0
2018-06-12	632.0	649.0	631.0	648.8	851750	613434	0.0
2018-06-13	646.6	652.2	643.8	646.0	858512	599276	0.0
2018-06-14	642.6	650.6	640.8	642.8	733386	593650	0.0
2018-06-15	642.6	660.0	641.4	659.2	752084	608980	0.0
2018-06-19	652.8	660.0	639.8	643.2	663274	538756	0.0
2018-06-20	642.2	648.6	635.4	647.2	614654	537456	0.0
2018-06-21	648.0	650.0	640.0	641.4	474620	531102	0.0
2018-06-22	640.2	643.8	637.2	640.6	502988	522756	0.0
2018-06-25	639.4	645.8	639.2	640.0	462920	522554	0.0
2018-06-26	636.0	639.6	629.4	631.0	556876	508578	0.0
2018-06-27	631.4	635.8	630.0	631.2	378856	507960	0.0
2018-06-28	632.4	644.4	632.0	641.8	545806	502096	0.0
2018-06-29	642.2	647.4	638.4	645.2	419498	499838	0.0
2018-07-02	644.4	645.8	634.6	635.8	500970	463690	0.0
2018-07-03	636.2	638.4	632.2	635.8	426106	452670	0.0
2018-07-04	637.0	643.8	636.2	640.4	587376	448526	0.0
2018-07-05	639.0	639.2	630.8	631.0	601084	424212	0.0
2018-07-06	627.4	632.6	620.6	625.4	782688	442496	0.0
2018-07-09	625.2	628.8	623.8	627.0	427478	440828	0.0
2018-07-10	628.4	628.6	623.8	624.0	332546	453610	0.0
2018-07-11	624.8	631.6	624.2	630.6	497224	434298	0.0
2018-07-12	629.4	632.6	627.6	630.8	333472	417438	0.0
2018-07-13	628.2	628.2	615.4	616.6	598462	486866	0.0
2018-07-16	618.4	619.0	612.8	617.6	425076	489370	0.0
2018-07-17	615.4	617.8	613.2	616.6	328228	489838	0.0
2018-07-18	615.8	615.8	609.2	610.2	407736	534662	0.0
2018-07-19	610.2	618.6	610.2	615.2	415940	483014	0.0
2018-07-20	613.8	617.4	612.8	617.2	195994	475662	0.0
2018-07-23	617.0	617.0	606.8	610.8	427178	495258	0.0
2018-07-24	610.0	615.4	609.8	612.2	258682	504832	0.0
2018-07-25	611.4	615.2	610.2	611.2	381730	525160	0.0
2018-07-26	610.8	610.8	604.4	606.4	449084	548250	0.0
2018-07-27	604.4	610.4	604.4	605.6	428656	552156	0.0
2018-07-30	605.6	605.8	595.4	596.2	523732	574550	0.0
2018-07-31	593.2	596.6	588.4	589.2	343526	591542	0.0
2018-08-01	588.2	590.4	583.8	584.0	413136	596452	0.0
2018-08-02	583.4	584.6	574.2	575.0	506404	614846	0.0
2018-08-03	577.0	597.4	575.8	589.8	726002	622792	0.0
2018-08-06	588.8	602.8	582.8	601.0	696290	585140	0.0
2018-08-07	604.6	622.8	604.4	618.0	947340	495140	0.0
2018-08-08	623.6	623.8	608.0	615.8	779608	429238	0.0
2018-08-09	616.6	621.0	613.4	617.0	491088	421860	0.0
2018-08-10	618.4	619.2	612.4	615.2	400068	417922	0.0
2018-08-13	616.6	629.0	615.6	628.6	497758	415640	0.0
2018-08-14	627.6	627.8	618.6	619.4	376822	399642	0.0
2018-08-15	620.8	623.2	609.0	610.2	422748	397452	0.0
2018-08-16	610.4	614.6	599.8	605.6	504732	381642	0.0
2018-08-17	605.8	610.6	601.2	606.2	469786	366526	0.0
2018-08-20	605.2	606.2	595.8	601.4	555966	389050	0.0
2018-08-21	600.4	607.0	598.6	605.0	456322	373880	0.0
2018-08-22	605.8	618.8	603.8	616.4	525184	363084	0.0
2018-08-23	617.0	626.4	614.6	617.6	556716	349808	0.0
2018-08-24	619.6	625.2	616.0	625.0	402902	362736	0.0
2018-08-27	628.4	632.2	614.4	616.0	552754	359406	0.0
2018-08-28	616.0	624.2	612.4	619.0	422998	362768	0.0
2018-08-29	619.2	625.0	617.2	621.2	366020	358236	0.0
2018-08-30	621.8	626.2	619.0	625.6	357228	362812	0.0
2018-08-31	622.8	623.4	616.2	617.2	337428	347312	0.0
2018-09-03	616.4	620.2	607.0	607.4	363326	356886	0.0
2018-09-04	607.6	618.2	607.6	615.8	352426	354232	0.0
2018-09-05	617.8	618.8	612.8	615.6	310500	344072	0.0
2018-09-06	616.4	623.8	615.2	623.8	326300	357210	0.0
2018-09-07	624.0	630.2	623.4	627.6	371214	363192	0.0
2018-09-10	627.8	638.4	627.4	636.6	451978	379404	0.0
2018-09-11	634.2	634.6	623.6	626.0	446594	352752	0.0
2018-09-12	628.0	632.4	621.6	629.0	436358	358576	0.0
2018-09-13	627.2	628.0	622.6	623.4	327982	354604	0.0
2018-09-14	626.0	636.0	625.0	630.8	516910	360144	0.0
2018-09-17	629.0	632.8	623.2	625.0	327286	362212	0.0
2018-09-18	625.2	628.2	622.6	626.6	230762	351888	0.0
2018-09-19	627.2	633.4	625.4	631.4	277872	353240	0.0
2018-09-20	633.4	638.2	632.4	638.2	398618	377840	0.0
2018-09-21	639.2	639.4	633.4	634.2	245656	359330	0.0
2018-09-25	632.8	633.2	626.0	630.6	225780	339452	0.0
2018-09-26	630.4	634.0	629.8	632.4	212760	321988	0.0
2018-09-27	633.0	635.2	626.4	632.6	256192	311142	0.0
2018-09-28	631.4	636.2	630.0	635.0	278768	296664	0.0
2018-10-08	644.6	651.8	644.0	648.0	289784	313008	0.0
2018-10-09	649.6	660.6	646.2	658.6	515858	364584	0.0
2018-10-10	658.2	666.4	658.2	661.2	390880	372336	0.0
2018-10-11	663.2	665.8	650.6	654.8	477210	343888	0.0
2018-10-12	656.8	662.0	656.0	660.6	263328	348830	0.0
2018-10-15	661.2	664.0	654.4	654.8	301696	349788	0.0
2018-10-16	655.8	657.2	651.4	655.6	256762	356042	0.0
2018-10-17	655.6	659.4	652.6	656.8	308648	366010	0.0
2018-10-18	655.8	656.8	647.4	649.4	355336	344378	0.0
2018-10-19	648.2	650.2	637.8	638.2	328276	337680	0.0
2018-10-22	638.4	641.0	635.0	635.4	300736	327086	0.0
2018-10-23	634.2	639.0	632.6	635.8	242820	324450	0.0
2018-10-24	635.4	640.6	633.8	637.6	256642	322394	0.0
2018-10-25	637.0	638.0	629.2	631.4	277306	310406	0.0
2018-10-26	628.2	631.2	625.6	626.0	281322	321284	0.0
2018-10-29	626.8	634.8	626.4	631.8	295234	318486	0.0
2018-10-30	631.8	632.6	627.8	632.0	178986	321056	0.0
2018-10-31	632.8	634.2	622.2	623.6	378698	340494	0.0
2018-11-01	624.2	625.4	621.2	621.4	271658	332410	0.0
2018-11-02	623.0	626.8	614.4	620.0	434806	341784	0.0
2018-11-05	620.2	622.6	616.2	619.4	304106	343640	0.0
2018-11-06	619.2	621.8	616.8	619.4	230304	337964	0.0
2018-11-07	616.0	618.2	610.4	611.2	285854	353770	0.0
2018-11-08	612.0	613.4	607.4	612.8	304932	338898	0.0
2018-11-09	612.0	616.0	610.2	613.8	232640	335136	0.0
2018-11-12	612.6	614.2	602.8	605.6	317224	347514	0.0
2018-11-13	604.4	605.4	594.8	595.6	459662	434296	0.0
2018-11-14	596.6	617.8	596.2	611.4	705812	382436	0.0
2018-11-15	606.4	607.2	597.8	602.2	435026	385176	0.0
2018-11-16	605.4	609.2	602.2	606.0	283462	375950	0.0
2018-11-19	599.6	602.0	596.0	597.4	295348	382640	0.0
2018-11-20	595.8	602.4	595.8	600.0	253302	379432	0.0
2018-11-21	597.6	604.2	591.8	603.0	398744	380704	0.0
2018-11-22	603.2	605.0	600.2	602.4	217612	382632	0.0
2018-11-23	605.4	605.4	594.6	595.2	269274	386706	0.0
2018-11-26	594.4	597.8	578.0	585.6	613470	418054	0.0
2018-11-27	584.6	591.4	583.8	588.0	275506	413468	0.0
2018-11-28	588.6	591.2	583.6	588.0	257728	416806	0.0
2018-11-29	587.2	589.2	578.4	579.6	324994	444562	0.0
2018-11-30	578.8	581.4	577.0	579.0	265436	452946	0.0
2018-12-03	578.8	597.4	578.6	583.4	488686	430036	0.0
2018-12-04	582.0	584.2	578.0	579.8	273258	431956	0.0
2018-12-05	579.4	582.6	576.8	577.4	319536	436696	0.0
2018-12-06	578.0	585.2	577.0	583.2	362138	437248	0.0
2018-12-07	582.4	590.2	582.0	589.4	379010	427330	0.0
2018-12-10	587.6	590.8	584.2	589.0	287980	433576	0.0
2018-12-11	588.2	588.4	577.4	579.8	335456	421418	0.0
2018-12-12	581.6	584.4	578.2	579.2	240886	419932	0.0
2018-12-13	577.8	580.4	576.8	577.8	245516	407466	0.0
2018-12-14	575.2	575.6	571.0	575.2	306896	411722	0.0
2018-12-17	574.6	575.6	569.2	569.6	210226	406128	0.0
2018-12-18	568.8	569.8	562.4	565.6	321098	429860	0.0
2018-12-19	566.0	570.0	564.4	568.2	228374	417854	0.0
2018-12-20	567.6	569.2	565.0	565.6	175296	413242	0.0
2018-12-21	565.0	567.6	564.0	565.8	149150	407822	0.0
2018-12-24	566.0	573.0	566.0	569.0	331330	413150	0.0
2018-12-25	568.0	568.2	557.8	559.6	374526	436136	0.0
2018-12-26	560.4	563.4	555.4	557.4	279148	449176	0.0
2018-12-27	561.0	569.0	559.8	563.4	363352	432566	0.0
2018-12-28	564.4	568.0	562.0	564.2	219486	426744	0.0
2019-01-02	565.0	567.8	563.8	566.2	168674	440632	0.0
2019-01-03	565.6	565.8	558.6	563.4	284222	451032	0.0
2019-01-04	564.2	569.8	563.0	566.2	313682	447176	0.0
2019-01-07	567.6	572.4	566.2	571.4	249788	460936	0.0
2019-01-08	570.6	571.4	566.0	567.8	227984	448022	0.0
2019-01-09	567.6	568.4	563.8	564.0	235466	439938	0.0
2019-01-10	564.6	567.2	562.0	563.6	240448	446738	0.0
2019-01-11	563.0	565.2	559.8	563.8	231612	444558	0.0
2019-01-14	563.2	583.6	561.8	579.0	676870	433522	0.0
2019-01-15	579.2	579.2	572.2	576.6	282026	416188	0.0
2019-01-16	575.2	585.8	575.2	583.0	338704	437062	0.0
2019-01-17	583.6	585.2	581.4	584.8	175302	434162	0.0
2019-01-18	586.2	595.6	584.2	591.8	345370	442876	0.0
2019-01-21	590.4	594.4	581.2	588.6	356092	454708	0.0
2019-01-22	586.8	588.2	575.8	577.0	368158	430304	0.0
2019-01-23	576.0	580.6	574.2	577.8	262618	413396	0.0
2019-01-24	578.6	578.6	570.6	570.6	219100	416392	0.0
2019-01-25	570.8	581.4	568.8	575.2	392138	388264	0.0
2019-01-28	576.0	579.6	572.8	575.6	192570	379146	0.0
2019-01-29	574.8	576.2	571.0	573.2	153460	377120	0.0
2019-01-30	573.8	578.2	572.0	573.0	192386	377308	0.0
2019-01-31	575.2	588.4	574.0	586.8	265060	376742	0.0
2019-02-01	584.8	590.4	584.0	589.6	198628	366152	0.0
2019-02-11	587.2	591.8	577.0	582.4	194942	361034	0.0
2019-02-12	583.0	586.2	579.2	581.0	204126	376488	0.0
2019-02-13	584.8	589.8	583.4	585.8	260658	396396	0.0
2019-02-14	588.0	591.4	585.4	587.6	270392	411150	0.0
2019-02-15	589.4	592.6	588.0	589.2	282802	428148	0.0
2019-02-18	591.6	592.8	583.0	585.0	320252	439776	0.0
2019-02-19	584.0	586.0	582.4	585.2	179392	436238	0.0
2019-02-20	585.0	588.6	582.6	588.6	211870	433238	0.0
2019-02-21	589.4	594.8	583.0	586.2	400302	415208	0.0
2019-02-22	584.4	585.8	580.6	583.6	243194	424826	0.0
2019-02-25	584.0	592.2	582.0	590.6	346296	430886	0.0
2019-02-26	591.8	594.2	586.0	592.8	335270	432878	0.0
2019-02-27	594.0	603.4	592.6	601.2	476830	485632	0.0
2019-02-28	603.6	604.6	599.2	603.2	236862	482442	0.0
2019-03-01	608.6	616.6	606.0	616.6	406082	517260	0.0
2019-03-04	617.4	618.4	611.8	612.6	340290	505966	0.0
2019-03-05	614.6	615.0	604.8	607.4	344096	518070	0.0
2019-03-06	610.8	612.4	605.8	610.8	264170	514512	0.0
2019-03-07	611.8	612.4	608.8	609.4	194930	505176	0.0
2019-03-08	604.6	607.8	599.8	600.0	307966	480548	0.0
2019-03-11	594.6	598.4	589.8	590.4	314018	456558	0.0
2019-03-12	591.6	595.8	590.2	590.8	219442	460192	0.0
2019-03-13	589.2	593.6	587.2	587.2	241210	457056	0.0
2019-03-14	589.2	590.6	588.2	590.0	151408	459756	0.0
2019-03-15	591.6	595.4	591.2	592.2	273822	466704	0.0
2019-03-18	588.6	591.6	587.6	589.8	209016	452092	0.0
2019-03-19	589.2	590.2	587.4	588.4	147636	452592	0.0
2019-03-20	589.2	593.4	584.6	592.8	350346	483300	0.0
2019-03-21	593.6	596.4	592.6	593.8	206154	490412	0.0
2019-03-22	592.2	594.4	591.4	593.6	142830	479968	0.0
2019-03-25	592.8	594.4	589.4	591.0	199652	463012	0.0
2019-03-26	590.6	594.4	590.2	593.4	181406	474234	0.0
2019-03-27	592.8	593.2	588.6	589.6	220128	466082	0.0
2019-03-28	590.4	591.6	589.6	590.2	137436	461520	0.0
2019-03-29	589.6	591.6	588.2	589.8	215426	448996	0.0
2019-04-01	592.2	602.6	590.6	602.6	413018	465414	0.0
2019-04-02	601.0	602.0	597.8	598.2	226012	453916	0.0
2019-04-03	600.6	608.0	600.4	607.4	289828	470266	0.0
2019-04-04	608.2	608.4	604.4	606.2	211498	472756	0.0
2019-04-08	607.2	613.6	607.2	610.0	151924	470578	0.0
2019-04-09	611.2	611.4	605.2	606.4	215870	477776	0.0
2019-04-10	607.6	615.2	606.2	607.2	347128	464032	0.0
2019-04-11	607.8	609.0	606.2	607.8	145188	465090	0.0
2019-04-12	608.0	610.6	606.8	609.8	180030	462492	0.0
2019-04-15	608.6	609.8	606.6	608.2	212854	454734	0.0
2019-04-16	606.2	610.4	606.2	608.2	231148	428496	0.0
2019-04-17	607.2	609.0	603.4	603.6	220754	403230	0.0
2019-04-18	603.6	604.0	598.0	598.4	212530	387644	0.0
2019-04-19	598.6	600.2	596.0	596.0	165494	376988	0.0
2019-04-22	596.2	607.6	595.4	602.0	283170	369998	0.0
2019-04-23	602.2	605.2	601.6	603.2	245392	401594	0.0
2019-04-24	603.4	608.2	603.0	606.6	259910	428876	0.0
2019-04-25	606.6	608.4	604.6	605.8	212970	422042	0.0
2019-04-26	606.6	610.8	606.6	609.4	214454	419548	0.0
2019-04-29	608.6	610.8	606.6	610.0	179194	409166	0.0
2019-04-30	611.4	617.6	611.2	617.2	254010	421728	0.0
2019-05-06	606.4	613.2	604.0	612.8	156890	401932	0.0
2019-05-07	612.6	613.4	606.4	607.8	214194	406540	0.0
2019-05-08	606.8	607.2	602.0	603.0	238624	407920	0.0
2019-05-09	602.0	604.8	600.8	602.4	200136	398820	0.0
2019-05-10	603.4	606.0	602.8	603.4	166554	401712	0.0
2019-05-13	604.4	609.8	603.4	608.4	212042	402954	0.0
2019-05-14	608.2	608.6	603.6	604.4	167540	400802	0.0
2019-05-15	605.2	608.0	599.2	602.6	273772	406280	0.0
2019-05-16	602.8	604.8	602.2	603.4	174486	412486	0.0
2019-05-17	602.6	603.2	597.4	599.6	308100	427856	0.0
2019-05-20	600.2	605.4	599.6	601.4	203012	427916	0.0
2019-05-21	600.6	600.6	597.4	597.8	213730	447064	0.0
2019-05-22	595.8	599.0	594.0	594.4	241930	457194	0.0
2019-05-23	596.4	598.0	593.2	595.8	180790	446746	0.0
2019-05-24	595.4	596.6	590.0	591.6	265132	463816	0.0
2019-05-27	590.2	591.2	586.8	587.4	231590	465756	0.0
2019-05-28	586.8	593.0	586.4	587.6	196098	457064	0.0
2019-05-29	585.4	586.0	580.4	582.2	211760	484792	0.0
2019-05-30	580.6	582.4	579.2	581.0	170220	482488	0.0
2019-05-31	578.6	579.8	571.8	572.0	324344	515002	0.0
2019-06-03	574.6	578.2	574.2	576.6	284792	496352	0.0
2019-06-04	577.8	581.8	577.2	579.6	229536	487420	0.0
2019-06-05	579.0	579.8	576.8	578.2	162832	492026	0.0
2019-06-06	580.0	585.2	579.4	582.8	334998	463778	0.0
2019-06-10	582.8	588.4	582.8	586.8	157508	461876	0.0
2019-06-11	586.4	593.8	582.8	592.6	301726	464540	0.0
2019-06-12	591.0	592.8	589.8	592.4	183642	459972	0.0
2019-06-13	591.6	592.0	586.4	589.0	215080	460566	0.0
2019-06-14	586.6	589.4	585.4	588.8	158296	459928	0.0
2019-06-17	587.4	591.8	586.4	590.2	197940	453446	0.0
2019-06-18	588.6	597.4	587.0	595.8	347704	452156	0.0
2019-06-19	596.4	599.0	592.6	594.4	274488	437148	0.0
2019-06-20	595.4	598.4	594.8	598.4	154074	425086	0.0
2019-06-21	597.4	603.0	595.4	601.2	236276	438884	0.0
2019-06-24	605.2	608.6	603.0	603.2	352040	462768	0.0
2019-06-25	603.4	605.4	600.2	602.4	186540	471606	0.0
2019-06-26	601.2	601.6	593.2	593.8	312698	417034	0.0
2019-06-27	594.8	597.4	592.0	594.8	148250	400526	0.0
2019-06-28	595.8	601.4	595.4	600.8	229504	403014	0.0
2019-07-01	602.0	603.0	593.8	596.2	272064	397802	0.0
2019-07-02	597.6	599.0	594.2	596.8	192706	387686	0.0
2019-07-03	589.8	593.8	586.2	587.0	297162	394728	0.0
2019-07-04	585.8	588.6	583.4	584.0	194940	407900	0.0
2019-07-05	584.0	589.6	583.8	588.2	180022	386368	0.0
2019-07-08	587.4	592.6	584.2	584.8	252374	370408	0.0
2019-07-09	586.0	586.2	581.0	582.4	197188	391198	0.0
2019-07-10	581.4	583.4	580.4	581.6	149570	397026	0.0
2019-07-11	581.8	585.4	581.8	582.6	159828	397440	0.0
2019-07-12	582.0	583.6	579.6	581.6	125296	398390	0.0
2019-07-15	581.6	585.0	580.6	580.8	197864	415488	0.0
2019-07-16	581.2	583.8	580.4	583.4	141468	414532	0.0
2019-07-17	581.8	583.2	576.8	577.0	242460	445400	0.0
2019-07-18	579.0	579.4	577.4	579.2	134138	438818	0.0
2019-07-19	580.2	586.0	579.8	584.8	256952	414562	0.0
2019-07-22	583.6	588.0	582.6	585.4	192964	411340	0.0
2019-07-23	586.4	590.8	586.2	590.4	195532	405090	0.0
2019-07-24	590.2	592.2	587.2	589.8	194304	403276	0.0
2019-07-25	589.4	591.6	588.4	589.6	137564	414694	0.0
2019-07-26	589.8	591.2	585.6	588.2	167512	410498	0.0
2019-07-29	589.4	590.4	586.4	588.2	155564	408682	0.0
2019-07-30	587.4	587.6	582.0	584.6	224474	414322	0.0
2019-07-31	586.4	586.6	583.0	585.2	123832	417090	0.0
2019-08-01	584.8	585.8	580.2	580.4	179374	433098	0.0
2019-08-02	579.6	581.8	577.6	577.6	189314	448686	0.0
2019-08-05	576.2	580.0	573.4	574.0	226278	473406	0.0
2019-08-06	575.4	579.2	573.6	573.8	219100	468024	0.0
2019-08-07	573.6	575.4	572.2	574.2	149932	466994	0.0
2019-08-08	573.8	574.8	572.2	573.2	143716	473594	0.0
2019-08-09	573.4	574.0	571.0	571.8	168656	478540	0.0
2019-08-12	572.2	576.4	571.2	575.0	198730	476434	0.0
2019-08-13	574.0	574.2	569.0	569.4	191700	497814	0.0
2019-08-14	570.0	577.0	569.4	575.2	236272	476020	0.0
2019-08-15	573.8	576.8	572.2	576.6	168202	460998	0.0
2019-08-16	577.0	579.2	575.8	578.2	174752	438016	0.0
2019-08-19	579.6	580.0	574.8	579.2	197850	418840	0.0
2019-08-20	579.4	582.2	578.6	581.6	251028	406204	0.0
2019-08-21	579.2	580.0	574.2	577.4	230026	401866	0.0
2019-08-22	578.8	582.8	577.8	581.0	257082	390366	0.0
2019-08-23	578.6	580.2	577.4	579.4	160416	394164	0.0
2019-08-26	579.4	584.0	579.2	579.4	272354	392046	0.0
2019-08-27	578.6	582.0	578.2	581.6	196170	396538	0.0
2019-08-28	579.4	579.6	572.8	573.0	304828	403458	0.0
2019-08-29	573.2	574.6	571.0	571.4	159608	411128	0.0
2019-08-30	571.8	574.8	571.8	574.2	144416	400206	0.0
2019-09-02	575.0	576.8	570.0	576.8	241030	402706	0.0
2019-09-03	576.0	578.2	574.4	576.4	166098	399452	0.0
2019-09-04	576.0	589.0	575.6	583.2	336362	412712	0.0
2019-09-05	582.2	587.0	581.6	586.4	190318	422876	0.0
2019-09-06	586.4	588.6	584.0	587.0	215318	431140	0.0
2019-09-09	589.4	589.6	583.2	586.2	225856	415594	0.0
2019-09-10	586.6	587.4	583.8	584.2	150520	419004	0.0
2019-09-11	583.8	584.8	582.0	584.8	167768	419144	0.0
2019-09-12	585.6	587.2	582.8	582.8	154562	409704	0.0
2019-09-16	584.6	588.8	581.4	582.8	191122	415718	0.0
2019-09-17	582.8	585.2	580.2	584.6	243576	399136	0.0
2019-09-18	585.0	585.6	581.8	583.4	192474	408502	0.0
2019-09-19	583.4	584.2	581.4	581.8	132362	404448	0.0
2019-09-20	581.4	582.4	576.2	576.6	250246	390124	0.0
2019-09-23	577.4	578.4	574.4	574.4	240940	389982	0.0
2019-09-24	574.8	578.0	573.0	573.4	205248	380656	0.0
2019-09-25	573.8	576.8	573.0	576.6	168642	355206	0.0
2019-09-26	576.4	577.2	573.0	574.4	131954	345016	0.0
2019-09-27	572.4	573.8	566.0	569.0	286862	360280	0.0
2019-09-30	570.2	572.6	568.8	570.2	130436	342228	0.0
2019-10-08	570.4	570.8	564.8	567.2	184880	373396	0.0
2019-10-09	566.8	568.0	564.0	566.4	188732	391554	0.0
2019-10-10	566.0	567.2	561.8	566.6	225054	413654	0.0
2019-10-11	566.0	570.4	564.6	565.2	174294	407786	0.0
2019-10-14	564.8	566.4	560.6	561.6	236268	455980	0.0
2019-10-15	561.0	561.2	554.8	558.2	329600	507616	0.0
2019-10-16	557.4	558.2	555.6	556.4	158272	520610	0.0
2019-10-17	556.2	558.2	555.6	557.6	133068	517006	0.0
2019-10-18	558.0	559.6	555.4	557.6	171030	507246	0.0
2019-10-21	556.6	558.6	555.6	557.6	145476	497358	0.0
2019-10-22	557.8	558.6	554.2	557.2	173426	494740	0.0
2019-10-23	556.8	557.8	552.2	555.4	226236	522952	0.0
2019-10-24	555.0	555.2	552.0	553.8	185630	537822	0.0
2019-10-25	553.4	557.2	553.4	557.2	181586	513520	0.0
2019-10-28	559.6	561.4	558.2	559.0	231762	483456	0.0
2019-10-29	557.6	558.8	553.4	553.6	182618	500616	0.0
2019-10-30	553.6	554.8	552.4	554.0	152178	513836	0.0
2019-10-31	550.0	550.0	542.2	542.8	515498	620190	0.0
2019-11-01	541.8	544.6	538.8	541.6	387130	619780	0.0
2019-11-04	545.2	545.8	542.4	543.6	251300	619024	0.0
2019-11-05	542.0	544.2	541.4	544.0	225448	604340	0.0
2019-11-06	541.4	543.4	537.4	541.8	252920	613668	0.0
2019-11-07	542.2	543.4	540.8	542.0	138158	599318	0.0
2019-11-08	545.8	550.0	544.2	549.4	355480	583910	0.0
2019-11-11	548.4	549.2	543.6	547.6	218990	581878	0.0
2019-11-12	547.2	549.0	545.4	547.8	151104	572258	0.0
2019-11-13	548.2	553.8	547.2	553.2	267394	573020	0.0
2019-11-14	554.8	555.4	552.0	552.8	245362	562750	0.0
2019-11-15	552.2	553.8	549.4	550.2	200128	555264	0.0
2019-11-18	551.0	551.4	546.4	548.8	201354	550686	0.0
2019-11-19	548.4	550.2	546.4	549.4	178394	543704	0.0
2019-11-20	549.2	552.0	548.4	549.0	166606	542038	0.0
2019-11-21	549.4	551.2	546.6	551.2	199872	546630	0.0
2019-11-22	550.0	550.2	548.2	549.8	123510	543600	0.0
2019-11-25	549.0	552.4	548.6	550.6	204140	543030	0.0
2019-11-26	550.0	550.4	547.0	547.0	191332	530386	0.0
2019-11-27	547.4	548.4	540.6	540.6	275526	544092	0.0
2019-11-28	540.8	542.0	540.4	540.4	154558	542082	0.0
2019-11-29	540.6	547.4	540.0	547.4	250680	522186	0.0
2019-12-02	546.2	549.8	544.6	547.6	220990	515836	0.0
2019-12-03	547.2	548.0	544.0	544.8	165050	519300	0.0
2019-12-04	544.0	546.6	544.0	545.8	133188	508064	0.0
2019-12-05	546.2	547.6	545.0	547.2	145804	513494	0.0
2019-12-06	546.2	548.8	546.0	547.0	167944	497716	0.0
2019-12-09	547.2	547.2	540.2	541.4	343326	504208	0.0
2019-12-10	543.4	544.0	542.2	542.6	140502	496876	0.0
2019-12-11	542.6	544.4	539.2	539.4	265306	510974	0.0
2019-12-12	539.6	540.2	538.8	539.4	242986	527012	0.0
2019-12-13	538.6	541.8	538.6	540.2	214720	513148	0.0
2019-12-16	540.4	546.6	540.0	546.4	309550	490800	0.0
2019-12-17	545.2	547.4	543.0	544.4	263926	475788	0.0
2019-12-18	544.6	547.2	544.6	546.4	135030	473416	0.0
2019-12-19	547.2	549.0	546.6	547.6	228686	471632	0.0
2019-12-20	547.4	551.4	546.0	551.4	242872	486708	0.0
2019-12-23	551.2	554.6	549.8	554.0	239340	502000	0.0
2019-12-24	554.8	554.8	551.2	553.6	179904	505248	0.0
2019-12-25	554.8	555.2	551.8	552.2	174292	489628	0.0
2019-12-26	553.4	553.4	549.4	550.0	170672	478740	0.0
2019-12-27	550.0	553.4	549.8	552.2	169490	471800	0.0
2019-12-30	553.0	557.6	551.0	556.0	251914	474006	0.0
2019-12-31	558.0	558.2	554.4	554.8	225768	458208	0.0
2020-01-02	556.0	557.2	554.2	555.2	77687	230332	0.0
2020-01-03	553.0	554.2	551.0	551.8	116181	215674	0.0
2020-01-06	552.0	555.8	551.6	552.4	102369	213752	0.0
2020-01-07	554.0	554.6	552.8	553.6	54972	215326	0.0
2020-01-08	555.0	557.6	554.2	557.6	90429	220150	0.0
2020-01-09	558.0	559.8	554.6	556.2	109657	215952	0.0
2020-01-10	556.6	557.6	555.6	556.8	51990	212095	0.0
2020-01-13	556.8	557.2	552.2	553.8	99975	205260	0.0
2020-01-14	554.8	556.8	553.4	556.4	51180	205609	0.0
2020-01-15	555.4	555.8	550.4	550.8	91745	192129	0.0
2020-01-16	551.6	553.0	550.4	550.6	52282	188602	0.0
2020-01-17	551.2	553.4	549.4	551.2	57495	182118	0.0
2020-01-20	550.4	552.2	550.2	550.6	52918	181277	0.0
2020-01-21	551.2	551.8	546.0	546.6	89983	174340	0.0
2020-01-22	546.6	548.2	543.6	547.2	75230	166393	0.0
2020-01-23	547.8	548.0	544.2	546.6	52996	155702	0.0
2020-02-03	543.8	577.6	543.0	556.6	162808	133456	0.0
2020-02-04	558.4	564.8	557.4	564.6	94316	143335	0.0
2020-02-05	563.8	566.4	562.4	566.0	88345	158412	0.0
2020-02-06	566.2	567.0	563.0	563.6	61912	164658	0.0
2020-02-07	564.0	566.2	563.4	564.4	62831	170552	0.0
2020-02-10	567.6	568.2	563.8	565.6	46775	173400	0.0
2020-02-11	565.6	568.8	565.6	568.4	65591	178844	0.0
2020-02-12	567.2	568.2	563.8	564.6	74284	181359	0.0
2020-02-13	565.0	565.8	561.4	561.4	54015	179702	0.0
2020-02-14	563.0	563.0	559.8	560.0	40893	178650	0.0
2020-02-17	559.4	559.4	552.6	553.2	99695	173897	0.0
2020-02-18	553.8	554.4	551.6	551.6	49611	172501	0.0
2020-02-19	551.8	553.0	550.4	551.6	60212	165214	0.0
2020-02-20	552.0	553.6	550.8	552.8	67128	160211	0.0
2020-02-21	553.0	554.6	551.2	551.4	61235	163714	0.0
2020-02-24	551.6	554.8	551.6	553.8	69142	158612	0.0
2020-02-25	552.6	552.6	547.8	548.0	97642	156925	0.0
2020-02-26	548.2	548.6	545.2	545.4	74755	165359	0.0
2020-02-27	546.4	547.4	545.2	545.2	58996	166426	0.0
2020-02-28	544.4	545.8	541.4	543.0	99810	174256	0.0
2020-03-02	545.0	547.0	543.8	545.0	84332	175829	0.0
2020-03-03	545.2	547.0	544.2	544.2	59985	181665	0.0
2020-03-04	544.6	546.0	542.0	542.6	72419	192550	0.0
2020-03-05	544.0	546.8	543.2	545.4	85542	200433	0.0
2020-03-06	543.6	548.0	541.8	546.8	130162	207063	0.0
2020-03-09	542.0	543.2	539.2	542.4	127595	202165	0.0
2020-03-10	541.8	547.6	541.8	545.4	88224	194911	0.0
2020-03-11	545.4	546.8	542.4	542.4	59249	195562	0.0
2020-03-12	543.8	544.2	540.6	542.4	76072	201283	0.0
2020-03-13	542.2	544.4	540.2	544.2	81898	200835	0.0
2020-03-16	543.6	544.2	541.0	541.0	46793	204483	0.0
2020-03-17	540.8	541.4	538.4	540.4	53944	209013	0.0
2020-03-18	541.2	543.0	538.4	538.6	76235	212750	0.0
2020-03-19	539.6	539.6	524.8	532.6	245854	238783	0.0
2020-03-20	531.8	533.8	528.0	529.6	110932	251346	0.0
2020-03-23	527.8	527.8	516.0	517.0	157429	278823	0.0
2020-03-24	519.4	523.0	516.8	522.4	126056	267541	0.0
2020-03-25	522.0	525.0	517.2	521.0	117652	276226	0.0
2020-03-26	519.6	521.2	517.4	519.8	90399	274078	0.0
2020-03-27	519.6	520.8	517.0	520.0	106944	275250	0.0
2020-03-30	518.4	518.4	505.8	508.6	241258	317432	0.0
2020-03-31	506.8	510.8	504.2	505.8	194949	327379	0.0
2020-04-01	501.4	503.0	493.6	497.6	242735	343419	0.0
2020-04-02	495.6	511.8	494.6	508.6	245926	314915	0.0
2020-04-03	507.0	507.4	499.2	501.8	177793	317454	0.0
2020-04-07	499.8	504.6	496.0	500.0	164649	316267	0.0
2020-04-08	497.8	500.2	495.4	495.6	156919	318001	0.0
2020-04-09	494.6	497.0	492.0	494.2	154927	328558	0.0
2020-04-10	493.0	500.8	492.0	498.2	150591	328791	0.0
2020-04-13	494.4	494.8	487.4	487.4	205336	346994	0.0
2020-04-14	486.2	486.2	475.4	478.0	265952	376320	0.0
2020-04-15	483.8	498.6	483.8	492.8	326180	355323	0.0
2020-04-16	487.4	492.2	483.0	492.0	199542	344465	0.0
2020-04-17	492.8	498.6	491.6	496.8	212339	348333	0.0
2020-04-20	497.6	500.2	495.4	497.4	130832	346376	0.0
2020-04-21	495.2	495.8	491.6	494.2	134945	339430	0.0
2020-04-22	492.0	493.6	486.2	488.8	204457	333942	0.0
2020-04-23	489.4	493.0	484.6	491.4	169122	332326	0.0
2020-04-24	493.0	495.4	491.8	492.2	103299	330214	0.0
2020-04-27	491.6	492.4	485.2	486.4	132320	337225	0.0
2020-04-28	485.2	489.6	483.4	486.6	132049	335475	0.0
2020-04-29	491.8	493.6	486.0	490.2	148389	326766	0.0
2020-04-30	491.4	497.4	491.4	497.4	125533	327468	0.0
2020-05-06	493.4	502.2	493.2	498.2	145070	322920	0.0
2020-05-07	497.8	500.6	497.0	498.6	129209	322300	0.0
2020-05-08	499.6	504.4	497.4	503.6	157499	331040	0.0
2020-05-11	503.2	507.6	501.2	507.2	149167	340007	0.0
2020-05-12	510.6	517.2	510.0	516.8	242901	326038	0.0
2020-05-13	516.2	521.0	512.8	519.4	248782	316962	0.0
2020-05-14	521.6	526.2	520.8	526.0	230951	311304	0.0
2020-05-15	524.0	525.2	519.6	522.0	160087	304218	0.0
2020-05-18	525.2	532.2	523.6	531.0	229533	301322	0.0
2020-05-19	534.4	540.4	532.6	539.6	234606	305316	0.0
2020-05-20	540.0	547.6	540.0	547.2	282690	305861	0.0
2020-05-21	548.6	549.0	536.0	536.4	289124	283219	0.0
2020-05-22	538.4	541.2	528.8	535.4	315643	272862	0.0
2020-05-25	537.2	539.6	532.6	536.4	210297	255212	0.0
2020-05-26	535.6	535.6	528.2	529.2	202155	250168	0.0
2020-05-27	524.8	526.4	521.4	522.2	207308	239372	0.0
2020-05-28	523.8	529.4	523.6	528.4	167167	240889	0.0
2020-05-29	531.8	533.8	525.6	528.4	201807	232691	0.0
2020-06-01	530.6	534.8	524.8	527.8	218655	225474	0.0
2020-06-02	527.6	528.8	525.0	528.2	145470	223725	0.0
2020-06-03	524.2	526.4	522.6	523.4	158960	227266	0.0
2020-06-04	523.6	524.2	517.6	518.4	203258	233728	0.0
2020-06-05	520.8	536.2	520.2	533.6	296264	232476	0.0
2020-06-08	534.0	543.0	534.0	542.8	245805	233005	0.0
2020-06-09	541.8	544.6	534.2	542.8	247371	224610	0.0
2020-06-10	543.4	547.4	540.8	545.4	239648	227329	0.0
2020-06-11	549.8	551.6	545.8	549.2	243091	228644	0.0
2020-06-12	546.0	547.8	541.4	543.8	198373	220011	0.0
2020-06-15	544.2	548.0	538.2	538.2	200146	213148	0.0
2020-06-16	538.6	544.0	537.0	538.2	186061	206969	0.0
2020-06-17	536.8	543.0	536.4	541.0	177192	206473	0.0
2020-06-18	543.4	546.2	542.4	543.6	173167	214165	0.0
2020-06-19	543.6	546.2	543.2	545.2	108539	213362	0.0
2020-06-22	546.2	547.8	540.2	545.4	174577	218183	0.0
2020-06-23	544.4	546.4	541.2	542.0	128408	213432	0.0
2020-06-24	542.0	543.0	538.8	542.6	104421	204905	0.0
2020-06-29	542.8	545.0	542.0	543.0	96738	205986	0.0
2020-06-30	543.8	554.0	543.8	552.0	223349	229700	0.0
2020-07-01	555.4	559.6	555.4	559.2	215329	236710	0.0
2020-07-02	557.6	560.2	556.4	559.8	146722	237791	0.0
2020-07-03	563.4	565.0	559.4	563.6	218392	241214	0.0
2020-07-06	560.8	561.4	553.4	556.0	223971	230643	0.0
2020-07-07	554.6	557.2	552.8	556.6	171223	225308	0.0
2020-07-08	555.0	556.6	552.2	555.4	169398	221646	0.0
2020-07-09	555.2	560.2	552.8	553.6	249509	228495	0.0
2020-07-10	554.2	555.2	551.6	553.8	160345	228285	0.0
2020-07-13	553.2	558.2	551.4	557.0	171518	233798	0.0
2020-07-14	556.2	564.4	555.8	558.0	232169	238744	0.0
2020-07-15	555.4	557.4	553.2	555.2	137952	230309	0.0
2020-07-16	555.8	561.2	553.8	554.6	154655	224680	0.0
2020-07-17	553.2	556.6	551.0	551.4	169235	216473	0.0
2020-07-20	551.4	553.8	546.0	547.4	200423	215413	0.0
2020-07-21	546.6	551.4	546.2	550.2	141121	221034	0.0
2020-07-22	548.4	550.2	544.4	544.6	199199	229308	0.0
2020-07-23	545.0	552.0	544.8	552.0	209504	228422	0.0
2020-07-24	554.6	558.0	551.0	553.6	297508	207942	0.0
2020-07-27	553.2	554.2	547.4	547.6	185800	210204	0.0
2020-07-28	550.4	554.4	549.0	553.6	172160	203287	0.0
2020-07-29	552.0	553.4	550.4	552.2	129554	204721	0.0
2020-07-30	552.8	554.4	550.6	550.6	166653	208258	0.0
2020-07-31	551.0	552.0	548.4	548.6	163481	214382	0.0
2020-08-03	548.8	552.0	548.2	551.8	153681	211458	0.0
2020-08-04	550.6	551.6	547.2	547.2	174741	220057	0.0
2020-08-05	548.2	550.8	547.2	549.4	158826	216625	0.0
2020-08-06	549.6	554.8	549.2	553.2	246898	210327	0.0
2020-08-07	553.0	554.0	547.2	548.4	208298	209620	0.0
2020-08-10	547.8	550.4	547.6	548.2	114621	214123	0.0
2020-08-11	550.0	558.0	549.8	558.0	243509	217413	0.0
2020-08-12	555.0	561.2	554.6	561.0	219365	230095	0.0
2020-08-13	561.6	572.2	558.0	566.4	337855	239488	0.0
2020-08-14	565.2	565.6	560.0	560.8	228996	235751	0.0
2020-08-17	560.0	564.4	559.2	560.8	149191	230553	0.0
2020-08-18	561.2	563.2	559.4	561.8	128680	227149	0.0
2020-08-19	561.8	564.4	560.8	561.6	152993	224602	0.0
2020-08-20	560.4	565.2	560.4	563.0	247365	219510	0.0
2020-08-21	562.2	564.2	557.2	558.8	244777	208588	0.0
2020-08-24	554.6	557.4	551.4	552.0	214470	196910	0.0
2020-08-25	552.2	553.0	551.2	551.6	119285	193902	0.0
2020-08-26	551.2	554.8	551.2	554.2	117499	192121	0.0
2020-08-27	555.2	564.0	555.0	563.8	250895	204909	0.0
2020-08-28	562.4	568.6	562.0	568.6	216583	221391	0.0
2020-08-31	567.8	572.0	567.2	569.4	214352	218701	0.0
2020-09-01	568.4	569.8	566.0	568.2	110541	217899	0.0
2020-09-02	567.0	573.4	566.8	571.8	183168	236060	0.0
2020-09-03	570.8	571.2	568.4	570.0	108643	237002	0.0
2020-09-04	569.6	573.8	566.6	572.4	190178	243335	0.0
2020-09-07	575.0	577.4	571.0	575.0	227433	240736	0.0
2020-09-08	577.0	581.2	574.8	579.8	170336	249767	0.0
2020-09-09	579.0	580.0	576.2	578.6	175292	242502	0.0
2020-09-10	579.8	587.4	579.8	586.4	296791	256622	0.0
2020-09-11	584.6	588.4	577.4	578.0	316292	247596	0.0
2020-09-14	577.4	584.0	576.6	582.8	232439	255968	0.0
2020-09-15	583.4	589.6	581.8	589.0	248341	282026	0.0
2020-09-16	591.8	595.6	588.4	590.8	294176	287908	0.0
2020-09-17	591.2	591.4	583.0	584.6	251789	268112	0.0
2020-09-18	584.6	588.6	582.4	587.8	192506	269301	0.0
2020-09-21	587.6	592.6	587.6	590.8	247444	276890	0.0
2020-09-22	589.2	590.2	587.0	587.8	181563	273951	0.0
2020-09-23	588.6	594.8	588.6	593.8	212371	290836	0.0
2020-09-24	593.2	596.8	590.4	595.4	268302	290256	0.0
2020-09-25	596.4	605.2	594.0	600.8	458406	299861	0.0
2020-09-28	603.2	613.6	602.0	608.6	376717	310283	0.0
2020-09-29	608.8	615.0	608.2	614.4	286852	307325	0.0
2020-09-30	611.8	613.0	595.2	598.6	380402	245093	0.0
2020-10-09	600.2	603.6	598.4	601.0	169825	242676	0.0
2020-10-12	603.0	616.2	602.0	613.8	274525	271819	0.0
2020-10-13	611.2	613.0	594.4	597.0	365505	256841	0.0
2020-10-14	598.6	599.2	594.6	595.2	231401	247006	0.0
2020-10-15	595.2	597.2	590.4	591.2	256364	233991	0.0
2020-10-16	590.2	591.4	579.8	582.0	319541	212608	0.0
2020-10-19	582.6	588.6	582.4	584.6	264101	211375	0.0
2020-10-20	585.2	587.4	578.2	578.4	230049	213340	0.0
2020-10-21	579.8	580.6	574.2	574.8	282570	213990	0.0
2020-10-22	574.6	576.6	572.2	575.0	227166	211318	0.0
2020-10-23	574.0	577.8	573.6	574.2	172510	210030	0.0
2020-10-26	576.0	578.8	575.6	577.2	176982	207299	0.0
2020-10-27	578.8	583.0	578.4	580.8	191905	206383	0.0
2020-10-28	579.8	581.0	576.0	580.4	186523	203287	0.0
2020-10-29	582.6	587.2	581.0	586.4	240194	206952	0.0
2020-10-30	589.8	595.0	585.2	592.6	271905	216373	0.0
2020-11-02	592.8	608.4	590.6	604.8	327500	242447	0.0
2020-11-03	603.2	605.2	595.4	597.0	326821	239544	0.0
2020-11-04	599.0	601.0	595.4	598.2	217148	242838	0.0
2020-11-05	598.6	602.8	591.8	600.6	294164	251734	0.0
2020-11-06	599.8	601.0	595.8	597.6	179090	246844	0.0
2020-11-09	593.6	596.8	586.8	587.8	315978	227517	0.0
2020-11-10	588.2	595.4	587.0	594.0	224046	232990	0.0
2020-11-11	591.8	605.6	589.4	601.0	352705	242934	0.0
2020-11-12	598.6	601.6	594.6	595.6	225450	234755	0.0
2020-11-13	595.6	608.8	595.6	606.6	358541	277807	0.0
2020-11-16	605.2	611.6	604.8	610.6	236738	280722	0.0
2020-11-17	611.8	619.0	607.6	615.4	368243	284586	0.0
2020-11-18	598.6	604.2	597.0	603.4	429659	235106	0.0
2020-11-19	604.6	607.6	599.4	601.2	299876	247513	0.0
2020-11-20	600.2	601.2	595.2	597.0	228173	234721	0.0
2020-11-23	597.4	603.4	595.6	600.0	254512	231771	0.0
2020-11-24	603.2	609.4	601.6	607.6	303802	242740	0.0
2020-11-25	613.6	617.4	613.0	616.6	281742	264590	0.0
2020-11-26	619.4	628.8	616.4	626.0	342311	297070	0.0
2020-11-27	626.8	641.4	623.8	636.4	405247	307889	0.0
2020-11-30	636.4	647.8	630.4	644.6	420623	305335	0.0
2020-12-01	645.8	661.8	645.2	659.0	607683	308656	0.0
2020-12-02	665.2	681.2	665.2	681.0	830867	308641	0.0
2020-12-03	675.6	677.2	656.4	663.8	934474	295534	0.0
2020-12-04	664.8	680.0	660.6	678.8	778686	325073	0.0
2020-12-07	686.2	694.0	675.8	677.0	1000497	320310	0.0
2020-12-08	680.0	693.8	678.6	689.2	690128	328655	0.0
2020-12-09	698.8	710.6	693.8	709.8	909384	375641	0.0
2020-12-10	716.0	728.4	708.8	720.0	1529138	312019	0.0
2020-12-11	728.4	743.0	709.6	718.0	1990794	309777	0.0
2020-12-14	719.8	725.8	696.4	696.6	1338086	308679	0.0
2020-12-15	695.0	696.0	678.6	691.4	788126	276135	0.0
2020-12-16	697.2	704.0	674.6	683.8	803226	276562	0.0
2020-12-17	685.0	699.0	676.0	699.0	632382	288067	0.0
2020-12-18	706.4	716.0	705.6	714.6	926769	329393	0.0
2020-12-21	724.8	732.6	708.8	715.2	1182248	288605	0.0
2020-12-22	704.8	713.0	676.4	677.2	790182	272715	0.0
2020-12-23	674.0	686.8	664.2	685.4	837014	238118	0.0
2020-12-24	683.8	688.4	672.6	678.2	621673	250917	0.0
2020-12-25	679.4	698.8	678.2	696.4	572037	258308	0.0
2020-12-28	697.4	712.0	686.4	697.8	740335	268529	0.0
2020-12-29	699.0	702.4	665.8	675.0	683968	255460	0.0
2020-12-30	673.6	685.4	662.2	682.4	696676	241770	0.0
2020-12-31	686.6	689.4	674.6	684.6	603542	230293	0.0
2021-01-04	676.6	685.0	671.8	680.4	339102	232455	0.0
2021-01-05	682.6	698.6	682.2	698.4	619157	246683	0.0
2021-01-06	700.4	701.8	684.6	693.4	543824	248226	0.0
2021-01-07	695.2	713.8	693.8	713.4	604412	254100	0.0
2021-01-08	714.2	735.0	700.0	710.2	885802	256478	0.0
2021-01-11	710.0	722.4	697.8	720.8	787317	270008	0.0
2021-01-12	718.6	723.6	703.2	723.2	763482	284688	0.0
2021-01-13	725.2	736.8	706.8	710.8	1111533	299748	0.0
2021-01-14	709.8	720.2	701.6	705.8	752639	290988	0.0
2021-01-15	709.4	735.4	708.6	730.8	950953	329892	0.0
2021-01-18	732.0	741.8	716.8	723.0	997948	329377	0.0
2021-01-19	720.2	720.4	686.0	686.2	978792	307546	0.0
2021-01-20	685.2	686.4	675.6	676.4	732674	273627	0.0
2021-01-21	678.4	682.0	668.0	669.4	755070	284283	0.0
2021-01-22	671.6	673.6	647.4	651.8	863598	299836	0.0
2021-01-25	652.2	659.8	645.2	651.6	619418	290867	0.0
2021-01-26	651.6	657.0	648.8	650.6	474160	290451	0.0
2021-01-27	652.2	658.2	643.0	656.0	710112	292193	0.0
2021-01-28	656.2	656.6	648.0	649.8	453971	285063	0.0
2021-01-29	647.2	647.8	629.0	631.2	762546	313872	0.0
2021-02-01	635.4	637.0	628.0	630.0	414505	308502	0.0
2021-02-02	630.4	631.2	608.2	611.2	625283	324666	0.0
2021-02-03	611.0	616.6	606.4	608.2	521440	317788	0.0
2021-02-04	609.6	613.6	606.2	612.8	515293	318020	0.0
2021-02-05	612.0	618.4	604.6	609.2	666238	318799	0.0
2021-02-08	609.6	617.4	603.2	610.0	743153	317986	0.0
2021-02-09	609.4	622.6	608.4	619.2	540115	299906	0.0
2021-02-10	617.4	629.2	614.8	629.2	486063	268441	0.0
2021-02-18	619.0	621.8	595.8	602.0	548919	312036	0.0
2021-02-19	600.8	608.8	600.4	604.0	571571	331336	0.0
2021-02-22	603.6	608.4	594.2	603.0	820595	348371	0.0
2021-02-23	599.6	610.0	590.0	606.2	805076	354520	0.0
2021-02-24	606.6	614.4	602.4	610.6	728634	358208	0.0
2021-02-25	612.6	625.2	611.0	619.8	747304	359422	0.0
2021-02-26	620.2	624.0	603.0	609.4	739034	344314	0.0
2021-03-01	610.0	635.4	609.4	632.2	869241	358125	0.0
2021-03-02	631.2	639.4	625.8	639.2	738940	356654	0.0
2021-03-03	638.6	644.4	636.0	644.0	572497	349391	0.0
2021-03-04	645.4	652.4	633.8	652.4	656502	340910	0.0
2021-03-05	649.4	651.8	627.8	630.6	724827	310035	0.0
2021-03-08	636.0	650.6	628.8	650.6	647419	311419	0.0
2021-03-09	646.8	652.8	639.8	647.2	618705	306004	0.0
2021-03-10	646.2	650.8	625.2	627.0	714516	296065	0.0
2021-03-11	633.8	646.4	632.0	641.0	536567	281257	0.0
2021-03-12	640.0	650.8	633.6	645.6	592689	298139	0.0
2021-03-15	644.6	648.4	622.8	634.6	683105	284283	0.0
2021-03-16	634.6	646.8	631.8	643.2	536697	291085	0.0
2021-03-17	642.8	674.6	641.8	674.6	773205	361141	0.0
2021-03-18	671.2	671.6	663.8	670.8	618659	331084	0.0
2021-03-19	666.0	678.2	665.4	671.0	710323	330520	0.0
2021-03-22	673.4	693.0	671.2	675.0	777818	343654	0.0
2021-03-23	679.0	684.6	668.8	677.4	613194	349787	0.0
2021-03-24	679.2	692.2	674.8	689.0	576684	378444	0.0
2021-03-25	689.6	693.2	686.2	691.2	452621	376822	0.0
2021-03-26	690.2	694.6	678.2	692.4	618501	359042	0.0
2021-03-29	697.8	723.6	697.4	722.8	765817	399398	0.0
2021-03-30	726.0	731.8	719.4	727.6	660338	388290	0.0
2021-03-31	730.4	733.4	712.0	718.2	829057	380851	0.0
2021-04-01	718.2	730.2	711.2	721.6	699644	378906	0.0
2021-04-02	721.2	729.6	718.4	729.6	632139	383761	0.0
2021-04-06	719.4	732.0	714.8	726.6	561245	380048	0.0
2021-04-07	724.6	724.6	681.2	683.8	1409146	315391	0.0
2021-04-08	687.6	690.4	675.6	685.0	699604	319668	0.0
2021-04-09	686.2	687.6	673.2	674.2	622215	311173	0.0
2021-04-12	672.4	707.6	671.2	699.8	890525	333986	0.0
2021-04-13	704.2	720.2	698.8	716.0	760561	361016	0.0
2021-04-14	724.8	733.4	702.4	727.2	1641177	389509	0.0
2021-04-15	731.6	739.0	724.8	738.0	831435	427593	0.0
2021-04-16	732.0	752.0	728.4	734.8	1330435	422997	0.0
2021-04-19	734.8	761.0	732.8	756.0	901675	439320	0.0
2021-04-20	754.6	757.0	739.4	744.8	767968	428725	0.0
2021-04-21	740.2	743.4	733.2	742.2	858307	426226	0.0
2021-04-22	741.4	762.0	740.8	759.0	1271140	469422	0.0
2021-04-23	756.4	760.2	744.2	756.0	931157	449793	0.0
2021-04-26	754.4	772.2	746.4	749.2	1194814	449702	0.0
2021-04-27	748.8	758.4	746.4	753.8	777150	445417	0.0
2021-04-28	754.8	774.2	750.0	771.6	1109892	480101	0.0
2021-04-29	768.4	803.8	767.0	800.4	1353093	496920	0.0
2021-04-30	803.2	813.4	792.4	803.0	996894	436747	0.0
2021-05-06	814.6	864.4	814.4	864.4	482476	455824	0.0
2021-05-07	870.2	895.2	855.0	886.0	920603	417484	0.0
2021-05-10	879.6	912.2	856.2	908.8	1159402	378760	0.0
2021-05-11	895.8	938.4	881.0	918.8	896270	347327	0.0
2021-05-12	931.8	956.8	915.2	948.6	674651	325199	0.0
2021-05-13	925.0	943.4	878.8	889.8	831533	290676	0.0
2021-05-14	889.8	902.2	836.6	853.0	620604	249485	0.0
2021-05-17	869.6	877.0	824.8	839.4	529565	258355	0.0
2021-05-18	833.8	851.4	826.2	848.6	271672	252738	0.0
2021-05-19	854.8	869.2	833.0	853.2	447936	257781	0.0
2021-05-20	788.2	803.4	779.2	779.2	485542	242799	0.0
2021-05-21	758.2	765.8	715.2	715.8	609491	271052	0.0
2021-05-24	720.2	735.2	700.4	728.0	431379	256408	0.0
2021-05-25	731.6	748.0	724.2	733.0	279202	252186	0.0
2021-05-26	731.2	741.2	722.2	725.4	224264	248940	0.0
2021-05-27	735.0	763.0	727.0	741.0	411983	263168	0.0
2021-05-28	744.2	759.0	737.4	747.0	238046	253675	0.0
2021-05-31	745.0	782.4	740.4	768.4	271325	238206	0.0
2021-06-01	772.4	806.8	768.0	803.0	232002	204523	0.0
2021-06-02	805.2	828.0	801.8	817.6	249861	201734	0.0
2021-06-03	820.8	851.8	820.8	833.0	264585	204906	0.0
2021-06-04	824.2	831.0	771.8	788.2	424226	184336	0.0
2021-06-07	801.0	823.0	790.4	797.2	275171	188035	0.0
2021-06-08	795.2	817.0	788.6	815.2	210346	192309	0.0
2021-06-09	819.8	827.6	812.0	814.2	200938	187117	0.0
2021-06-10	818.4	822.6	797.6	799.4	174616	184692	0.0
2021-06-11	805.4	828.2	802.6	822.6	215014	172914	0.0
2021-06-15	836.4	861.0	825.0	854.4	226012	173942	0.0
2021-06-16	849.2	855.4	835.6	842.2	149345	165658	0.0
2021-06-17	846.4	863.2	839.0	855.8	155378	168455	0.0
2021-06-18	853.6	865.8	827.2	827.8	195763	157055	0.0
2021-06-21	837.4	853.8	829.4	836.6	168813	163044	0.0
2021-06-22	832.2	847.0	817.8	842.8	169098	160008	0.0
2021-06-23	846.0	857.2	841.0	851.6	129735	161814	0.0
2021-06-24	849.8	858.2	832.8	847.8	147014	158173	0.0
2021-06-25	845.4	850.6	837.0	839.8	122382	155733	0.0
2021-06-28	835.6	839.8	780.6	783.6	279016	158827	0.0
2021-06-29	787.8	795.8	772.6	773.6	180549	161513	0.0
2021-06-30	770.6	785.8	770.6	784.6	132049	164791	0.0
2021-07-01	785.8	791.6	774.0	774.4	125189	164559	0.0
2021-07-02	777.0	785.6	768.0	780.4	122654	164326	0.0
2021-07-05	785.4	821.6	781.6	820.8	172014	170224	0.0
2021-07-06	825.0	828.0	808.6	810.8	129099	164078	0.0
2021-07-07	810.4	824.2	805.2	819.2	122352	170005	0.0
2021-07-08	821.8	824.4	805.0	813.8	129702	174132	0.0
2021-07-09	818.2	837.6	810.6	833.8	162358	189006	0.0
2021-07-12	831.8	847.8	829.0	844.0	121287	195606	0.0
2021-07-13	848.6	870.8	845.4	870.6	124887	209960	0.0
2021-07-14	872.2	883.4	865.2	881.6	152175	208299	0.0
2021-07-15	878.2	878.2	851.8	861.4	204215	210352	0.0
2021-07-16	867.4	894.2	865.0	871.2	184533	207561	0.0
2021-07-19	872.4	907.4	871.4	900.8	143477	214120	0.0
2021-07-20	897.2	914.6	891.0	904.2	142366	216460	0.0
2021-07-21	908.8	913.2	888.4	897.4	112491	207784	0.0
2021-07-22	902.8	903.2	884.6	894.2	102026	204940	0.0
2021-07-23	896.6	904.2	884.8	896.0	118281	201885	0.0
2021-07-26	890.6	893.2	871.2	881.2	157344	190736	0.0
2021-07-27	880.4	895.6	870.0	872.8	121517	184364	0.0
2021-07-28	874.8	887.4	872.2	880.4	99816	180838	0.0
2021-07-29	880.6	894.6	879.8	894.2	93829	180326	0.0
2021-07-30	897.2	918.6	885.4	898.6	164712	169436	0.0
2021-08-02	849.4	856.0	830.2	838.0	221322	152345	0.0
2021-08-03	840.2	845.8	834.0	834.4	79788	147291	0.0
2021-08-04	838.0	853.2	838.0	851.8	84513	150224	0.0
2021-08-05	852.8	867.6	836.6	836.8	105920	150459	0.0
2021-08-06	835.6	850.8	833.2	833.6	74933	149072	0.0
2021-08-09	833.2	839.6	821.2	828.4	97636	145422	0.0
2021-08-10	826.8	843.2	825.8	836.0	84407	143797	0.0
2021-08-11	836.8	858.0	836.6	843.4	85761	145023	0.0
2021-08-12	837.8	842.4	816.2	816.2	84271	147104	0.0
2021-08-13	815.4	824.2	809.4	819.0	95055	148128	0.0
2021-08-16	817.4	831.8	798.8	799.8	120470	153245	0.0
2021-08-17	797.0	809.6	795.8	806.2	95733	154519	0.0
2021-08-18	806.8	821.0	806.2	812.6	96718	148355	0.0
2021-08-19	815.6	831.4	803.0	814.4	118829	142125	0.0
2021-08-20	817.4	830.8	815.0	823.2	94291	132390	0.0
2021-08-23	841.6	870.0	834.2	869.0	151003	129179	0.0
2021-08-24	886.2	889.0	848.2	867.8	144828	129157	0.0
2021-08-25	875.0	895.4	867.0	887.6	109267	133923	0.0
2021-08-26	888.0	896.0	860.4	868.0	112020	133337	0.0
2021-08-27	853.2	866.0	844.8	861.2	88064	122985	0.0
2021-08-30	860.6	875.0	852.2	868.2	73004	120776	0.0
2021-08-31	870.8	876.0	861.2	870.8	59783	120777	0.0
2021-09-01	874.6	892.2	866.0	873.6	84916	124271	0.0
2021-09-02	876.6	930.6	868.6	902.8	136064	127340	0.0
2021-09-03	890.4	898.4	879.0	894.2	87559	121493	0.0
2021-09-06	905.6	947.2	905.2	945.8	90569	122446	0.0
2021-09-07	951.4	993.0	948.6	980.8	88508	123701	0.0
2021-09-08	975.2	979.4	938.0	971.8	97285	114822	0.0
2021-09-09	989.8	1018.4	972.2	982.0	102137	114748	0.0
2021-09-10	977.0	990.2	927.0	938.4	113844	109003	0.0
2021-09-13	957.6	1008.2	957.6	981.0	120902	113713	0.0
2021-09-14	987.2	997.8	956.6	987.4	94920	114183	0.0
2021-09-15	991.4	1040.6	983.2	1021.6	126674	123561	0.0
2021-09-16	1026.6	1081.0	1020.2	1039.8	129657	119511	0.0
2021-09-17	1029.8	1060.0	1026.0	1043.0	82956	112906	0.0
2021-09-22	1036.8	1119.6	1036.4	1119.4	80229	118641	0.0
2021-09-23	1144.8	1204.4	1139.2	1203.8	127617	115785	0.0
2021-09-24	1197.6	1197.6	1127.6	1153.6	140613	107325	0.0
2021-09-27	1163.4	1234.4	1133.4	1211.4	115424	113156	0.0
2021-09-28	1220.8	1277.0	1208.2	1275.4	92684	111787	0.0
2021-09-29	1267.2	1320.6	1240.2	1258.6	125364	101552	0.0
2021-09-30	1261.4	1353.2	1233.4	1341.0	124206	95794	0.0
2021-10-08	1307.0	1344.6	1208.2	1212.4	124683	95354	0.0
2021-10-11	1238.2	1357.2	1228.2	1357.2	121876	104697	0.0
2021-10-12	1383.0	1441.2	1382.6	1438.6	118645	109521	0.0
2021-10-13	1457.4	1557.2	1361.6	1476.2	259519	105037	0.0
2021-10-14	1487.2	1530.4	1411.0	1516.6	154678	111266	0.0
2021-10-15	1553.4	1578.4	1499.0	1576.2	139473	115908	0.0
2021-10-18	1603.0	1695.4	1574.6	1694.8	151096	115122	0.0
2021-10-19	1713.2	1820.4	1702.0	1703.2	193961	107479	0.0
2021-10-20	1661.6	1694.6	1619.6	1621.2	81322	103213	0.0
2021-10-21	1469.0	1469.0	1467.2	1467.4	10055	98150	0.0
2021-10-22	1325.8	1349.8	1247.6	1248.4	173006	61134	0.0
2021-10-25	1259.0	1284.6	1181.8	1198.2	117454	59635	0.0
2021-10-26	1200.8	1226.8	1104.8	1122.4	86169	55759	0.0
2021-10-27	1100.8	1126.4	1031.8	1032.2	69555	57687	0.0
2021-10-28	949.8	1050.2	930.8	974.0	116248	51829	0.0
2021-10-29	994.2	1012.2	885.6	906.6	100229	54083	0.0
2021-11-01	907.2	918.2	862.6	867.6	60095	55167	0.0
2021-11-02	856.0	888.8	806.8	850.0	71842	52671	0.0
2021-11-03	847.6	922.4	847.6	913.8	57583	45992	0.0
2021-11-04	915.8	920.4	855.2	875.4	39842	43088	0.0
2021-11-05	896.4	901.4	871.2	879.4	20775	40751	0.0
2021-11-08	887.0	904.0	842.0	844.2	26687	40126	0.0
2021-11-09	851.8	856.4	793.4	795.6	25655	41277	0.0
2021-11-10	792.2	814.8	776.6	806.0	21307	39841	0.0
2021-11-11	820.2	831.0	788.6	824.0	19903	38631	0.0
2021-11-12	812.0	813.4	789.2	792.0	16600	38296	0.0
2021-11-15	791.4	812.4	751.2	756.6	24067	37976	0.0
2021-11-16	759.0	776.6	755.4	765.0	11825	36946	0.0
2021-11-17	755.6	777.8	746.6	768.6	13562	36437	0.0
2021-11-18	766.0	790.6	757.8	761.6	13096	35445	0.0
2021-11-19	769.0	787.2	758.4	783.6	10630	35501	0.0
2021-11-22	778.6	802.4	777.8	792.0	14307	36298	0.0
2021-11-23	818.2	826.4	792.6	792.6	14324	36214	0.0
2021-11-24	797.8	835.6	781.6	830.2	19084	36694	0.0
2021-11-25	839.0	860.4	816.0	822.0	21400	37273	0.0
2021-11-26	822.8	822.8	759.4	759.8	21036	37819	0.0
2021-11-29	738.4	764.0	735.8	744.0	20221	38521	0.0
2021-11-30	744.2	770.6	740.4	759.4	15471	37302	0.0
2021-12-01	760.4	777.6	752.8	768.2	13189	36863	0.0
2021-12-02	773.0	778.0	747.8	750.8	10286	36581	0.0
2021-12-03	723.2	792.4	718.8	769.2	25211	37289	0.0
2021-12-06	771.6	773.4	728.4	735.0	16939	37842	0.0
2021-12-07	740.6	745.6	725.2	729.4	16049	37629	0.0
2021-12-08	733.2	735.4	709.0	710.8	13501	37103	0.0
2021-12-09	709.2	720.6	707.6	712.2	8334	36511	0.0
2021-12-10	717.0	731.6	707.4	711.4	13582	35561	0.0
2021-12-13	717.2	758.2	710.8	755.0	21292	33578	0.0
2021-12-14	751.8	755.6	734.8	740.0	9992	33194	0.0
2021-12-15	739.2	748.8	735.4	737.8	8567	32892	0.0
2021-12-16	727.0	748.0	722.2	747.8	12094	32639	0.0
2021-12-17	757.8	773.6	749.4	761.2	19721	33135	0.0
2021-12-20	768.4	769.6	731.0	732.0	14841	32089	0.0
2021-12-21	736.0	741.8	722.0	724.2	9441	32954	0.0
2021-12-22	713.4	727.2	711.8	715.8	11097	33664	0.0
2021-12-23	711.4	721.4	711.0	717.4	6025	33493	0.0
2021-12-24	716.2	730.8	713.8	719.8	9073	33600	0.0
2021-12-27	723.0	725.2	698.6	701.2	11844	33874	0.0
2021-12-28	703.6	705.8	683.0	684.2	11482	35109	0.0
2021-12-29	687.8	695.6	683.0	688.0	7057	34953	0.0
2021-12-30	684.0	690.6	678.6	682.0	6062	34420	0.0
2021-12-31	681.0	681.0	661.2	672.8	13159	33533	0.0
2022-01-04	715.2	723.6	699.0	712.0	24105	34423	0.0
2022-01-05	713.4	714.4	688.6	701.8	13752	34394	0.0
2022-01-06	701.6	705.0	694.6	697.0	9142	34277	0.0
2022-01-07	703.2	714.4	692.6	712.0	12812	32875	0.0
2022-01-10	715.2	719.0	696.8	700.0	10949	32483	0.0
2022-01-11	696.6	699.8	680.8	683.8	12464	33194	0.0
2022-01-12	688.4	697.8	687.6	692.6	6838	32977	0.0
2022-01-13	695.0	708.8	687.0	689.6	12146	32699	0.0
2022-01-14	691.2	695.6	685.0	692.6	7410	32333	0.0
2022-01-17	694.6	714.2	685.8	714.0	14730	32234	0.0
2022-01-18	722.0	748.4	710.0	747.8	17618	33401	0.0
2022-01-19	762.2	787.0	749.2	772.2	21471	33427	0.0
2022-01-20	768.6	773.0	756.0	772.8	9283	33800	0.0
2022-01-21	766.4	781.4	754.4	766.0	10495	33526	0.0
2022-01-24	773.8	795.2	727.8	739.2	15831	31277	0.0
2022-01-25	757.4	777.6	743.0	776.2	8852	31557	0.0
2022-01-26	781.6	787.8	764.6	785.2	8242	31738	0.0
2022-01-27	802.6	818.6	787.4	806.0	12893	31000	0.0
2022-01-28	816.4	819.8	751.4	754.8	17552	28435	0.0
2022-02-07	770.6	822.8	770.6	820.2	10088	29372	0.0
2022-02-08	839.8	873.6	832.8	873.2	22117	29060	0.0
2022-02-09	868.2	894.0	828.0	835.0	22309	26263	0.0
2022-02-10	816.0	847.2	807.0	841.0	12002	26132	0.0
2022-02-11	847.2	859.0	819.0	821.4	10643	25050	0.0
2022-02-14	816.2	842.6	815.6	818.4	6969	24085	0.0
2022-02-15	789.6	800.0	771.4	775.8	12145	21901	0.0
2022-02-16	768.4	789.2	766.4	782.0	6475	21634	0.0
2022-02-17	775.4	780.2	770.6	772.0	4658	20943	0.0
2022-02-18	768.6	811.4	766.6	811.4	9390	20800	0.0
2022-02-21	810.2	844.6	798.6	841.2	8731	20982	0.0
2022-02-22	844.0	847.2	805.6	812.4	6617	20065	0.0
2022-02-23	818.0	835.6	818.0	831.2	3565	19974	0.0
2022-02-24	840.0	845.0	809.2	811.8	7025	18838	0.0
2022-02-25	816.0	824.0	738.4	745.4	12359	17083	0.0
2022-02-28	743.6	791.6	740.0	771.0	7188	16405	0.0
2022-03-01	772.4	822.6	772.4	812.6	4980	15610	0.0
2022-03-02	808.8	852.4	807.6	851.6	7518	15394	0.0
2022-03-03	858.8	878.6	834.8	840.2	8673	13911	0.0
2022-03-04	844.4	852.0	815.6	843.2	5115	12909	0.0
2022-03-07	856.2	907.2	828.4	906.4	7043	12584	0.0
2022-03-08	910.2	916.6	879.6	888.8	4610	11854	0.0
2022-03-09	896.2	900.2	846.0	846.0	3897	10187	0.0
2022-03-10	805.4	849.6	798.4	831.4	4264	8844	0.0
2022-03-11	838.8	846.4	815.4	816.8	1891	8195	0.0
2022-03-14	776.2	814.6	769.2	804.2	2214	7413	0.0
2022-03-15	803.6	834.4	796.0	799.2	1810	6815	0.0
2022-03-16	817.2	817.2	801.2	814.8	801	6575	0.0
2022-03-17	808.2	821.4	806.4	815.8	821	6223	0.0
2022-03-18	821.6	826.4	807.6	824.4	945	5814	0.0
2022-03-21	811.8	831.2	811.8	831.2	1106	5169	0.0
2022-03-22	839.2	846.6	824.8	846.6	783	4885	0.0
2022-03-23	850.6	863.4	838.0	861.4	918	4517	0.0
2022-03-24	863.2	868.0	846.6	857.4	719	4175	0.0
2022-03-25	863.2	866.2	852.0	855.2	481	3908	0.0
2022-03-28	862.6	862.6	840.2	842.8	427	3703	0.0
2022-03-29	836.2	844.2	831.4	835.0	332	3527	0.0
2022-03-30	826.8	832.8	808.6	814.8	412	3374	0.0
2022-03-31	818.0	837.0	803.6	806.0	426	3258	0.0
2022-04-01	809.2	811.4	802.6	807.4	180	3211	0.0
2022-04-06	815.2	817.8	803.0	807.8	175	3183	0.0
2022-04-07	806.2	813.2	802.4	802.4	303	3103	0.0
2022-04-08	806.0	807.8	800.4	805.2	309	2914	0.0
2022-04-11	802.6	813.0	795.8	806.8	366	2698	0.0
2022-04-12	802.4	810.4	799.8	807.4	289	2530	0.0
2022-04-13	803.0	810.6	801.4	803.8	172	2434	0.0
2022-04-14	806.6	814.0	804.0	813.4	135	2366	0.0
2022-04-15	810.4	820.4	807.4	820.4	267	2259	0.0
2022-04-18	817.4	824.0	812.8	814.2	248	2114	0.0
2022-04-19	816.0	826.8	811.4	825.8	196	2035	0.0
2022-04-20	823.6	826.0	791.8	814.0	265	1953	0.0
2022-04-21	820.8	825.4	815.0	819.6	245	1797	0.0
2022-04-22	822.0	834.2	811.0	817.8	276	1691	0.0
2022-04-25	812.8	820.2	808.2	812.2	214	1591	0.0
2022-04-26	819.4	820.6	811.6	815.4	294	1371	0.0
2022-04-27	812.8	817.2	809.8	812.6	166	1226	0.0
2022-04-28	815.4	819.6	810.8	819.2	241	1083	0.0
2022-04-29	816.6	833.0	804.8	820.2	508	770	0.0
2022-05-05	835.0	864.0	830.6	848.4	170	775	0.0
2022-05-06	850.2	855.4	815.6	844.4	194	782	0.0
2022-05-09	826.6	837.4	823.4	837.4	81	768	0.0
2022-05-10	838.2	838.2	820.4	820.4	125	676	0.0
2022-05-11	821.6	833.6	821.6	824.2	33	655	0.0
2022-05-12	826.2	835.8	826.2	828.6	44	616	0.0
2022-05-13	818.6	838.6	818.6	838.6	72	617	0.0
2022-05-16	843.2	843.6	833.4	837.0	46	617	0.0
2022-05-17	837.0	872.0	837.0	841.0	75	605	0.0
2022-05-18	838.2	839.8	838.2	839.8	21	586	0.0
数据来源:通达信
